# best_solutions_for_time
bitstring,rank,join_order,cost,time_ms,used_fallback,energy,count,probability
0011110111,0,"[2, 1, 3, 0]",9300,1.9562244415283203,False,14.909436005722952,198,0.0193359375
0011110111,1,"[2, 1, 0, 3]",600,1.9872188568115234,True,14.909436005722952,198,0.0193359375
0011010101,2,"[1, 0, 3, 2]",465,16.780853271484375,True,14.110739454205536,84,0.008203125
1001010001,3,"[0, 1, 2, 3]",315,24.318695068359375,True,11.18188720114459,71,0.00693359375

# all_solutions
bitstring,index,join_order,cost,time_ms,used_fallback,energy,count,probability
0011110111,0,"[2, 1, 3, 0]",9300,1.9562244415283203,False,14.909436005722952,198,0.0193359375
0011110111,1,"[2, 1, 0, 3]",600,1.9872188568115234,True,14.909436005722952,198,0.0193359375
0011110111,2,"[2, 1, 3, 0]",9300,2.0132064819335938,False,14.909436005722952,198,0.0193359375
0011110111,3,"[2, 1, 0, 3]",600,2.0301342010498047,True,14.909436005722952,198,0.0193359375
0011110111,4,"[2, 1, 3, 0]",9300,2.0515918731689453,False,14.909436005722952,198,0.0193359375
0011110111,5,"[2, 1, 0, 3]",600,2.067089080810547,True,14.909436005722952,198,0.0193359375
0011110111,6,"[2, 1, 3, 0]",9300,2.087116241455078,False,14.909436005722952,198,0.0193359375
0011110111,7,"[2, 1, 0, 3]",600,2.1016597747802734,True,14.909436005722952,198,0.0193359375
0011110111,8,"[2, 1, 3, 0]",9300,2.120494842529297,False,14.909436005722952,198,0.0193359375
0011110111,9,"[2, 1, 0, 3]",600,2.1352767944335938,True,14.909436005722952,198,0.0193359375
0011110111,10,"[2, 1, 3, 0]",9300,2.1538734436035156,False,14.909436005722952,198,0.0193359375
0011110111,11,"[2, 1, 0, 3]",600,2.1681785583496094,True,14.909436005722952,198,0.0193359375
0011110111,12,"[2, 1, 3, 0]",9300,2.1867752075195312,False,14.909436005722952,198,0.0193359375
0011110111,13,"[2, 1, 0, 3]",600,2.201080322265625,True,14.909436005722952,198,0.0193359375
0011110111,14,"[2, 1, 3, 0]",9300,2.2192001342773438,False,14.909436005722952,198,0.0193359375
0011110111,15,"[2, 1, 0, 3]",600,2.233266830444336,True,14.909436005722952,198,0.0193359375
0011110111,16,"[2, 1, 3, 0]",9300,2.251148223876953,False,14.909436005722952,198,0.0193359375
0011110111,17,"[2, 1, 0, 3]",600,2.2649765014648438,True,14.909436005722952,198,0.0193359375
0011110111,18,"[2, 1, 3, 0]",9300,2.282857894897461,False,14.909436005722952,198,0.0193359375
0011110111,19,"[2, 1, 0, 3]",600,2.296924591064453,True,14.909436005722952,198,0.0193359375
0011110111,20,"[2, 1, 3, 0]",9300,2.315521240234375,False,14.909436005722952,198,0.0193359375
0011110111,21,"[2, 1, 0, 3]",600,2.3298263549804688,True,14.909436005722952,198,0.0193359375
0011110111,22,"[2, 1, 3, 0]",9300,2.3479461669921875,False,14.909436005722952,198,0.0193359375
0011110111,23,"[2, 1, 0, 3]",600,2.361774444580078,True,14.909436005722952,198,0.0193359375
0011110111,24,"[2, 1, 3, 0]",9300,2.38037109375,False,14.909436005722952,198,0.0193359375
0011110111,25,"[2, 1, 0, 3]",600,2.395153045654297,True,14.909436005722952,198,0.0193359375
0011110111,26,"[2, 1, 3, 0]",9300,2.4137496948242188,False,14.909436005722952,198,0.0193359375
0011110111,27,"[2, 1, 0, 3]",600,2.4275779724121094,True,14.909436005722952,198,0.0193359375
0011110111,28,"[2, 1, 3, 0]",9300,2.445697784423828,False,14.909436005722952,198,0.0193359375
0011110111,29,"[2, 1, 0, 3]",600,2.4590492248535156,True,14.909436005722952,198,0.0193359375
0011110111,30,"[2, 1, 3, 0]",9300,2.476930618286133,False,14.909436005722952,198,0.0193359375
0011110111,31,"[2, 1, 0, 3]",600,2.4902820587158203,True,14.909436005722952,198,0.0193359375
0011110111,32,"[2, 1, 3, 0]",9300,2.5081634521484375,False,14.909436005722952,198,0.0193359375
0011110111,33,"[2, 1, 0, 3]",600,2.521514892578125,True,14.909436005722952,198,0.0193359375
0011110111,34,"[2, 1, 3, 0]",9300,2.5396347045898438,False,14.909436005722952,198,0.0193359375
0011110111,35,"[2, 1, 0, 3]",600,2.553224563598633,True,14.909436005722952,198,0.0193359375
0011110111,36,"[2, 1, 3, 0]",9300,2.571582794189453,False,14.909436005722952,198,0.0193359375
0011110111,37,"[2, 1, 0, 3]",600,2.5854110717773438,True,14.909436005722952,198,0.0193359375
0011110111,38,"[2, 1, 3, 0]",9300,2.6035308837890625,False,14.909436005722952,198,0.0193359375
0011110111,39,"[2, 1, 0, 3]",600,2.61688232421875,True,14.909436005722952,198,0.0193359375
0011110111,40,"[2, 1, 3, 0]",9300,2.6352405548095703,False,14.909436005722952,198,0.0193359375
0011110111,41,"[2, 1, 0, 3]",600,2.649068832397461,True,14.909436005722952,198,0.0193359375
0011110111,42,"[2, 1, 3, 0]",9300,2.666950225830078,False,14.909436005722952,198,0.0193359375
0011110111,43,"[2, 1, 0, 3]",600,2.6803016662597656,True,14.909436005722952,198,0.0193359375
0011110111,44,"[2, 1, 3, 0]",9300,2.698183059692383,False,14.909436005722952,198,0.0193359375
0011110111,45,"[2, 1, 0, 3]",600,2.711772918701172,True,14.909436005722952,198,0.0193359375
0011110111,46,"[2, 1, 3, 0]",9300,2.730131149291992,False,14.909436005722952,198,0.0193359375
0011110111,47,"[2, 1, 0, 3]",600,2.7437210083007812,True,14.909436005722952,198,0.0193359375
0011110111,48,"[2, 1, 3, 0]",9300,2.7620792388916016,False,14.909436005722952,198,0.0193359375
0011110111,49,"[2, 1, 0, 3]",600,2.775907516479492,True,14.909436005722952,198,0.0193359375
0011110111,50,"[2, 1, 3, 0]",9300,2.7937889099121094,False,14.909436005722952,198,0.0193359375
0011110111,51,"[2, 1, 0, 3]",600,2.8078556060791016,True,14.909436005722952,198,0.0193359375
0011110111,52,"[2, 1, 3, 0]",9300,2.8257369995117188,False,14.909436005722952,198,0.0193359375
0011110111,53,"[2, 1, 0, 3]",600,2.839803695678711,True,14.909436005722952,198,0.0193359375
0011110111,54,"[2, 1, 3, 0]",9300,2.8574466705322266,False,14.909436005722952,198,0.0193359375
0011110111,55,"[2, 1, 0, 3]",600,2.871274948120117,True,14.909436005722952,198,0.0193359375
0011110111,56,"[2, 1, 3, 0]",9300,2.8891563415527344,False,14.909436005722952,198,0.0193359375
0011110111,57,"[2, 1, 0, 3]",600,2.902984619140625,True,14.909436005722952,198,0.0193359375
0011110111,58,"[2, 1, 3, 0]",9300,2.920866012573242,False,14.909436005722952,198,0.0193359375
0011110111,59,"[2, 1, 0, 3]",600,2.934694290161133,True,14.909436005722952,198,0.0193359375
0011110111,60,"[2, 1, 3, 0]",9300,2.95257568359375,False,14.909436005722952,198,0.0193359375
0011110111,61,"[2, 1, 0, 3]",600,2.9664039611816406,True,14.909436005722952,198,0.0193359375
0011110111,62,"[2, 1, 3, 0]",9300,2.984285354614258,False,14.909436005722952,198,0.0193359375
0011110111,63,"[2, 1, 0, 3]",600,2.997875213623047,True,14.909436005722952,198,0.0193359375
0011110111,64,"[2, 1, 3, 0]",9300,3.0155181884765625,False,14.909436005722952,198,0.0193359375
0011110111,65,"[2, 1, 0, 3]",600,3.029346466064453,True,14.909436005722952,198,0.0193359375
0011110111,66,"[2, 1, 3, 0]",9300,3.0469894409179688,False,14.909436005722952,198,0.0193359375
0011110111,67,"[2, 1, 0, 3]",600,3.060579299926758,True,14.909436005722952,198,0.0193359375
0011110111,68,"[2, 1, 3, 0]",9300,3.0782222747802734,False,14.909436005722952,198,0.0193359375
0011110111,69,"[2, 1, 0, 3]",600,3.0913352966308594,True,14.909436005722952,198,0.0193359375
0011110111,70,"[2, 1, 3, 0]",9300,3.1092166900634766,False,14.909436005722952,198,0.0193359375
0011110111,71,"[2, 1, 0, 3]",600,3.1223297119140625,True,14.909436005722952,198,0.0193359375
0011110111,72,"[2, 1, 3, 0]",9300,3.139972686767578,False,14.909436005722952,198,0.0193359375
0011110111,73,"[2, 1, 0, 3]",600,3.153562545776367,True,14.909436005722952,198,0.0193359375
0011110111,74,"[2, 1, 3, 0]",9300,3.171205520629883,False,14.909436005722952,198,0.0193359375
0011110111,75,"[2, 1, 0, 3]",600,3.184795379638672,True,14.909436005722952,198,0.0193359375
0011110111,76,"[2, 1, 3, 0]",9300,3.202676773071289,False,14.909436005722952,198,0.0193359375
0011110111,77,"[2, 1, 0, 3]",600,3.216266632080078,True,14.909436005722952,198,0.0193359375
0011110111,78,"[2, 1, 3, 0]",9300,3.2341480255126953,False,14.909436005722952,198,0.0193359375
0011110111,79,"[2, 1, 0, 3]",600,3.2477378845214844,True,14.909436005722952,198,0.0193359375
0011110111,80,"[2, 1, 3, 0]",9300,3.265380859375,False,14.909436005722952,198,0.0193359375
0011110111,81,"[2, 1, 0, 3]",600,3.2787322998046875,True,14.909436005722952,198,0.0193359375
0011110111,82,"[2, 1, 3, 0]",9300,3.296375274658203,False,14.909436005722952,198,0.0193359375
0011110111,83,"[2, 1, 0, 3]",600,3.3097267150878906,True,14.909436005722952,198,0.0193359375
0011110111,84,"[2, 1, 3, 0]",9300,3.3271312713623047,False,14.909436005722952,198,0.0193359375
0011110111,85,"[2, 1, 0, 3]",600,3.3407211303710938,True,14.909436005722952,198,0.0193359375
0011110111,86,"[2, 1, 3, 0]",9300,3.3583641052246094,False,14.909436005722952,198,0.0193359375
0011110111,87,"[2, 1, 0, 3]",600,3.3719539642333984,True,14.909436005722952,198,0.0193359375
0011110111,88,"[2, 1, 3, 0]",9300,3.3898353576660156,False,14.909436005722952,198,0.0193359375
0011110111,89,"[2, 1, 0, 3]",600,3.403902053833008,True,14.909436005722952,198,0.0193359375
0011110111,90,"[2, 1, 3, 0]",9300,3.421783447265625,False,14.909436005722952,198,0.0193359375
0011110111,91,"[2, 1, 0, 3]",600,3.435373306274414,True,14.909436005722952,198,0.0193359375
0011110111,92,"[2, 1, 3, 0]",9300,3.453493118286133,False,14.909436005722952,198,0.0193359375
0011110111,93,"[2, 1, 0, 3]",600,3.467082977294922,True,14.909436005722952,198,0.0193359375
0011110111,94,"[2, 1, 3, 0]",9300,3.4852027893066406,False,14.909436005722952,198,0.0193359375
0011110111,95,"[2, 1, 0, 3]",600,3.4990310668945312,True,14.909436005722952,198,0.0193359375
0011110111,96,"[2, 1, 3, 0]",9300,3.5169124603271484,False,14.909436005722952,198,0.0193359375
0011110111,97,"[2, 1, 0, 3]",600,3.5305023193359375,True,14.909436005722952,198,0.0193359375
0011110111,98,"[2, 1, 3, 0]",9300,3.5483837127685547,False,14.909436005722952,198,0.0193359375
0011110111,99,"[2, 1, 0, 3]",600,3.5619735717773438,True,14.909436005722952,198,0.0193359375
0011110111,100,"[2, 1, 3, 0]",9300,3.5796165466308594,False,14.909436005722952,198,0.0193359375
0011110111,101,"[2, 1, 0, 3]",600,3.592967987060547,True,14.909436005722952,198,0.0193359375
0011110111,102,"[2, 1, 3, 0]",9300,3.610849380493164,False,14.909436005722952,198,0.0193359375
0011110111,103,"[2, 1, 0, 3]",600,3.6242008209228516,True,14.909436005722952,198,0.0193359375
0011110111,104,"[2, 1, 3, 0]",9300,3.6420822143554688,False,14.909436005722952,198,0.0193359375
0011110111,105,"[2, 1, 0, 3]",600,3.655672073364258,True,14.909436005722952,198,0.0193359375
0011110111,106,"[2, 1, 3, 0]",9300,3.6733150482177734,False,14.909436005722952,198,0.0193359375
0011110111,107,"[2, 1, 0, 3]",600,3.6873817443847656,True,14.909436005722952,198,0.0193359375
0011110111,108,"[2, 1, 3, 0]",9300,3.7050247192382812,False,14.909436005722952,198,0.0193359375
0011110111,109,"[2, 1, 0, 3]",600,3.7186145782470703,True,14.909436005722952,198,0.0193359375
0011110111,110,"[2, 1, 3, 0]",9300,3.7364959716796875,False,14.909436005722952,198,0.0193359375
0011110111,111,"[2, 1, 0, 3]",600,3.749847412109375,True,14.909436005722952,198,0.0193359375
0011110111,112,"[2, 1, 3, 0]",9300,3.767728805541992,False,14.909436005722952,198,0.0193359375
0011110111,113,"[2, 1, 0, 3]",600,3.7810802459716797,True,14.909436005722952,198,0.0193359375
0011110111,114,"[2, 1, 3, 0]",9300,3.7984848022460938,False,14.909436005722952,198,0.0193359375
0011110111,115,"[2, 1, 0, 3]",600,3.812074661254883,True,14.909436005722952,198,0.0193359375
0011110111,116,"[2, 1, 3, 0]",9300,3.8299560546875,False,14.909436005722952,198,0.0193359375
0011110111,117,"[2, 1, 0, 3]",600,3.850221633911133,True,14.909436005722952,198,0.0193359375
0011110111,118,"[2, 1, 3, 0]",9300,3.8688182830810547,False,14.909436005722952,198,0.0193359375
0011110111,119,"[2, 1, 0, 3]",600,3.946542739868164,True,14.909436005722952,198,0.0193359375
0011110111,120,"[2, 1, 3, 0]",9300,3.966093063354492,False,14.909436005722952,198,0.0193359375
0011110111,121,"[2, 1, 0, 3]",600,3.9796829223632812,True,14.909436005722952,198,0.0193359375
0011110111,122,"[2, 1, 3, 0]",9300,3.997802734375,False,14.909436005722952,198,0.0193359375
0011110111,123,"[2, 1, 0, 3]",600,4.0111541748046875,True,14.909436005722952,198,0.0193359375
0011110111,124,"[2, 1, 3, 0]",9300,4.029273986816406,False,14.909436005722952,198,0.0193359375
0011110111,125,"[2, 1, 0, 3]",600,4.043102264404297,True,14.909436005722952,198,0.0193359375
0011110111,126,"[2, 1, 3, 0]",9300,4.061698913574219,False,14.909436005722952,198,0.0193359375
0011110111,127,"[2, 1, 0, 3]",600,4.076242446899414,True,14.909436005722952,198,0.0193359375
0011110111,128,"[2, 1, 3, 0]",9300,4.094362258911133,False,14.909436005722952,198,0.0193359375
0011110111,129,"[2, 1, 0, 3]",600,4.107952117919922,True,14.909436005722952,198,0.0193359375
0011110111,130,"[2, 1, 3, 0]",9300,4.125833511352539,False,14.909436005722952,198,0.0193359375
0011110111,131,"[2, 1, 0, 3]",600,4.139423370361328,True,14.909436005722952,198,0.0193359375
0011110111,132,"[2, 1, 3, 0]",9300,4.157304763793945,False,14.909436005722952,198,0.0193359375
0011110111,133,"[2, 1, 0, 3]",600,4.170656204223633,True,14.909436005722952,198,0.0193359375
0011110111,134,"[2, 1, 3, 0]",9300,4.18853759765625,False,14.909436005722952,198,0.0193359375
0011110111,135,"[2, 1, 0, 3]",600,4.2018890380859375,True,14.909436005722952,198,0.0193359375
0011110111,136,"[2, 1, 3, 0]",9300,4.219532012939453,False,14.909436005722952,198,0.0193359375
0011110111,137,"[2, 1, 0, 3]",600,4.232883453369141,True,14.909436005722952,198,0.0193359375
0011110111,138,"[2, 1, 3, 0]",9300,4.251003265380859,False,14.909436005722952,198,0.0193359375
0011110111,139,"[2, 1, 0, 3]",600,4.264593124389648,True,14.909436005722952,198,0.0193359375
0011110111,140,"[2, 1, 3, 0]",9300,4.282474517822266,False,14.909436005722952,198,0.0193359375
0011110111,141,"[2, 1, 0, 3]",600,4.296302795410156,True,14.909436005722952,198,0.0193359375
0011110111,142,"[2, 1, 3, 0]",9300,4.314422607421875,False,14.909436005722952,198,0.0193359375
0011110111,143,"[2, 1, 0, 3]",600,4.328250885009766,True,14.909436005722952,198,0.0193359375
0011110111,144,"[2, 1, 3, 0]",9300,4.346370697021484,False,14.909436005722952,198,0.0193359375
0011110111,145,"[2, 1, 0, 3]",600,4.359960556030273,True,14.909436005722952,198,0.0193359375
0011110111,146,"[2, 1, 3, 0]",9300,4.377603530883789,False,14.909436005722952,198,0.0193359375
0011110111,147,"[2, 1, 0, 3]",600,4.391193389892578,True,14.909436005722952,198,0.0193359375
0011110111,148,"[2, 1, 3, 0]",9300,4.409074783325195,False,14.909436005722952,198,0.0193359375
0011110111,149,"[2, 1, 0, 3]",600,4.422903060913086,True,14.909436005722952,198,0.0193359375
0011110111,150,"[2, 1, 3, 0]",9300,4.441022872924805,False,14.909436005722952,198,0.0193359375
0011110111,151,"[2, 1, 0, 3]",600,4.454851150512695,True,14.909436005722952,198,0.0193359375
0011110111,152,"[2, 1, 3, 0]",9300,4.472494125366211,False,14.909436005722952,198,0.0193359375
0011110111,153,"[2, 1, 0, 3]",600,4.485845565795898,True,14.909436005722952,198,0.0193359375
0011110111,154,"[2, 1, 3, 0]",9300,4.503488540649414,False,14.909436005722952,198,0.0193359375
0011110111,155,"[2, 1, 0, 3]",600,4.5166015625,True,14.909436005722952,198,0.0193359375
0011110111,156,"[2, 1, 3, 0]",9300,4.534482955932617,False,14.909436005722952,198,0.0193359375
0011110111,157,"[2, 1, 0, 3]",600,4.547834396362305,True,14.909436005722952,198,0.0193359375
0011110111,158,"[2, 1, 3, 0]",9300,4.56547737121582,False,14.909436005722952,198,0.0193359375
0011110111,159,"[2, 1, 0, 3]",600,4.579067230224609,True,14.909436005722952,198,0.0193359375
0011110111,160,"[2, 1, 3, 0]",9300,4.596948623657227,False,14.909436005722952,198,0.0193359375
0011110111,161,"[2, 1, 0, 3]",600,4.610538482666016,True,14.909436005722952,198,0.0193359375
0011110111,162,"[2, 1, 3, 0]",9300,4.628181457519531,False,14.909436005722952,198,0.0193359375
0011110111,163,"[2, 1, 0, 3]",600,4.64177131652832,True,14.909436005722952,198,0.0193359375
0011110111,164,"[2, 1, 3, 0]",9300,4.6596527099609375,False,14.909436005722952,198,0.0193359375
0011110111,165,"[2, 1, 0, 3]",600,4.673242568969727,True,14.909436005722952,198,0.0193359375
0011110111,166,"[2, 1, 3, 0]",9300,4.691123962402344,False,14.909436005722952,198,0.0193359375
0011110111,167,"[2, 1, 0, 3]",600,4.704713821411133,True,14.909436005722952,198,0.0193359375
0011110111,168,"[2, 1, 3, 0]",9300,4.72259521484375,False,14.909436005722952,198,0.0193359375
0011110111,169,"[2, 1, 0, 3]",600,4.736423492431641,True,14.909436005722952,198,0.0193359375
0011110111,170,"[2, 1, 3, 0]",9300,4.754304885864258,False,14.909436005722952,198,0.0193359375
0011110111,171,"[2, 1, 0, 3]",600,4.767894744873047,True,14.909436005722952,198,0.0193359375
0011110111,172,"[2, 1, 3, 0]",9300,4.786014556884766,False,14.909436005722952,198,0.0193359375
0011110111,173,"[2, 1, 0, 3]",600,4.799365997314453,True,14.909436005722952,198,0.0193359375
0011110111,174,"[2, 1, 3, 0]",9300,4.81724739074707,False,14.909436005722952,198,0.0193359375
0011110111,175,"[2, 1, 0, 3]",600,4.831075668334961,True,14.909436005722952,198,0.0193359375
0011110111,176,"[2, 1, 3, 0]",9300,4.849433898925781,False,14.909436005722952,198,0.0193359375
0011110111,177,"[2, 1, 0, 3]",600,4.862546920776367,True,14.909436005722952,198,0.0193359375
0011110111,178,"[2, 1, 3, 0]",9300,4.884958267211914,False,14.909436005722952,198,0.0193359375
0011110111,179,"[2, 1, 0, 3]",600,4.8980712890625,True,14.909436005722952,198,0.0193359375
0011110111,180,"[2, 1, 3, 0]",9300,4.915952682495117,False,14.909436005722952,198,0.0193359375
0011110111,181,"[2, 1, 0, 3]",600,4.929304122924805,True,14.909436005722952,198,0.0193359375
0011110111,182,"[2, 1, 3, 0]",9300,4.947185516357422,False,14.909436005722952,198,0.0193359375
0011110111,183,"[2, 1, 0, 3]",600,4.960536956787109,True,14.909436005722952,198,0.0193359375
0011110111,184,"[2, 1, 3, 0]",9300,4.978418350219727,False,14.909436005722952,198,0.0193359375
0011110111,185,"[2, 1, 0, 3]",600,4.991769790649414,True,14.909436005722952,198,0.0193359375
0011110111,186,"[2, 1, 3, 0]",9300,5.009651184082031,False,14.909436005722952,198,0.0193359375
0011110111,187,"[2, 1, 0, 3]",600,5.022287368774414,True,14.909436005722952,198,0.0193359375
0011110111,188,"[2, 1, 3, 0]",9300,5.040407180786133,False,14.909436005722952,198,0.0193359375
0011110111,189,"[2, 1, 0, 3]",600,5.053043365478516,True,14.909436005722952,198,0.0193359375
0011110111,190,"[2, 1, 3, 0]",9300,5.071163177490234,False,14.909436005722952,198,0.0193359375
0011110111,191,"[2, 1, 0, 3]",600,5.084514617919922,True,14.909436005722952,198,0.0193359375
0011110111,192,"[2, 1, 3, 0]",9300,5.102396011352539,False,14.909436005722952,198,0.0193359375
0011110111,193,"[2, 1, 0, 3]",600,5.115747451782227,True,14.909436005722952,198,0.0193359375
0011110111,194,"[2, 1, 3, 0]",9300,5.133390426635742,False,14.909436005722952,198,0.0193359375
0011110111,195,"[2, 1, 0, 3]",600,5.146980285644531,True,14.909436005722952,198,0.0193359375
0011110111,196,"[2, 1, 3, 0]",9300,5.164623260498047,False,14.909436005722952,198,0.0193359375
0011110111,197,"[2, 1, 0, 3]",600,5.177974700927734,True,14.909436005722952,198,0.0193359375
0011110111,198,"[2, 1, 3, 0]",9300,5.195379257202148,False,14.909436005722952,198,0.0193359375
0011110111,199,"[2, 1, 0, 3]",600,5.208730697631836,True,14.909436005722952,198,0.0193359375
0011110111,200,"[2, 1, 3, 0]",9300,5.226373672485352,False,14.909436005722952,198,0.0193359375
0011110111,201,"[2, 1, 0, 3]",600,5.239963531494141,True,14.909436005722952,198,0.0193359375
0011110111,202,"[2, 1, 3, 0]",9300,5.257844924926758,False,14.909436005722952,198,0.0193359375
0011110111,203,"[2, 1, 0, 3]",600,5.271196365356445,True,14.909436005722952,198,0.0193359375
0011110111,204,"[2, 1, 3, 0]",9300,5.288839340209961,False,14.909436005722952,198,0.0193359375
0011110111,205,"[2, 1, 0, 3]",600,5.30242919921875,True,14.909436005722952,198,0.0193359375
0011110111,206,"[2, 1, 3, 0]",9300,5.320549011230469,False,14.909436005722952,198,0.0193359375
0011110111,207,"[2, 1, 0, 3]",600,5.333900451660156,True,14.909436005722952,198,0.0193359375
0011110111,208,"[2, 1, 3, 0]",9300,5.351781845092773,False,14.909436005722952,198,0.0193359375
0011110111,209,"[2, 1, 0, 3]",600,5.364894866943359,True,14.909436005722952,198,0.0193359375
0011110111,210,"[2, 1, 3, 0]",9300,5.382537841796875,False,14.909436005722952,198,0.0193359375
0011110111,211,"[2, 1, 0, 3]",600,5.3958892822265625,True,14.909436005722952,198,0.0193359375
0011110111,212,"[2, 1, 3, 0]",9300,5.413532257080078,False,14.909436005722952,198,0.0193359375
0011110111,213,"[2, 1, 0, 3]",600,5.426645278930664,True,14.909436005722952,198,0.0193359375
0011110111,214,"[2, 1, 3, 0]",9300,5.44428825378418,False,14.909436005722952,198,0.0193359375
0011110111,215,"[2, 1, 0, 3]",600,5.457639694213867,True,14.909436005722952,198,0.0193359375
0011110111,216,"[2, 1, 3, 0]",9300,5.475521087646484,False,14.909436005722952,198,0.0193359375
0011110111,217,"[2, 1, 0, 3]",600,5.48863410949707,True,14.909436005722952,198,0.0193359375
0011110111,218,"[2, 1, 3, 0]",9300,5.506038665771484,False,14.909436005722952,198,0.0193359375
0011110111,219,"[2, 1, 0, 3]",600,5.51915168762207,True,14.909436005722952,198,0.0193359375
0011110111,220,"[2, 1, 3, 0]",9300,5.536794662475586,False,14.909436005722952,198,0.0193359375
0011110111,221,"[2, 1, 0, 3]",600,5.549907684326172,True,14.909436005722952,198,0.0193359375
0011110111,222,"[2, 1, 3, 0]",9300,5.568027496337891,False,14.909436005722952,198,0.0193359375
0011110111,223,"[2, 1, 0, 3]",600,5.581378936767578,True,14.909436005722952,198,0.0193359375
0011110111,224,"[2, 1, 3, 0]",9300,5.615472793579102,False,14.909436005722952,198,0.0193359375
0011110111,225,"[2, 1, 0, 3]",600,5.629777908325195,True,14.909436005722952,198,0.0193359375
0011110111,226,"[2, 1, 3, 0]",9300,5.649089813232422,False,14.909436005722952,198,0.0193359375
0011110111,227,"[2, 1, 0, 3]",600,5.663633346557617,True,14.909436005722952,198,0.0193359375
0011110111,228,"[2, 1, 3, 0]",9300,5.684852600097656,False,14.909436005722952,198,0.0193359375
0011110111,229,"[2, 1, 0, 3]",600,5.69915771484375,True,14.909436005722952,198,0.0193359375
0011110111,230,"[2, 1, 3, 0]",9300,5.717992782592773,False,14.909436005722952,198,0.0193359375
0011110111,231,"[2, 1, 0, 3]",600,5.732059478759766,True,14.909436005722952,198,0.0193359375
0011110111,232,"[2, 1, 3, 0]",9300,5.7506561279296875,False,14.909436005722952,198,0.0193359375
0011110111,233,"[2, 1, 0, 3]",600,5.764484405517578,True,14.909436005722952,198,0.0193359375
0011110111,234,"[2, 1, 3, 0]",9300,5.783557891845703,False,14.909436005722952,198,0.0193359375
0011110111,235,"[2, 1, 0, 3]",600,5.797624588012695,True,14.909436005722952,198,0.0193359375
0011110111,236,"[2, 1, 3, 0]",9300,5.816221237182617,False,14.909436005722952,198,0.0193359375
0011110111,237,"[2, 1, 0, 3]",600,5.830049514770508,True,14.909436005722952,198,0.0193359375
0011110111,238,"[2, 1, 3, 0]",9300,5.848407745361328,False,14.909436005722952,198,0.0193359375
0011110111,239,"[2, 1, 0, 3]",600,5.862236022949219,True,14.909436005722952,198,0.0193359375
0011110111,240,"[2, 1, 3, 0]",9300,5.880832672119141,False,14.909436005722952,198,0.0193359375
0011110111,241,"[2, 1, 0, 3]",600,5.894660949707031,True,14.909436005722952,198,0.0193359375
0011110111,242,"[2, 1, 3, 0]",9300,5.913257598876953,False,14.909436005722952,198,0.0193359375
0011110111,243,"[2, 1, 0, 3]",600,5.927085876464844,True,14.909436005722952,198,0.0193359375
0011110111,244,"[2, 1, 3, 0]",9300,5.945682525634766,False,14.909436005722952,198,0.0193359375
0011110111,245,"[2, 1, 0, 3]",600,5.959749221801758,True,14.909436005722952,198,0.0193359375
0011110111,246,"[2, 1, 3, 0]",9300,5.97834587097168,False,14.909436005722952,198,0.0193359375
0011110111,247,"[2, 1, 0, 3]",600,5.992650985717773,True,14.909436005722952,198,0.0193359375
0011110111,248,"[2, 1, 3, 0]",9300,6.011009216308594,False,14.909436005722952,198,0.0193359375
0011110111,249,"[2, 1, 0, 3]",600,6.025075912475586,True,14.909436005722952,198,0.0193359375
0011110111,250,"[2, 1, 3, 0]",9300,6.043672561645508,False,14.909436005722952,198,0.0193359375
0011110111,251,"[2, 1, 0, 3]",600,6.057262420654297,True,14.909436005722952,198,0.0193359375
0011110111,252,"[2, 1, 3, 0]",9300,6.076335906982422,False,14.909436005722952,198,0.0193359375
0011110111,253,"[2, 1, 0, 3]",600,6.0901641845703125,True,14.909436005722952,198,0.0193359375
0011110111,254,"[2, 1, 3, 0]",9300,6.108283996582031,False,14.909436005722952,198,0.0193359375
0011110111,255,"[2, 1, 0, 3]",600,6.122350692749023,True,14.909436005722952,198,0.0193359375
0011110111,256,"[2, 1, 3, 0]",9300,6.140947341918945,False,14.909436005722952,198,0.0193359375
0011110111,257,"[2, 1, 0, 3]",600,6.1550140380859375,True,14.909436005722952,198,0.0193359375
0011110111,258,"[2, 1, 3, 0]",9300,6.173372268676758,False,14.909436005722952,198,0.0193359375
0011110111,259,"[2, 1, 0, 3]",600,6.187200546264648,True,14.909436005722952,198,0.0193359375
0011110111,260,"[2, 1, 3, 0]",9300,6.20579719543457,False,14.909436005722952,198,0.0193359375
0011110111,261,"[2, 1, 0, 3]",600,6.219625473022461,True,14.909436005722952,198,0.0193359375
0011110111,262,"[2, 1, 3, 0]",9300,6.238222122192383,False,14.909436005722952,198,0.0193359375
0011110111,263,"[2, 1, 0, 3]",600,6.252050399780273,True,14.909436005722952,198,0.0193359375
0011110111,264,"[2, 1, 3, 0]",9300,6.270647048950195,False,14.909436005722952,198,0.0193359375
0011110111,265,"[2, 1, 0, 3]",600,6.284236907958984,True,14.909436005722952,198,0.0193359375
0011110111,266,"[2, 1, 3, 0]",9300,6.302595138549805,False,14.909436005722952,198,0.0193359375
0011110111,267,"[2, 1, 0, 3]",600,6.316423416137695,True,14.909436005722952,198,0.0193359375
0011110111,268,"[2, 1, 3, 0]",9300,6.334781646728516,False,14.909436005722952,198,0.0193359375
0011110111,269,"[2, 1, 0, 3]",600,6.348848342895508,True,14.909436005722952,198,0.0193359375
0011110111,270,"[2, 1, 3, 0]",9300,6.36744499206543,False,14.909436005722952,198,0.0193359375
0011110111,271,"[2, 1, 0, 3]",600,6.38127326965332,True,14.909436005722952,198,0.0193359375
0011110111,272,"[2, 1, 3, 0]",9300,6.399631500244141,False,14.909436005722952,198,0.0193359375
0011110111,273,"[2, 1, 0, 3]",600,6.413698196411133,True,14.909436005722952,198,0.0193359375
0011110111,274,"[2, 1, 3, 0]",9300,6.432056427001953,False,14.909436005722952,198,0.0193359375
0011110111,275,"[2, 1, 0, 3]",600,6.445884704589844,True,14.909436005722952,198,0.0193359375
0011110111,276,"[2, 1, 3, 0]",9300,6.464958190917969,False,14.909436005722952,198,0.0193359375
0011110111,277,"[2, 1, 0, 3]",600,6.479501724243164,True,14.909436005722952,198,0.0193359375
0011110111,278,"[2, 1, 3, 0]",9300,6.500244140625,False,14.909436005722952,198,0.0193359375
0011110111,279,"[2, 1, 0, 3]",600,6.514549255371094,True,14.909436005722952,198,0.0193359375
0011110111,280,"[2, 1, 3, 0]",9300,6.533384323120117,False,14.909436005722952,198,0.0193359375
0011110111,281,"[2, 1, 0, 3]",600,6.547451019287109,True,14.909436005722952,198,0.0193359375
0011110111,282,"[2, 1, 3, 0]",9300,6.56580924987793,False,14.909436005722952,198,0.0193359375
0011110111,283,"[2, 1, 0, 3]",600,6.579399108886719,True,14.909436005722952,198,0.0193359375
0011110111,284,"[2, 1, 3, 0]",9300,6.597757339477539,False,14.909436005722952,198,0.0193359375
0011110111,285,"[2, 1, 0, 3]",600,6.611824035644531,True,14.909436005722952,198,0.0193359375
0011110111,286,"[2, 1, 3, 0]",9300,6.630420684814453,False,14.909436005722952,198,0.0193359375
0011110111,287,"[2, 1, 0, 3]",600,6.644248962402344,True,14.909436005722952,198,0.0193359375
0011110111,288,"[2, 1, 3, 0]",9300,6.662607192993164,False,14.909436005722952,198,0.0193359375
0011110111,289,"[2, 1, 0, 3]",600,6.676435470581055,True,14.909436005722952,198,0.0193359375
0011110111,290,"[2, 1, 3, 0]",9300,6.704807281494141,False,14.909436005722952,198,0.0193359375
0011110111,291,"[2, 1, 0, 3]",600,6.718158721923828,True,14.909436005722952,198,0.0193359375
0011110111,292,"[2, 1, 3, 0]",9300,6.735801696777344,False,14.909436005722952,198,0.0193359375
0011110111,293,"[2, 1, 0, 3]",600,6.74891471862793,True,14.909436005722952,198,0.0193359375
0011110111,294,"[2, 1, 3, 0]",9300,6.766557693481445,False,14.909436005722952,198,0.0193359375
0011110111,295,"[2, 1, 0, 3]",600,6.779193878173828,True,14.909436005722952,198,0.0193359375
0011110111,296,"[2, 1, 3, 0]",9300,6.797075271606445,False,14.909436005722952,198,0.0193359375
0011110111,297,"[2, 1, 0, 3]",600,6.809711456298828,True,14.909436005722952,198,0.0193359375
0011110111,298,"[2, 1, 3, 0]",9300,6.827354431152344,False,14.909436005722952,198,0.0193359375
0011110111,299,"[2, 1, 0, 3]",600,6.840705871582031,True,14.909436005722952,198,0.0193359375
0011110111,300,"[2, 1, 3, 0]",9300,6.858587265014648,False,14.909436005722952,198,0.0193359375
0011110111,301,"[2, 1, 0, 3]",600,6.871938705444336,True,14.909436005722952,198,0.0193359375
0011110111,302,"[2, 1, 3, 0]",9300,6.889820098876953,False,14.909436005722952,198,0.0193359375
0011110111,303,"[2, 1, 0, 3]",600,6.903409957885742,True,14.909436005722952,198,0.0193359375
0011110111,304,"[2, 1, 3, 0]",9300,6.921291351318359,False,14.909436005722952,198,0.0193359375
0011110111,305,"[2, 1, 0, 3]",600,6.934642791748047,True,14.909436005722952,198,0.0193359375
0011110111,306,"[2, 1, 3, 0]",9300,6.9522857666015625,False,14.909436005722952,198,0.0193359375
0011110111,307,"[2, 1, 0, 3]",600,6.965398788452148,True,14.909436005722952,198,0.0193359375
0011110111,308,"[2, 1, 3, 0]",9300,6.983041763305664,False,14.909436005722952,198,0.0193359375
0011110111,309,"[2, 1, 0, 3]",600,6.99615478515625,True,14.909436005722952,198,0.0193359375
0011110111,310,"[2, 1, 3, 0]",9300,7.013797760009766,False,14.909436005722952,198,0.0193359375
0011110111,311,"[2, 1, 0, 3]",600,7.026910781860352,True,14.909436005722952,198,0.0193359375
0011110111,312,"[2, 1, 3, 0]",9300,7.044553756713867,False,14.909436005722952,198,0.0193359375
0011110111,313,"[2, 1, 0, 3]",600,7.057905197143555,True,14.909436005722952,198,0.0193359375
0011110111,314,"[2, 1, 3, 0]",9300,7.075786590576172,False,14.909436005722952,198,0.0193359375
0011110111,315,"[2, 1, 0, 3]",600,7.088899612426758,True,14.909436005722952,198,0.0193359375
0011110111,316,"[2, 1, 3, 0]",9300,7.106781005859375,False,14.909436005722952,198,0.0193359375
0011110111,317,"[2, 1, 0, 3]",600,7.119894027709961,True,14.909436005722952,198,0.0193359375
0011110111,318,"[2, 1, 3, 0]",9300,7.137775421142578,False,14.909436005722952,198,0.0193359375
0011110111,319,"[2, 1, 0, 3]",600,7.1506500244140625,True,14.909436005722952,198,0.0193359375
0011110111,320,"[2, 1, 3, 0]",9300,7.168769836425781,False,14.909436005722952,198,0.0193359375
0011110111,321,"[2, 1, 0, 3]",600,7.181882858276367,True,14.909436005722952,198,0.0193359375
0011110111,322,"[2, 1, 3, 0]",9300,7.200002670288086,False,14.909436005722952,198,0.0193359375
0011110111,323,"[2, 1, 0, 3]",600,7.21287727355957,True,14.909436005722952,198,0.0193359375
0011110111,324,"[2, 1, 3, 0]",9300,7.230520248413086,False,14.909436005722952,198,0.0193359375
0011110111,325,"[2, 1, 0, 3]",600,7.243633270263672,True,14.909436005722952,198,0.0193359375
0011110111,326,"[2, 1, 3, 0]",9300,7.261514663696289,False,14.909436005722952,198,0.0193359375
0011110111,327,"[2, 1, 0, 3]",600,7.27534294128418,True,14.909436005722952,198,0.0193359375
0011110111,328,"[2, 1, 3, 0]",9300,7.293701171875,False,14.909436005722952,198,0.0193359375
0011110111,329,"[2, 1, 0, 3]",600,7.307291030883789,True,14.909436005722952,198,0.0193359375
0011110111,330,"[2, 1, 3, 0]",9300,7.32731819152832,False,14.909436005722952,198,0.0193359375
0011110111,331,"[2, 1, 0, 3]",600,7.340908050537109,True,14.909436005722952,198,0.0193359375
0011110111,332,"[2, 1, 3, 0]",9300,7.358789443969727,False,14.909436005722952,198,0.0193359375
0011110111,333,"[2, 1, 0, 3]",600,7.372379302978516,True,14.909436005722952,198,0.0193359375
0011110111,334,"[2, 1, 3, 0]",9300,7.390022277832031,False,14.909436005722952,198,0.0193359375
0011110111,335,"[2, 1, 0, 3]",600,7.403373718261719,True,14.909436005722952,198,0.0193359375
0011110111,336,"[2, 1, 3, 0]",9300,7.421255111694336,False,14.909436005722952,198,0.0193359375
0011110111,337,"[2, 1, 0, 3]",600,7.434606552124023,True,14.909436005722952,198,0.0193359375
0011110111,338,"[2, 1, 3, 0]",9300,7.4520111083984375,False,14.909436005722952,198,0.0193359375
0011110111,339,"[2, 1, 0, 3]",600,7.465362548828125,True,14.909436005722952,198,0.0193359375
0011110111,340,"[2, 1, 3, 0]",9300,7.483482360839844,False,14.909436005722952,198,0.0193359375
0011110111,341,"[2, 1, 0, 3]",600,7.49659538269043,True,14.909436005722952,198,0.0193359375
0011110111,342,"[2, 1, 3, 0]",9300,7.514238357543945,False,14.909436005722952,198,0.0193359375
0011110111,343,"[2, 1, 0, 3]",600,7.527351379394531,True,14.909436005722952,198,0.0193359375
0011110111,344,"[2, 1, 3, 0]",9300,7.545232772827148,False,14.909436005722952,198,0.0193359375
0011110111,345,"[2, 1, 0, 3]",600,7.558584213256836,True,14.909436005722952,198,0.0193359375
0011110111,346,"[2, 1, 3, 0]",9300,7.576227188110352,False,14.909436005722952,198,0.0193359375
0011110111,347,"[2, 1, 0, 3]",600,7.5893402099609375,True,14.909436005722952,198,0.0193359375
0011110111,348,"[2, 1, 3, 0]",9300,7.606983184814453,False,14.909436005722952,198,0.0193359375
0011110111,349,"[2, 1, 0, 3]",600,7.620096206665039,True,14.909436005722952,198,0.0193359375
0011110111,350,"[2, 1, 3, 0]",9300,7.637739181518555,False,14.909436005722952,198,0.0193359375
0011110111,351,"[2, 1, 0, 3]",600,7.651090621948242,True,14.909436005722952,198,0.0193359375
0011110111,352,"[2, 1, 3, 0]",9300,7.67064094543457,False,14.909436005722952,198,0.0193359375
0011110111,353,"[2, 1, 0, 3]",600,7.683992385864258,True,14.909436005722952,198,0.0193359375
0011110111,354,"[2, 1, 3, 0]",9300,7.701396942138672,False,14.909436005722952,198,0.0193359375
0011110111,355,"[2, 1, 0, 3]",600,7.714986801147461,True,14.909436005722952,198,0.0193359375
0011110111,356,"[2, 1, 3, 0]",9300,7.733345031738281,False,14.909436005722952,198,0.0193359375
0011110111,357,"[2, 1, 0, 3]",600,7.746696472167969,True,14.909436005722952,198,0.0193359375
0011110111,358,"[2, 1, 3, 0]",9300,7.764339447021484,False,14.909436005722952,198,0.0193359375
0011110111,359,"[2, 1, 0, 3]",600,7.778167724609375,True,14.909436005722952,198,0.0193359375
0011110111,360,"[2, 1, 3, 0]",9300,7.795810699462891,False,14.909436005722952,198,0.0193359375
0011110111,361,"[2, 1, 0, 3]",600,7.80940055847168,True,14.909436005722952,198,0.0193359375
0011110111,362,"[2, 1, 3, 0]",9300,7.826805114746094,False,14.909436005722952,198,0.0193359375
0011110111,363,"[2, 1, 0, 3]",600,7.8449249267578125,True,14.909436005722952,198,0.0193359375
0011110111,364,"[2, 1, 3, 0]",9300,7.863283157348633,False,14.909436005722952,198,0.0193359375
0011110111,365,"[2, 1, 0, 3]",600,7.876873016357422,True,14.909436005722952,198,0.0193359375
0011110111,366,"[2, 1, 3, 0]",9300,7.894277572631836,False,14.909436005722952,198,0.0193359375
0011110111,367,"[2, 1, 0, 3]",600,7.907390594482422,True,14.909436005722952,198,0.0193359375
0011110111,368,"[2, 1, 3, 0]",9300,7.925271987915039,False,14.909436005722952,198,0.0193359375
0011110111,369,"[2, 1, 0, 3]",600,7.938385009765625,True,14.909436005722952,198,0.0193359375
0011110111,370,"[2, 1, 3, 0]",9300,7.956027984619141,False,14.909436005722952,198,0.0193359375
0011110111,371,"[2, 1, 0, 3]",600,7.969141006469727,True,14.909436005722952,198,0.0193359375
0011110111,372,"[2, 1, 3, 0]",9300,7.987022399902344,False,14.909436005722952,198,0.0193359375
0011110111,373,"[2, 1, 0, 3]",600,8.000373840332031,True,14.909436005722952,198,0.0193359375
0011110111,374,"[2, 1, 3, 0]",9300,8.01992416381836,False,14.909436005722952,198,0.0193359375
0011110111,375,"[2, 1, 0, 3]",600,8.033037185668945,True,14.909436005722952,198,0.0193359375
0011110111,376,"[2, 1, 3, 0]",9300,8.050680160522461,False,14.909436005722952,198,0.0193359375
0011110111,377,"[2, 1, 0, 3]",600,8.064508438110352,True,14.909436005722952,198,0.0193359375
0011110111,378,"[2, 1, 3, 0]",9300,8.082389831542969,False,14.909436005722952,198,0.0193359375
0011110111,379,"[2, 1, 0, 3]",600,8.095979690551758,True,14.909436005722952,198,0.0193359375
0011110111,380,"[2, 1, 3, 0]",9300,8.115291595458984,False,14.909436005722952,198,0.0193359375
0011110111,381,"[2, 1, 0, 3]",600,8.128643035888672,True,14.909436005722952,198,0.0193359375
0011110111,382,"[2, 1, 3, 0]",9300,8.146524429321289,False,14.909436005722952,198,0.0193359375
0011110111,383,"[2, 1, 0, 3]",600,8.159875869750977,True,14.909436005722952,198,0.0193359375
0011110111,384,"[2, 1, 3, 0]",9300,8.177518844604492,False,14.909436005722952,198,0.0193359375
0011110111,385,"[2, 1, 0, 3]",600,8.191108703613281,True,14.909436005722952,198,0.0193359375
0011110111,386,"[2, 1, 3, 0]",9300,8.208751678466797,False,14.909436005722952,198,0.0193359375
0011110111,387,"[2, 1, 0, 3]",600,8.222341537475586,True,14.909436005722952,198,0.0193359375
0011110111,388,"[2, 1, 3, 0]",9300,8.239984512329102,False,14.909436005722952,198,0.0193359375
0011110111,389,"[2, 1, 0, 3]",600,8.253335952758789,True,14.909436005722952,198,0.0193359375
0011110111,390,"[2, 1, 3, 0]",9300,8.270740509033203,False,14.909436005722952,198,0.0193359375
0011110111,391,"[2, 1, 0, 3]",600,8.28409194946289,True,14.909436005722952,198,0.0193359375
0011110111,392,"[2, 1, 3, 0]",9300,8.301734924316406,False,14.909436005722952,198,0.0193359375
0011110111,393,"[2, 1, 0, 3]",600,8.315324783325195,True,14.909436005722952,198,0.0193359375
0011110111,394,"[2, 1, 3, 0]",9300,8.334875106811523,False,14.909436005722952,198,0.0193359375
0011110111,395,"[2, 1, 0, 3]",600,8.348226547241211,True,14.909436005722952,198,0.0193359375
0001010101,396,"[3, 2, 1, 0]",9600,8.368730545043945,False,18.727548804578362,120,0.01171875
0001010101,397,"[3, 2, 1, 0]",9600,8.382797241210938,True,18.727548804578362,120,0.01171875
0001010101,398,"[3, 2, 1, 0]",9600,8.401155471801758,False,18.727548804578362,120,0.01171875
0001010101,399,"[3, 2, 1, 0]",9600,8.414268493652344,True,18.727548804578362,120,0.01171875
0001010101,400,"[3, 2, 1, 0]",9600,8.432149887084961,False,18.727548804578362,120,0.01171875
0001010101,401,"[3, 2, 1, 0]",9600,8.445024490356445,True,18.727548804578362,120,0.01171875
0001010101,402,"[3, 2, 1, 0]",9600,8.462667465209961,False,18.727548804578362,120,0.01171875
0001010101,403,"[3, 2, 1, 0]",9600,8.475780487060547,True,18.727548804578362,120,0.01171875
0001010101,404,"[3, 2, 1, 0]",9600,8.493185043334961,False,18.727548804578362,120,0.01171875
0001010101,405,"[3, 2, 1, 0]",9600,8.506059646606445,True,18.727548804578362,120,0.01171875
0001010101,406,"[3, 2, 1, 0]",9600,8.52346420288086,False,18.727548804578362,120,0.01171875
0001010101,407,"[3, 2, 1, 0]",9600,8.536338806152344,True,18.727548804578362,120,0.01171875
0001010101,408,"[3, 2, 1, 0]",9600,8.553266525268555,False,18.727548804578362,120,0.01171875
0001010101,409,"[3, 2, 1, 0]",9600,8.566141128540039,True,18.727548804578362,120,0.01171875
0001010101,410,"[3, 2, 1, 0]",9600,8.583545684814453,False,18.727548804578362,120,0.01171875
0001010101,411,"[3, 2, 1, 0]",9600,8.596420288085938,True,18.727548804578362,120,0.01171875
0001010101,412,"[3, 2, 1, 0]",9600,8.614063262939453,False,18.727548804578362,120,0.01171875
0001010101,413,"[3, 2, 1, 0]",9600,8.62741470336914,True,18.727548804578362,120,0.01171875
0001010101,414,"[3, 2, 1, 0]",9600,8.646965026855469,False,18.727548804578362,120,0.01171875
0001010101,415,"[3, 2, 1, 0]",9600,8.660316467285156,True,18.727548804578362,120,0.01171875
0001010101,416,"[3, 2, 1, 0]",9600,8.67772102355957,False,18.727548804578362,120,0.01171875
0001010101,417,"[3, 2, 1, 0]",9600,8.690834045410156,True,18.727548804578362,120,0.01171875
0001010101,418,"[3, 2, 1, 0]",9600,8.708477020263672,False,18.727548804578362,120,0.01171875
0001010101,419,"[3, 2, 1, 0]",9600,8.721590042114258,True,18.727548804578362,120,0.01171875
0001010101,420,"[3, 2, 1, 0]",9600,8.738994598388672,False,18.727548804578362,120,0.01171875
0001010101,421,"[3, 2, 1, 0]",9600,8.751869201660156,True,18.727548804578362,120,0.01171875
0001010101,422,"[3, 2, 1, 0]",9600,8.769512176513672,False,18.727548804578362,120,0.01171875
0001010101,423,"[3, 2, 1, 0]",9600,8.782148361206055,True,18.727548804578362,120,0.01171875
0001010101,424,"[3, 2, 1, 0]",9600,8.79979133605957,False,18.727548804578362,120,0.01171875
0001010101,425,"[3, 2, 1, 0]",9600,8.812665939331055,True,18.727548804578362,120,0.01171875
0001010101,426,"[3, 2, 1, 0]",9600,8.83030891418457,False,18.727548804578362,120,0.01171875
0001010101,427,"[3, 2, 1, 0]",9600,8.843660354614258,True,18.727548804578362,120,0.01171875
0001010101,428,"[3, 2, 1, 0]",9600,8.861780166625977,False,18.727548804578362,120,0.01171875
0001010101,429,"[3, 2, 1, 0]",9600,8.874654769897461,True,18.727548804578362,120,0.01171875
0001010101,430,"[3, 2, 1, 0]",9600,8.894205093383789,False,18.727548804578362,120,0.01171875
0001010101,431,"[3, 2, 1, 0]",9600,8.907079696655273,True,18.727548804578362,120,0.01171875
0001010101,432,"[3, 2, 1, 0]",9600,8.924484252929688,False,18.727548804578362,120,0.01171875
0001010101,433,"[3, 2, 1, 0]",9600,8.937597274780273,True,18.727548804578362,120,0.01171875
0001010101,434,"[3, 2, 1, 0]",9600,8.955001831054688,False,18.727548804578362,120,0.01171875
0001010101,435,"[3, 2, 1, 0]",9600,8.967876434326172,True,18.727548804578362,120,0.01171875
0001010101,436,"[3, 2, 1, 0]",9600,8.987188339233398,False,18.727548804578362,120,0.01171875
0001010101,437,"[3, 2, 1, 0]",9600,9.000062942504883,True,18.727548804578362,120,0.01171875
0001010101,438,"[3, 2, 1, 0]",9600,9.017705917358398,False,18.727548804578362,120,0.01171875
0001010101,439,"[3, 2, 1, 0]",9600,9.030580520629883,True,18.727548804578362,120,0.01171875
0001010101,440,"[3, 2, 1, 0]",9600,9.048223495483398,False,18.727548804578362,120,0.01171875
0001010101,441,"[3, 2, 1, 0]",9600,9.061336517333984,True,18.727548804578362,120,0.01171875
0001010101,442,"[3, 2, 1, 0]",9600,9.078502655029297,False,18.727548804578362,120,0.01171875
0001010101,443,"[3, 2, 1, 0]",9600,9.091377258300781,True,18.727548804578362,120,0.01171875
0001010101,444,"[3, 2, 1, 0]",9600,9.109020233154297,False,18.727548804578362,120,0.01171875
0001010101,445,"[3, 2, 1, 0]",9600,9.12165641784668,True,18.727548804578362,120,0.01171875
0001010101,446,"[3, 2, 1, 0]",9600,9.138822555541992,False,18.727548804578362,120,0.01171875
0001010101,447,"[3, 2, 1, 0]",9600,9.151458740234375,True,18.727548804578362,120,0.01171875
0001010101,448,"[3, 2, 1, 0]",9600,9.16910171508789,False,18.727548804578362,120,0.01171875
0001010101,449,"[3, 2, 1, 0]",9600,9.181499481201172,True,18.727548804578362,120,0.01171875
0001010101,450,"[3, 2, 1, 0]",9600,9.198904037475586,False,18.727548804578362,120,0.01171875
0001010101,451,"[3, 2, 1, 0]",9600,9.211540222167969,True,18.727548804578362,120,0.01171875
0001010101,452,"[3, 2, 1, 0]",9600,9.229183197021484,False,18.727548804578362,120,0.01171875
0001010101,453,"[3, 2, 1, 0]",9600,9.241819381713867,True,18.727548804578362,120,0.01171875
0001010101,454,"[3, 2, 1, 0]",9600,9.259223937988281,False,18.727548804578362,120,0.01171875
0001010101,455,"[3, 2, 1, 0]",9600,9.272336959838867,True,18.727548804578362,120,0.01171875
0001010101,456,"[3, 2, 1, 0]",9600,9.291887283325195,False,18.727548804578362,120,0.01171875
0001010101,457,"[3, 2, 1, 0]",9600,9.30476188659668,True,18.727548804578362,120,0.01171875
0001010101,458,"[3, 2, 1, 0]",9600,9.322166442871094,False,18.727548804578362,120,0.01171875
0001010101,459,"[3, 2, 1, 0]",9600,9.335041046142578,True,18.727548804578362,120,0.01171875
0001010101,460,"[3, 2, 1, 0]",9600,9.352684020996094,False,18.727548804578362,120,0.01171875
0001010101,461,"[3, 2, 1, 0]",9600,9.365320205688477,True,18.727548804578362,120,0.01171875
0001010101,462,"[3, 2, 1, 0]",9600,9.382963180541992,False,18.727548804578362,120,0.01171875
0001010101,463,"[3, 2, 1, 0]",9600,9.396791458129883,True,18.727548804578362,120,0.01171875
0001010101,464,"[3, 2, 1, 0]",9600,9.4146728515625,False,18.727548804578362,120,0.01171875
0001010101,465,"[3, 2, 1, 0]",9600,9.428024291992188,True,18.727548804578362,120,0.01171875
0001010101,466,"[3, 2, 1, 0]",9600,9.445428848266602,False,18.727548804578362,120,0.01171875
0001010101,467,"[3, 2, 1, 0]",9600,10.428667068481445,True,18.727548804578362,120,0.01171875
0001010101,468,"[3, 2, 1, 0]",9600,10.456085205078125,False,18.727548804578362,120,0.01171875
0001010101,469,"[3, 2, 1, 0]",9600,10.46895980834961,True,18.727548804578362,120,0.01171875
0001010101,470,"[3, 2, 1, 0]",9600,10.487556457519531,False,18.727548804578362,120,0.01171875
0001010101,471,"[3, 2, 1, 0]",9600,10.500431060791016,True,18.727548804578362,120,0.01171875
0001010101,472,"[3, 2, 1, 0]",9600,10.518550872802734,False,18.727548804578362,120,0.01171875
0001010101,473,"[3, 2, 1, 0]",9600,10.531187057495117,True,18.727548804578362,120,0.01171875
0001010101,474,"[3, 2, 1, 0]",9600,10.548591613769531,False,18.727548804578362,120,0.01171875
0001010101,475,"[3, 2, 1, 0]",9600,10.561466217041016,True,18.727548804578362,120,0.01171875
0001010101,476,"[3, 2, 1, 0]",9600,10.579109191894531,False,18.727548804578362,120,0.01171875
0001010101,477,"[3, 2, 1, 0]",9600,10.596275329589844,True,18.727548804578362,120,0.01171875
0001010101,478,"[3, 2, 1, 0]",9600,10.615110397338867,False,18.727548804578362,120,0.01171875
0001010101,479,"[3, 2, 1, 0]",9600,10.628223419189453,True,18.727548804578362,120,0.01171875
0001010101,480,"[3, 2, 1, 0]",9600,10.647773742675781,False,18.727548804578362,120,0.01171875
0001010101,481,"[3, 2, 1, 0]",9600,10.660886764526367,True,18.727548804578362,120,0.01171875
0001010101,482,"[3, 2, 1, 0]",9600,10.678291320800781,False,18.727548804578362,120,0.01171875
0001010101,483,"[3, 2, 1, 0]",9600,10.691642761230469,True,18.727548804578362,120,0.01171875
0001010101,484,"[3, 2, 1, 0]",9600,10.709524154663086,False,18.727548804578362,120,0.01171875
0001010101,485,"[3, 2, 1, 0]",9600,10.723352432250977,True,18.727548804578362,120,0.01171875
0001010101,486,"[3, 2, 1, 0]",9600,10.740995407104492,False,18.727548804578362,120,0.01171875
0001010101,487,"[3, 2, 1, 0]",9600,10.754108428955078,True,18.727548804578362,120,0.01171875
0001010101,488,"[3, 2, 1, 0]",9600,10.773420333862305,False,18.727548804578362,120,0.01171875
0001010101,489,"[3, 2, 1, 0]",9600,10.786294937133789,True,18.727548804578362,120,0.01171875
0001010101,490,"[3, 2, 1, 0]",9600,10.803699493408203,False,18.727548804578362,120,0.01171875
0001010101,491,"[3, 2, 1, 0]",9600,10.816574096679688,True,18.727548804578362,120,0.01171875
0001010101,492,"[3, 2, 1, 0]",9600,10.833740234375,False,18.727548804578362,120,0.01171875
0001010101,493,"[3, 2, 1, 0]",9600,10.846614837646484,True,18.727548804578362,120,0.01171875
0001010101,494,"[3, 2, 1, 0]",9600,10.863780975341797,False,18.727548804578362,120,0.01171875
0001010101,495,"[3, 2, 1, 0]",9600,10.876655578613281,True,18.727548804578362,120,0.01171875
0001010101,496,"[3, 2, 1, 0]",9600,10.894298553466797,False,18.727548804578362,120,0.01171875
0001010101,497,"[3, 2, 1, 0]",9600,10.907411575317383,True,18.727548804578362,120,0.01171875
0001010101,498,"[3, 2, 1, 0]",9600,10.927200317382812,False,18.727548804578362,120,0.01171875
0001010101,499,"[3, 2, 1, 0]",9600,10.940074920654297,True,18.727548804578362,120,0.01171875
0001010101,500,"[3, 2, 1, 0]",9600,10.957717895507812,False,18.727548804578362,120,0.01171875
0001010101,501,"[3, 2, 1, 0]",9600,10.970592498779297,True,18.727548804578362,120,0.01171875
0001010101,502,"[3, 2, 1, 0]",9600,10.988235473632812,False,18.727548804578362,120,0.01171875
0001010101,503,"[3, 2, 1, 0]",9600,11.001110076904297,True,18.727548804578362,120,0.01171875
0001010101,504,"[3, 2, 1, 0]",9600,11.018753051757812,False,18.727548804578362,120,0.01171875
0001010101,505,"[3, 2, 1, 0]",9600,11.031389236450195,True,18.727548804578362,120,0.01171875
0001010101,506,"[3, 2, 1, 0]",9600,11.049032211303711,False,18.727548804578362,120,0.01171875
0001010101,507,"[3, 2, 1, 0]",9600,11.061906814575195,True,18.727548804578362,120,0.01171875
0001010101,508,"[3, 2, 1, 0]",9600,11.079549789428711,False,18.727548804578362,120,0.01171875
0001010101,509,"[3, 2, 1, 0]",9600,11.092662811279297,True,18.727548804578362,120,0.01171875
0001010101,510,"[3, 2, 1, 0]",9600,11.110067367553711,False,18.727548804578362,120,0.01171875
0001010101,511,"[3, 2, 1, 0]",9600,11.123180389404297,True,18.727548804578362,120,0.01171875
0001010101,512,"[3, 2, 1, 0]",9600,11.140823364257812,False,18.727548804578362,120,0.01171875
0001010101,513,"[3, 2, 1, 0]",9600,11.153936386108398,True,18.727548804578362,120,0.01171875
0001010101,514,"[3, 2, 1, 0]",9600,11.171340942382812,False,18.727548804578362,120,0.01171875
0001010101,515,"[3, 2, 1, 0]",9600,11.184215545654297,True,18.727548804578362,120,0.01171875
0001010101,516,"[3, 2, 1, 0]",9600,11.201620101928711,False,18.727548804578362,120,0.01171875
0001010101,517,"[3, 2, 1, 0]",9600,11.214494705200195,True,18.727548804578362,120,0.01171875
0001010101,518,"[3, 2, 1, 0]",9600,11.23189926147461,False,18.727548804578362,120,0.01171875
0001010101,519,"[3, 2, 1, 0]",9600,11.245012283325195,True,18.727548804578362,120,0.01171875
0001010101,520,"[3, 2, 1, 0]",9600,11.264324188232422,False,18.727548804578362,120,0.01171875
0001010101,521,"[3, 2, 1, 0]",9600,11.277198791503906,True,18.727548804578362,120,0.01171875
0001010101,522,"[3, 2, 1, 0]",9600,11.29460334777832,False,18.727548804578362,120,0.01171875
0001010101,523,"[3, 2, 1, 0]",9600,11.307954788208008,True,18.727548804578362,120,0.01171875
0001010101,524,"[3, 2, 1, 0]",9600,11.325597763061523,False,18.727548804578362,120,0.01171875
0001010101,525,"[3, 2, 1, 0]",9600,11.338472366333008,True,18.727548804578362,120,0.01171875
0001010101,526,"[3, 2, 1, 0]",9600,11.356115341186523,False,18.727548804578362,120,0.01171875
0001010101,527,"[3, 2, 1, 0]",9600,11.36922836303711,True,18.727548804578362,120,0.01171875
0001010101,528,"[3, 2, 1, 0]",9600,11.387109756469727,False,18.727548804578362,120,0.01171875
0001010101,529,"[3, 2, 1, 0]",9600,11.399984359741211,True,18.727548804578362,120,0.01171875
0001010101,530,"[3, 2, 1, 0]",9600,11.42120361328125,False,18.727548804578362,120,0.01171875
0001010101,531,"[3, 2, 1, 0]",9600,11.433839797973633,True,18.727548804578362,120,0.01171875
0001010101,532,"[3, 2, 1, 0]",9600,11.451482772827148,False,18.727548804578362,120,0.01171875
0001010101,533,"[3, 2, 1, 0]",9600,11.464118957519531,True,18.727548804578362,120,0.01171875
0001010101,534,"[3, 2, 1, 0]",9600,11.481523513793945,False,18.727548804578362,120,0.01171875
0001010101,535,"[3, 2, 1, 0]",9600,11.494636535644531,True,18.727548804578362,120,0.01171875
0001010101,536,"[3, 2, 1, 0]",9600,11.512279510498047,False,18.727548804578362,120,0.01171875
0001010101,537,"[3, 2, 1, 0]",9600,11.52491569519043,True,18.727548804578362,120,0.01171875
0001010101,538,"[3, 2, 1, 0]",9600,11.542320251464844,False,18.727548804578362,120,0.01171875
0001010101,539,"[3, 2, 1, 0]",9600,11.55543327331543,True,18.727548804578362,120,0.01171875
0001010101,540,"[3, 2, 1, 0]",9600,11.574983596801758,False,18.727548804578362,120,0.01171875
0001010101,541,"[3, 2, 1, 0]",9600,11.588335037231445,True,18.727548804578362,120,0.01171875
0001010101,542,"[3, 2, 1, 0]",9600,11.605501174926758,False,18.727548804578362,120,0.01171875
0001010101,543,"[3, 2, 1, 0]",9600,11.618375778198242,True,18.727548804578362,120,0.01171875
0001010101,544,"[3, 2, 1, 0]",9600,11.635780334472656,False,18.727548804578362,120,0.01171875
0001010101,545,"[3, 2, 1, 0]",9600,11.64865493774414,True,18.727548804578362,120,0.01171875
0001010101,546,"[3, 2, 1, 0]",9600,11.665821075439453,False,18.727548804578362,120,0.01171875
0001010101,547,"[3, 2, 1, 0]",9600,11.678695678710938,True,18.727548804578362,120,0.01171875
0001010101,548,"[3, 2, 1, 0]",9600,11.696100234985352,False,18.727548804578362,120,0.01171875
0001010101,549,"[3, 2, 1, 0]",9600,11.708736419677734,True,18.727548804578362,120,0.01171875
0001010101,550,"[3, 2, 1, 0]",9600,11.726140975952148,False,18.727548804578362,120,0.01171875
0001010101,551,"[3, 2, 1, 0]",9600,11.739015579223633,True,18.727548804578362,120,0.01171875
0001010101,552,"[3, 2, 1, 0]",9600,11.756658554077148,False,18.727548804578362,120,0.01171875
0001010101,553,"[3, 2, 1, 0]",9600,11.769533157348633,True,18.727548804578362,120,0.01171875
0001010101,554,"[3, 2, 1, 0]",9600,11.786937713623047,False,18.727548804578362,120,0.01171875
0001010101,555,"[3, 2, 1, 0]",9600,11.799812316894531,True,18.727548804578362,120,0.01171875
0001010101,556,"[3, 2, 1, 0]",9600,11.817216873168945,False,18.727548804578362,120,0.01171875
0001010101,557,"[3, 2, 1, 0]",9600,11.829853057861328,True,18.727548804578362,120,0.01171875
0001010101,558,"[3, 2, 1, 0]",9600,11.85297966003418,False,18.727548804578362,120,0.01171875
0001010101,559,"[3, 2, 1, 0]",9600,11.866092681884766,True,18.727548804578362,120,0.01171875
0001010101,560,"[3, 2, 1, 0]",9600,11.884212493896484,False,18.727548804578362,120,0.01171875
0001010101,561,"[3, 2, 1, 0]",9600,11.89732551574707,True,18.727548804578362,120,0.01171875
0001010101,562,"[3, 2, 1, 0]",9600,11.916637420654297,False,18.727548804578362,120,0.01171875
0001010101,563,"[3, 2, 1, 0]",9600,11.929750442504883,True,18.727548804578362,120,0.01171875
0001010101,564,"[3, 2, 1, 0]",9600,11.947393417358398,False,18.727548804578362,120,0.01171875
0001010101,565,"[3, 2, 1, 0]",9600,11.960506439208984,True,18.727548804578362,120,0.01171875
0001010101,566,"[3, 2, 1, 0]",9600,11.977910995483398,False,18.727548804578362,120,0.01171875
0001010101,567,"[3, 2, 1, 0]",9600,11.991262435913086,True,18.727548804578362,120,0.01171875
0001010101,568,"[3, 2, 1, 0]",9600,12.0086669921875,False,18.727548804578362,120,0.01171875
0001010101,569,"[3, 2, 1, 0]",9600,12.021780014038086,True,18.727548804578362,120,0.01171875
0001010101,570,"[3, 2, 1, 0]",9600,12.038707733154297,False,18.727548804578362,120,0.01171875
0001010101,571,"[3, 2, 1, 0]",9600,12.051820755004883,True,18.727548804578362,120,0.01171875
0001010101,572,"[3, 2, 1, 0]",9600,12.069225311279297,False,18.727548804578362,120,0.01171875
0001010101,573,"[3, 2, 1, 0]",9600,12.08186149597168,True,18.727548804578362,120,0.01171875
0001010101,574,"[3, 2, 1, 0]",9600,12.099266052246094,False,18.727548804578362,120,0.01171875
0001010101,575,"[3, 2, 1, 0]",9600,12.11237907409668,True,18.727548804578362,120,0.01171875
0001010101,576,"[3, 2, 1, 0]",9600,12.129783630371094,False,18.727548804578362,120,0.01171875
0001010101,577,"[3, 2, 1, 0]",9600,12.142419815063477,True,18.727548804578362,120,0.01171875
0001010101,578,"[3, 2, 1, 0]",9600,12.160539627075195,False,18.727548804578362,120,0.01171875
0001010101,579,"[3, 2, 1, 0]",9600,12.17341423034668,True,18.727548804578362,120,0.01171875
0001010101,580,"[3, 2, 1, 0]",9600,12.19320297241211,False,18.727548804578362,120,0.01171875
0001010101,581,"[3, 2, 1, 0]",9600,12.206315994262695,True,18.727548804578362,120,0.01171875
0001010101,582,"[3, 2, 1, 0]",9600,12.225866317749023,False,18.727548804578362,120,0.01171875
0001010101,583,"[3, 2, 1, 0]",9600,12.238740921020508,True,18.727548804578362,120,0.01171875
0001010101,584,"[3, 2, 1, 0]",9600,12.256145477294922,False,18.727548804578362,120,0.01171875
0001010101,585,"[3, 2, 1, 0]",9600,12.269020080566406,True,18.727548804578362,120,0.01171875
0001010101,586,"[3, 2, 1, 0]",9600,12.28642463684082,False,18.727548804578362,120,0.01171875
0001010101,587,"[3, 2, 1, 0]",9600,12.299537658691406,True,18.727548804578362,120,0.01171875
0001010101,588,"[3, 2, 1, 0]",9600,12.317180633544922,False,18.727548804578362,120,0.01171875
0001010101,589,"[3, 2, 1, 0]",9600,12.330055236816406,True,18.727548804578362,120,0.01171875
0001010101,590,"[3, 2, 1, 0]",9600,12.34745979309082,False,18.727548804578362,120,0.01171875
0001010101,591,"[3, 2, 1, 0]",9600,12.360334396362305,True,18.727548804578362,120,0.01171875
0001010101,592,"[3, 2, 1, 0]",9600,12.37797737121582,False,18.727548804578362,120,0.01171875
0001010101,593,"[3, 2, 1, 0]",9600,12.391090393066406,True,18.727548804578362,120,0.01171875
0001010101,594,"[3, 2, 1, 0]",9600,12.40849494934082,False,18.727548804578362,120,0.01171875
0001010101,595,"[3, 2, 1, 0]",9600,12.421369552612305,True,18.727548804578362,120,0.01171875
0001010101,596,"[3, 2, 1, 0]",9600,12.438774108886719,False,18.727548804578362,120,0.01171875
0001010101,597,"[3, 2, 1, 0]",9600,12.451171875,True,18.727548804578362,120,0.01171875
0001010101,598,"[3, 2, 1, 0]",9600,12.468814849853516,False,18.727548804578362,120,0.01171875
0001010101,599,"[3, 2, 1, 0]",9600,12.481689453125,True,18.727548804578362,120,0.01171875
0001010101,600,"[3, 2, 1, 0]",9600,12.499332427978516,False,18.727548804578362,120,0.01171875
0001010101,601,"[3, 2, 1, 0]",9600,12.51220703125,True,18.727548804578362,120,0.01171875
0001010101,602,"[3, 2, 1, 0]",9600,12.529850006103516,False,18.727548804578362,120,0.01171875
0001010101,603,"[3, 2, 1, 0]",9600,12.542963027954102,True,18.727548804578362,120,0.01171875
0001010101,604,"[3, 2, 1, 0]",9600,12.562274932861328,False,18.727548804578362,120,0.01171875
0001010101,605,"[3, 2, 1, 0]",9600,12.574911117553711,True,18.727548804578362,120,0.01171875
0001010101,606,"[3, 2, 1, 0]",9600,12.592315673828125,False,18.727548804578362,120,0.01171875
0001010101,607,"[3, 2, 1, 0]",9600,12.60519027709961,True,18.727548804578362,120,0.01171875
0001010101,608,"[3, 2, 1, 0]",9600,12.622594833374023,False,18.727548804578362,120,0.01171875
0001010101,609,"[3, 2, 1, 0]",9600,12.635231018066406,True,18.727548804578362,120,0.01171875
0001010101,610,"[3, 2, 1, 0]",9600,12.65263557434082,False,18.727548804578362,120,0.01171875
0001010101,611,"[3, 2, 1, 0]",9600,12.665510177612305,True,18.727548804578362,120,0.01171875
0001010101,612,"[3, 2, 1, 0]",9600,12.68315315246582,False,18.727548804578362,120,0.01171875
0001010101,613,"[3, 2, 1, 0]",9600,12.696266174316406,True,18.727548804578362,120,0.01171875
0001010101,614,"[3, 2, 1, 0]",9600,12.71367073059082,False,18.727548804578362,120,0.01171875
0001010101,615,"[3, 2, 1, 0]",9600,12.726783752441406,True,18.727548804578362,120,0.01171875
0001010101,616,"[3, 2, 1, 0]",9600,12.74418830871582,False,18.727548804578362,120,0.01171875
0001010101,617,"[3, 2, 1, 0]",9600,12.757062911987305,True,18.727548804578362,120,0.01171875
0001010101,618,"[3, 2, 1, 0]",9600,12.774467468261719,False,18.727548804578362,120,0.01171875
0001010101,619,"[3, 2, 1, 0]",9600,12.787342071533203,True,18.727548804578362,120,0.01171875
0001010101,620,"[3, 2, 1, 0]",9600,12.804746627807617,False,18.727548804578362,120,0.01171875
0001010101,621,"[3, 2, 1, 0]",9600,12.8173828125,True,18.727548804578362,120,0.01171875
0001010101,622,"[3, 2, 1, 0]",9600,12.834787368774414,False,18.727548804578362,120,0.01171875
0001010101,623,"[3, 2, 1, 0]",9600,12.847900390625,True,18.727548804578362,120,0.01171875
0001010101,624,"[3, 2, 1, 0]",9600,12.867212295532227,False,18.727548804578362,120,0.01171875
0001010101,625,"[3, 2, 1, 0]",9600,12.87984848022461,True,18.727548804578362,120,0.01171875
0001010101,626,"[3, 2, 1, 0]",9600,12.897491455078125,False,18.727548804578362,120,0.01171875
0001010101,627,"[3, 2, 1, 0]",9600,12.909889221191406,True,18.727548804578362,120,0.01171875
0001010101,628,"[3, 2, 1, 0]",9600,12.928009033203125,False,18.727548804578362,120,0.01171875
0001010101,629,"[3, 2, 1, 0]",9600,12.94088363647461,True,18.727548804578362,120,0.01171875
0001010101,630,"[3, 2, 1, 0]",9600,12.960433959960938,False,18.727548804578362,120,0.01171875
0001010101,631,"[3, 2, 1, 0]",9600,12.973546981811523,True,18.727548804578362,120,0.01171875
0001010101,632,"[3, 2, 1, 0]",9600,12.991189956665039,False,18.727548804578362,120,0.01171875
0001010101,633,"[3, 2, 1, 0]",9600,13.00358772277832,True,18.727548804578362,120,0.01171875
0001010101,634,"[3, 2, 1, 0]",9600,13.020992279052734,False,18.727548804578362,120,0.01171875
0001010101,635,"[3, 2, 1, 0]",9600,13.033866882324219,True,18.727548804578362,120,0.01171875
0110100111,636,"[2, 1, 3, 0]",9300,13.051509857177734,False,14.363774402289181,116,0.011328125
0110100111,637,"[2, 1, 0, 3]",600,13.065338134765625,True,14.363774402289181,116,0.011328125
0110100111,638,"[2, 1, 3, 0]",9300,13.08298110961914,False,14.363774402289181,116,0.011328125
0110100111,639,"[2, 1, 0, 3]",600,13.09657096862793,True,14.363774402289181,116,0.011328125
0110100111,640,"[2, 1, 3, 0]",9300,13.114452362060547,False,14.363774402289181,116,0.011328125
0110100111,641,"[2, 1, 0, 3]",600,13.127803802490234,True,14.363774402289181,116,0.011328125
0110100111,642,"[2, 1, 3, 0]",9300,13.145208358764648,False,14.363774402289181,116,0.011328125
0110100111,643,"[2, 1, 0, 3]",600,13.158798217773438,True,14.363774402289181,116,0.011328125
0110100111,644,"[2, 1, 3, 0]",9300,13.176441192626953,False,14.363774402289181,116,0.011328125
0110100111,645,"[2, 1, 0, 3]",600,13.18979263305664,True,14.363774402289181,116,0.011328125
0110100111,646,"[2, 1, 3, 0]",9300,13.208627700805664,False,14.363774402289181,116,0.011328125
0110100111,647,"[2, 1, 0, 3]",600,13.222217559814453,True,14.363774402289181,116,0.011328125
0110100111,648,"[2, 1, 3, 0]",9300,13.239622116088867,False,14.363774402289181,116,0.011328125
0110100111,649,"[2, 1, 0, 3]",600,13.253211975097656,True,14.363774402289181,116,0.011328125
0110100111,650,"[2, 1, 3, 0]",9300,13.270854949951172,False,14.363774402289181,116,0.011328125
0110100111,651,"[2, 1, 0, 3]",600,13.284444808959961,True,14.363774402289181,116,0.011328125
0110100111,652,"[2, 1, 3, 0]",9300,13.302326202392578,False,14.363774402289181,116,0.011328125
0110100111,653,"[2, 1, 0, 3]",600,13.316631317138672,True,14.363774402289181,116,0.011328125
0110100111,654,"[2, 1, 3, 0]",9300,13.334274291992188,False,14.363774402289181,116,0.011328125
0110100111,655,"[2, 1, 0, 3]",600,13.347864151000977,True,14.363774402289181,116,0.011328125
0110100111,656,"[2, 1, 3, 0]",9300,13.367652893066406,False,14.363774402289181,116,0.011328125
0110100111,657,"[2, 1, 0, 3]",600,13.381004333496094,True,14.363774402289181,116,0.011328125
0110100111,658,"[2, 1, 3, 0]",9300,13.39864730834961,False,14.363774402289181,116,0.011328125
0110100111,659,"[2, 1, 0, 3]",600,13.411998748779297,True,14.363774402289181,116,0.011328125
0110100111,660,"[2, 1, 3, 0]",9300,13.429403305053711,False,14.363774402289181,116,0.011328125
0110100111,661,"[2, 1, 0, 3]",600,13.442516326904297,True,14.363774402289181,116,0.011328125
0110100111,662,"[2, 1, 3, 0]",9300,13.460397720336914,False,14.363774402289181,116,0.011328125
0110100111,663,"[2, 1, 0, 3]",600,13.473749160766602,True,14.363774402289181,116,0.011328125
0110100111,664,"[2, 1, 3, 0]",9300,13.491392135620117,False,14.363774402289181,116,0.011328125
0110100111,665,"[2, 1, 0, 3]",600,13.504981994628906,True,14.363774402289181,116,0.011328125
0110100111,666,"[2, 1, 3, 0]",9300,13.525724411010742,False,14.363774402289181,116,0.011328125
0110100111,667,"[2, 1, 0, 3]",600,13.539314270019531,True,14.363774402289181,116,0.011328125
0110100111,668,"[2, 1, 3, 0]",9300,13.557195663452148,False,14.363774402289181,116,0.011328125
0110100111,669,"[2, 1, 0, 3]",600,13.570785522460938,True,14.363774402289181,116,0.011328125
0110100111,670,"[2, 1, 3, 0]",9300,13.58795166015625,False,14.363774402289181,116,0.011328125
0110100111,671,"[2, 1, 0, 3]",600,13.601303100585938,True,14.363774402289181,116,0.011328125
0110100111,672,"[2, 1, 3, 0]",9300,13.618946075439453,False,14.363774402289181,116,0.011328125
0110100111,673,"[2, 1, 0, 3]",600,13.632059097290039,True,14.363774402289181,116,0.011328125
0110100111,674,"[2, 1, 3, 0]",9300,13.649463653564453,False,14.363774402289181,116,0.011328125
0110100111,675,"[2, 1, 0, 3]",600,13.662576675415039,True,14.363774402289181,116,0.011328125
0110100111,676,"[2, 1, 3, 0]",9300,13.679981231689453,False,14.363774402289181,116,0.011328125
0110100111,677,"[2, 1, 0, 3]",600,13.693094253540039,True,14.363774402289181,116,0.011328125
0110100111,678,"[2, 1, 3, 0]",9300,13.710975646972656,False,14.363774402289181,116,0.011328125
0110100111,679,"[2, 1, 0, 3]",600,13.724803924560547,True,14.363774402289181,116,0.011328125
0110100111,680,"[2, 1, 3, 0]",9300,13.745307922363281,False,14.363774402289181,116,0.011328125
0110100111,681,"[2, 1, 0, 3]",600,13.75889778137207,True,14.363774402289181,116,0.011328125
0110100111,682,"[2, 1, 3, 0]",9300,13.776779174804688,False,14.363774402289181,116,0.011328125
0110100111,683,"[2, 1, 0, 3]",600,13.790130615234375,True,14.363774402289181,116,0.011328125
0110100111,684,"[2, 1, 3, 0]",9300,13.80777359008789,False,14.363774402289181,116,0.011328125
0110100111,685,"[2, 1, 0, 3]",600,13.821125030517578,True,14.363774402289181,116,0.011328125
0110100111,686,"[2, 1, 3, 0]",9300,13.839006423950195,False,14.363774402289181,116,0.011328125
0110100111,687,"[2, 1, 0, 3]",600,13.852357864379883,True,14.363774402289181,116,0.011328125
0110100111,688,"[2, 1, 3, 0]",9300,13.872146606445312,False,14.363774402289181,116,0.011328125
0110100111,689,"[2, 1, 0, 3]",600,13.885259628295898,True,14.363774402289181,116,0.011328125
0110100111,690,"[2, 1, 3, 0]",9300,13.902902603149414,False,14.363774402289181,116,0.011328125
0110100111,691,"[2, 1, 0, 3]",600,13.916254043579102,True,14.363774402289181,116,0.011328125
0110100111,692,"[2, 1, 3, 0]",9300,13.933897018432617,False,14.363774402289181,116,0.011328125
0110100111,693,"[2, 1, 0, 3]",600,13.947248458862305,True,14.363774402289181,116,0.011328125
0110100111,694,"[2, 1, 3, 0]",9300,13.96489143371582,False,14.363774402289181,116,0.011328125
0110100111,695,"[2, 1, 0, 3]",600,13.97848129272461,True,14.363774402289181,116,0.011328125
0110100111,696,"[2, 1, 3, 0]",9300,13.996124267578125,False,14.363774402289181,116,0.011328125
0110100111,697,"[2, 1, 0, 3]",600,14.009475708007812,True,14.363774402289181,116,0.011328125
0110100111,698,"[2, 1, 3, 0]",9300,14.027118682861328,False,14.363774402289181,116,0.011328125
0110100111,699,"[2, 1, 0, 3]",600,14.040708541870117,True,14.363774402289181,116,0.011328125
0110100111,700,"[2, 1, 3, 0]",9300,14.058351516723633,False,14.363774402289181,116,0.011328125
0110100111,701,"[2, 1, 0, 3]",600,14.071941375732422,True,14.363774402289181,116,0.011328125
0110100111,702,"[2, 1, 3, 0]",9300,14.089345932006836,False,14.363774402289181,116,0.011328125
0110100111,703,"[2, 1, 0, 3]",600,14.102697372436523,True,14.363774402289181,116,0.011328125
0110100111,704,"[2, 1, 3, 0]",9300,14.120340347290039,False,14.363774402289181,116,0.011328125
0110100111,705,"[2, 1, 0, 3]",600,14.133453369140625,True,14.363774402289181,116,0.011328125
0110100111,706,"[2, 1, 3, 0]",9300,14.15109634399414,False,14.363774402289181,116,0.011328125
0110100111,707,"[2, 1, 0, 3]",600,14.164447784423828,True,14.363774402289181,116,0.011328125
0110100111,708,"[2, 1, 3, 0]",9300,14.18447494506836,False,14.363774402289181,116,0.011328125
0110100111,709,"[2, 1, 0, 3]",600,14.197587966918945,True,14.363774402289181,116,0.011328125
0110100111,710,"[2, 1, 3, 0]",9300,14.215707778930664,False,14.363774402289181,116,0.011328125
0110100111,711,"[2, 1, 0, 3]",600,14.22882080078125,True,14.363774402289181,116,0.011328125
0110100111,712,"[2, 1, 3, 0]",9300,14.246463775634766,False,14.363774402289181,116,0.011328125
0110100111,713,"[2, 1, 0, 3]",600,14.259576797485352,True,14.363774402289181,116,0.011328125
0110100111,714,"[2, 1, 3, 0]",9300,14.277458190917969,False,14.363774402289181,116,0.011328125
0110100111,715,"[2, 1, 0, 3]",600,14.290571212768555,True,14.363774402289181,116,0.011328125
0110100111,716,"[2, 1, 3, 0]",9300,14.30821418762207,False,14.363774402289181,116,0.011328125
0110100111,717,"[2, 1, 0, 3]",600,14.321327209472656,True,14.363774402289181,116,0.011328125
0110100111,718,"[2, 1, 3, 0]",9300,14.33873176574707,False,14.363774402289181,116,0.011328125
0110100111,719,"[2, 1, 0, 3]",600,14.351844787597656,True,14.363774402289181,116,0.011328125
0110100111,720,"[2, 1, 3, 0]",9300,14.369487762451172,False,14.363774402289181,116,0.011328125
0110100111,721,"[2, 1, 0, 3]",600,14.382600784301758,True,14.363774402289181,116,0.011328125
0110100111,722,"[2, 1, 3, 0]",9300,14.400482177734375,False,14.363774402289181,116,0.011328125
0110100111,723,"[2, 1, 0, 3]",600,14.413833618164062,True,14.363774402289181,116,0.011328125
0110100111,724,"[2, 1, 3, 0]",9300,14.43171501159668,False,14.363774402289181,116,0.011328125
0110100111,725,"[2, 1, 0, 3]",600,14.445304870605469,True,14.363774402289181,116,0.011328125
0110100111,726,"[2, 1, 3, 0]",9300,14.462947845458984,False,14.363774402289181,116,0.011328125
0110100111,727,"[2, 1, 0, 3]",600,14.476299285888672,True,14.363774402289181,116,0.011328125
0110100111,728,"[2, 1, 3, 0]",9300,14.495849609375,False,14.363774402289181,116,0.011328125
0110100111,729,"[2, 1, 0, 3]",600,14.510154724121094,True,14.363774402289181,116,0.011328125
0110100111,730,"[2, 1, 3, 0]",9300,14.529705047607422,False,14.363774402289181,116,0.011328125
0110100111,731,"[2, 1, 0, 3]",600,14.543294906616211,True,14.363774402289181,116,0.011328125
0110100111,732,"[2, 1, 3, 0]",9300,14.561176300048828,False,14.363774402289181,116,0.011328125
0110100111,733,"[2, 1, 0, 3]",600,14.574527740478516,True,14.363774402289181,116,0.011328125
0110100111,734,"[2, 1, 3, 0]",9300,14.592409133911133,False,14.363774402289181,116,0.011328125
0110100111,735,"[2, 1, 0, 3]",600,14.605522155761719,True,14.363774402289181,116,0.011328125
0110100111,736,"[2, 1, 3, 0]",9300,14.623641967773438,False,14.363774402289181,116,0.011328125
0110100111,737,"[2, 1, 0, 3]",600,14.636754989624023,True,14.363774402289181,116,0.011328125
0110100111,738,"[2, 1, 3, 0]",9300,14.654397964477539,False,14.363774402289181,116,0.011328125
0110100111,739,"[2, 1, 0, 3]",600,14.667749404907227,True,14.363774402289181,116,0.011328125
0110100111,740,"[2, 1, 3, 0]",9300,14.685630798339844,False,14.363774402289181,116,0.011328125
0110100111,741,"[2, 1, 0, 3]",600,14.698505401611328,True,14.363774402289181,116,0.011328125
0110100111,742,"[2, 1, 3, 0]",9300,14.716386795043945,False,14.363774402289181,116,0.011328125
0110100111,743,"[2, 1, 0, 3]",600,14.729022979736328,True,14.363774402289181,116,0.011328125
0110100111,744,"[2, 1, 3, 0]",9300,14.747142791748047,False,14.363774402289181,116,0.011328125
0110100111,745,"[2, 1, 0, 3]",600,14.75977897644043,True,14.363774402289181,116,0.011328125
0110100111,746,"[2, 1, 3, 0]",9300,14.777421951293945,False,14.363774402289181,116,0.011328125
0110100111,747,"[2, 1, 0, 3]",600,14.790534973144531,True,14.363774402289181,116,0.011328125
0110100111,748,"[2, 1, 3, 0]",9300,14.808177947998047,False,14.363774402289181,116,0.011328125
0110100111,749,"[2, 1, 0, 3]",600,14.821290969848633,True,14.363774402289181,116,0.011328125
0110100111,750,"[2, 1, 3, 0]",9300,14.841079711914062,False,14.363774402289181,116,0.011328125
0110100111,751,"[2, 1, 0, 3]",600,14.854669570922852,True,14.363774402289181,116,0.011328125
0110100111,752,"[2, 1, 3, 0]",9300,14.872312545776367,False,14.363774402289181,116,0.011328125
0110100111,753,"[2, 1, 0, 3]",600,14.885902404785156,True,14.363774402289181,116,0.011328125
0110100111,754,"[2, 1, 3, 0]",9300,14.903545379638672,False,14.363774402289181,116,0.011328125
0110100111,755,"[2, 1, 0, 3]",600,14.917135238647461,True,14.363774402289181,116,0.011328125
0110100111,756,"[2, 1, 3, 0]",9300,14.934778213500977,False,14.363774402289181,116,0.011328125
0110100111,757,"[2, 1, 0, 3]",600,14.947891235351562,True,14.363774402289181,116,0.011328125
0110100111,758,"[2, 1, 3, 0]",9300,14.965057373046875,False,14.363774402289181,116,0.011328125
0110100111,759,"[2, 1, 0, 3]",600,14.978408813476562,True,14.363774402289181,116,0.011328125
0110100111,760,"[2, 1, 3, 0]",9300,14.995813369750977,False,14.363774402289181,116,0.011328125
0110100111,761,"[2, 1, 0, 3]",600,15.008926391601562,True,14.363774402289181,116,0.011328125
0110100111,762,"[2, 1, 3, 0]",9300,15.026330947875977,False,14.363774402289181,116,0.011328125
0110100111,763,"[2, 1, 0, 3]",600,15.039205551147461,True,14.363774402289181,116,0.011328125
0110100111,764,"[2, 1, 3, 0]",9300,15.056848526000977,False,14.363774402289181,116,0.011328125
0110100111,765,"[2, 1, 0, 3]",600,15.069961547851562,True,14.363774402289181,116,0.011328125
0110100111,766,"[2, 1, 3, 0]",9300,15.08784294128418,False,14.363774402289181,116,0.011328125
0110100111,767,"[2, 1, 0, 3]",600,15.100479125976562,True,14.363774402289181,116,0.011328125
0110100111,768,"[2, 1, 3, 0]",9300,15.11836051940918,False,14.363774402289181,116,0.011328125
0110100111,769,"[2, 1, 0, 3]",600,15.131235122680664,True,14.363774402289181,116,0.011328125
0110100111,770,"[2, 1, 3, 0]",9300,15.14887809753418,False,14.363774402289181,116,0.011328125
0110100111,771,"[2, 1, 0, 3]",600,15.161991119384766,True,14.363774402289181,116,0.011328125
0110100111,772,"[2, 1, 3, 0]",9300,15.182256698608398,False,14.363774402289181,116,0.011328125
0110100111,773,"[2, 1, 0, 3]",600,15.195369720458984,True,14.363774402289181,116,0.011328125
0110100111,774,"[2, 1, 3, 0]",9300,15.213251113891602,False,14.363774402289181,116,0.011328125
0110100111,775,"[2, 1, 0, 3]",600,15.226125717163086,True,14.363774402289181,116,0.011328125
0110100111,776,"[2, 1, 3, 0]",9300,15.243768692016602,False,14.363774402289181,116,0.011328125
0110100111,777,"[2, 1, 0, 3]",600,15.256643295288086,True,14.363774402289181,116,0.011328125
0110100111,778,"[2, 1, 3, 0]",9300,15.274763107299805,False,14.363774402289181,116,0.011328125
0110100111,779,"[2, 1, 0, 3]",600,15.288591384887695,True,14.363774402289181,116,0.011328125
0110100111,780,"[2, 1, 3, 0]",9300,15.306472778320312,False,14.363774402289181,116,0.011328125
0110100111,781,"[2, 1, 0, 3]",600,15.320062637329102,True,14.363774402289181,116,0.011328125
0110100111,782,"[2, 1, 3, 0]",9300,15.340089797973633,False,14.363774402289181,116,0.011328125
0110100111,783,"[2, 1, 0, 3]",600,15.35344123840332,True,14.363774402289181,116,0.011328125
0110100111,784,"[2, 1, 3, 0]",9300,15.371322631835938,False,14.363774402289181,116,0.011328125
0110100111,785,"[2, 1, 0, 3]",600,15.384674072265625,True,14.363774402289181,116,0.011328125
0110100111,786,"[2, 1, 3, 0]",9300,15.402078628540039,False,14.363774402289181,116,0.011328125
0110100111,787,"[2, 1, 0, 3]",600,15.415191650390625,True,14.363774402289181,116,0.011328125
0110100111,788,"[2, 1, 3, 0]",9300,15.43283462524414,False,14.363774402289181,116,0.011328125
0110100111,789,"[2, 1, 0, 3]",600,15.446186065673828,True,14.363774402289181,116,0.011328125
0110100111,790,"[2, 1, 3, 0]",9300,15.463590621948242,False,14.363774402289181,116,0.011328125
0110100111,791,"[2, 1, 0, 3]",600,15.477180480957031,True,14.363774402289181,116,0.011328125
0110100111,792,"[2, 1, 3, 0]",9300,15.496969223022461,False,14.363774402289181,116,0.011328125
0110100111,793,"[2, 1, 0, 3]",600,15.510320663452148,True,14.363774402289181,116,0.011328125
0110100111,794,"[2, 1, 3, 0]",9300,15.528202056884766,False,14.363774402289181,116,0.011328125
0110100111,795,"[2, 1, 0, 3]",600,15.54107666015625,True,14.363774402289181,116,0.011328125
0110100111,796,"[2, 1, 3, 0]",9300,15.558719635009766,False,14.363774402289181,116,0.011328125
0110100111,797,"[2, 1, 0, 3]",600,15.571832656860352,True,14.363774402289181,116,0.011328125
0110100111,798,"[2, 1, 3, 0]",9300,15.589475631713867,False,14.363774402289181,116,0.011328125
0110100111,799,"[2, 1, 0, 3]",600,15.602588653564453,True,14.363774402289181,116,0.011328125
0110100111,800,"[2, 1, 3, 0]",9300,15.620231628417969,False,14.363774402289181,116,0.011328125
0110100111,801,"[2, 1, 0, 3]",600,15.633344650268555,True,14.363774402289181,116,0.011328125
0110100111,802,"[2, 1, 3, 0]",9300,15.65098762512207,False,14.363774402289181,116,0.011328125
0110100111,803,"[2, 1, 0, 3]",600,15.664339065551758,True,14.363774402289181,116,0.011328125
0110100111,804,"[2, 1, 3, 0]",9300,15.681743621826172,False,14.363774402289181,116,0.011328125
0110100111,805,"[2, 1, 0, 3]",600,15.694856643676758,True,14.363774402289181,116,0.011328125
0110100111,806,"[2, 1, 3, 0]",9300,15.712499618530273,False,14.363774402289181,116,0.011328125
0110100111,807,"[2, 1, 0, 3]",600,15.725374221801758,True,14.363774402289181,116,0.011328125
0110100111,808,"[2, 1, 3, 0]",9300,15.743494033813477,False,14.363774402289181,116,0.011328125
0110100111,809,"[2, 1, 0, 3]",600,15.756607055664062,True,14.363774402289181,116,0.011328125
0110100111,810,"[2, 1, 3, 0]",9300,15.77448844909668,False,14.363774402289181,116,0.011328125
0110100111,811,"[2, 1, 0, 3]",600,15.787601470947266,True,14.363774402289181,116,0.011328125
0110100111,812,"[2, 1, 3, 0]",9300,15.805721282958984,False,14.363774402289181,116,0.011328125
0110100111,813,"[2, 1, 0, 3]",600,15.819072723388672,True,14.363774402289181,116,0.011328125
0110100111,814,"[2, 1, 3, 0]",9300,15.838623046875,False,14.363774402289181,116,0.011328125
0110100111,815,"[2, 1, 0, 3]",600,15.878677368164062,True,14.363774402289181,116,0.011328125
0110100111,816,"[2, 1, 3, 0]",9300,15.897750854492188,False,14.363774402289181,116,0.011328125
0110100111,817,"[2, 1, 0, 3]",600,15.911579132080078,True,14.363774402289181,116,0.011328125
0110100111,818,"[2, 1, 3, 0]",9300,15.929222106933594,False,14.363774402289181,116,0.011328125
0110100111,819,"[2, 1, 0, 3]",600,15.943288803100586,True,14.363774402289181,116,0.011328125
0110100111,820,"[2, 1, 3, 0]",9300,15.961170196533203,False,14.363774402289181,116,0.011328125
0110100111,821,"[2, 1, 0, 3]",600,15.9912109375,True,14.363774402289181,116,0.011328125
0110100111,822,"[2, 1, 3, 0]",9300,16.00956916809082,False,14.363774402289181,116,0.011328125
0110100111,823,"[2, 1, 0, 3]",600,16.023874282836914,True,14.363774402289181,116,0.011328125
0110100111,824,"[2, 1, 3, 0]",9300,16.044139862060547,False,14.363774402289181,116,0.011328125
0110100111,825,"[2, 1, 0, 3]",600,16.057968139648438,True,14.363774402289181,116,0.011328125
0110100111,826,"[2, 1, 3, 0]",9300,16.07680320739746,False,14.363774402289181,116,0.011328125
0110100111,827,"[2, 1, 0, 3]",600,16.09039306640625,True,14.363774402289181,116,0.011328125
0110100111,828,"[2, 1, 3, 0]",9300,16.10875129699707,False,14.363774402289181,116,0.011328125
0110100111,829,"[2, 1, 0, 3]",600,16.12257957458496,True,14.363774402289181,116,0.011328125
0110100111,830,"[2, 1, 3, 0]",9300,16.141176223754883,False,14.363774402289181,116,0.011328125
0110100111,831,"[2, 1, 0, 3]",600,16.155004501342773,True,14.363774402289181,116,0.011328125
0110100111,832,"[2, 1, 3, 0]",9300,16.175508499145508,False,14.363774402289181,116,0.011328125
0110100111,833,"[2, 1, 0, 3]",600,16.1895751953125,True,14.363774402289181,116,0.011328125
0110100111,834,"[2, 1, 3, 0]",9300,16.210079193115234,False,14.363774402289181,116,0.011328125
0110100111,835,"[2, 1, 0, 3]",600,16.223907470703125,True,14.363774402289181,116,0.011328125
0110100111,836,"[2, 1, 3, 0]",9300,16.242504119873047,False,14.363774402289181,116,0.011328125
0110100111,837,"[2, 1, 0, 3]",600,16.256093978881836,True,14.363774402289181,116,0.011328125
0110100111,838,"[2, 1, 3, 0]",9300,16.274690628051758,False,14.363774402289181,116,0.011328125
0110100111,839,"[2, 1, 0, 3]",600,16.28851890563965,True,14.363774402289181,116,0.011328125
0110100111,840,"[2, 1, 3, 0]",9300,16.30711555480957,False,14.363774402289181,116,0.011328125
0110100111,841,"[2, 1, 0, 3]",600,16.32094383239746,True,14.363774402289181,116,0.011328125
0110100111,842,"[2, 1, 3, 0]",9300,16.33906364440918,False,14.363774402289181,116,0.011328125
0110100111,843,"[2, 1, 0, 3]",600,16.353130340576172,True,14.363774402289181,116,0.011328125
0110100111,844,"[2, 1, 3, 0]",9300,16.37125015258789,False,14.363774402289181,116,0.011328125
0110100111,845,"[2, 1, 0, 3]",600,16.385555267333984,True,14.363774402289181,116,0.011328125
0110100111,846,"[2, 1, 3, 0]",9300,16.403913497924805,False,14.363774402289181,116,0.011328125
0110100111,847,"[2, 1, 0, 3]",600,16.417980194091797,True,14.363774402289181,116,0.011328125
0110100111,848,"[2, 1, 3, 0]",9300,16.436100006103516,False,14.363774402289181,116,0.011328125
0110100111,849,"[2, 1, 0, 3]",600,16.449689865112305,True,14.363774402289181,116,0.011328125
0110100111,850,"[2, 1, 3, 0]",9300,16.468286514282227,False,14.363774402289181,116,0.011328125
0110100111,851,"[2, 1, 0, 3]",600,16.482114791870117,True,14.363774402289181,116,0.011328125
0110100111,852,"[2, 1, 3, 0]",9300,16.50094985961914,False,14.363774402289181,116,0.011328125
0110100111,853,"[2, 1, 0, 3]",600,16.51453971862793,True,14.363774402289181,116,0.011328125
0110100111,854,"[2, 1, 3, 0]",9300,16.53313636779785,False,14.363774402289181,116,0.011328125
0110100111,855,"[2, 1, 0, 3]",600,16.547203063964844,True,14.363774402289181,116,0.011328125
0110100111,856,"[2, 1, 3, 0]",9300,16.567468643188477,False,14.363774402289181,116,0.011328125
0110100111,857,"[2, 1, 0, 3]",600,16.581296920776367,True,14.363774402289181,116,0.011328125
0110100111,858,"[2, 1, 3, 0]",9300,16.599655151367188,False,14.363774402289181,116,0.011328125
0110100111,859,"[2, 1, 0, 3]",600,16.613245010375977,True,14.363774402289181,116,0.011328125
0110100111,860,"[2, 1, 3, 0]",9300,16.632080078125,False,14.363774402289181,116,0.011328125
0110100111,861,"[2, 1, 0, 3]",600,16.645431518554688,True,14.363774402289181,116,0.011328125
0110100111,862,"[2, 1, 3, 0]",9300,16.66402816772461,False,14.363774402289181,116,0.011328125
0110100111,863,"[2, 1, 0, 3]",600,16.6778564453125,True,14.363774402289181,116,0.011328125
0110100111,864,"[2, 1, 3, 0]",9300,16.696453094482422,False,14.363774402289181,116,0.011328125
0110100111,865,"[2, 1, 0, 3]",600,16.710281372070312,True,14.363774402289181,116,0.011328125
0110100111,866,"[2, 1, 3, 0]",9300,16.72840118408203,False,14.363774402289181,116,0.011328125
0110100111,867,"[2, 1, 0, 3]",600,16.742706298828125,True,14.363774402289181,116,0.011328125
0011010101,868,"[1, 3, 2, 0]",9450,16.76344871520996,False,14.110739454205536,84,0.008203125
0011010101,869,"[1, 0, 3, 2]",465,16.780853271484375,True,14.110739454205536,84,0.008203125
0011010101,870,"[1, 3, 2, 0]",9450,16.7999267578125,False,14.110739454205536,84,0.008203125
0011010101,871,"[1, 0, 3, 2]",465,16.814708709716797,True,14.110739454205536,84,0.008203125
0011010101,872,"[1, 3, 2, 0]",9450,16.83330535888672,False,14.110739454205536,84,0.008203125
0011010101,873,"[1, 0, 3, 2]",465,16.847610473632812,True,14.110739454205536,84,0.008203125
0011010101,874,"[1, 3, 2, 0]",9450,16.87765121459961,False,14.110739454205536,84,0.008203125
0011010101,875,"[1, 0, 3, 2]",465,16.89457893371582,True,14.110739454205536,84,0.008203125
0011010101,876,"[1, 3, 2, 0]",9450,16.919612884521484,False,14.110739454205536,84,0.008203125
0011010101,877,"[1, 0, 3, 2]",465,16.936063766479492,True,14.110739454205536,84,0.008203125
0011010101,878,"[1, 3, 2, 0]",9450,16.957759857177734,False,14.110739454205536,84,0.008203125
0011010101,879,"[1, 0, 3, 2]",465,16.974925994873047,True,14.110739454205536,84,0.008203125
0011010101,880,"[1, 3, 2, 0]",9450,16.999006271362305,False,14.110739454205536,84,0.008203125
0011010101,881,"[1, 0, 3, 2]",465,17.01521873474121,True,14.110739454205536,84,0.008203125
0011010101,882,"[1, 3, 2, 0]",9450,17.037630081176758,False,14.110739454205536,84,0.008203125
0011010101,883,"[1, 0, 3, 2]",465,17.053604125976562,True,14.110739454205536,84,0.008203125
0011010101,884,"[1, 3, 2, 0]",9450,17.0748233795166,False,14.110739454205536,84,0.008203125
0011010101,885,"[1, 0, 3, 2]",465,17.090559005737305,True,14.110739454205536,84,0.008203125
0011010101,886,"[1, 3, 2, 0]",9450,17.112255096435547,False,14.110739454205536,84,0.008203125
0011010101,887,"[1, 0, 3, 2]",465,17.12799072265625,True,14.110739454205536,84,0.008203125
0011010101,888,"[1, 3, 2, 0]",9450,17.149686813354492,False,14.110739454205536,84,0.008203125
0011010101,889,"[1, 0, 3, 2]",465,17.165660858154297,True,14.110739454205536,84,0.008203125
0011010101,890,"[1, 3, 2, 0]",9450,17.197370529174805,False,14.110739454205536,84,0.008203125
0011010101,891,"[1, 0, 3, 2]",465,17.212629318237305,True,14.110739454205536,84,0.008203125
0011010101,892,"[1, 3, 2, 0]",9450,17.232894897460938,False,14.110739454205536,84,0.008203125
0011010101,893,"[1, 0, 3, 2]",465,17.247915267944336,True,14.110739454205536,84,0.008203125
0011010101,894,"[1, 3, 2, 0]",9450,17.26841926574707,False,14.110739454205536,84,0.008203125
0011010101,895,"[1, 0, 3, 2]",465,17.284154891967773,True,14.110739454205536,84,0.008203125
0011010101,896,"[1, 3, 2, 0]",9450,17.306804656982422,False,14.110739454205536,84,0.008203125
0011010101,897,"[1, 0, 3, 2]",465,17.322063446044922,True,14.110739454205536,84,0.008203125
0011010101,898,"[1, 3, 2, 0]",9450,17.342567443847656,False,14.110739454205536,84,0.008203125
0011010101,899,"[1, 0, 3, 2]",465,17.358064651489258,True,14.110739454205536,84,0.008203125
0011010101,900,"[1, 3, 2, 0]",9450,17.378807067871094,False,14.110739454205536,84,0.008203125
0011010101,901,"[1, 0, 3, 2]",465,17.394065856933594,True,14.110739454205536,84,0.008203125
0011010101,902,"[1, 3, 2, 0]",9450,17.414093017578125,False,14.110739454205536,84,0.008203125
0011010101,903,"[1, 0, 3, 2]",465,17.429351806640625,True,14.110739454205536,84,0.008203125
0011010101,904,"[1, 3, 2, 0]",9450,17.449378967285156,False,14.110739454205536,84,0.008203125
0011010101,905,"[1, 0, 3, 2]",465,17.464399337768555,True,14.110739454205536,84,0.008203125
0011010101,906,"[1, 3, 2, 0]",9450,17.484664916992188,False,14.110739454205536,84,0.008203125
0011010101,907,"[1, 0, 3, 2]",465,17.499923706054688,True,14.110739454205536,84,0.008203125
0011010101,908,"[1, 3, 2, 0]",9450,17.52018928527832,False,14.110739454205536,84,0.008203125
0011010101,909,"[1, 0, 3, 2]",465,17.53544807434082,True,14.110739454205536,84,0.008203125
0011010101,910,"[1, 3, 2, 0]",9450,17.555713653564453,False,14.110739454205536,84,0.008203125
0011010101,911,"[1, 0, 3, 2]",465,17.57073402404785,True,14.110739454205536,84,0.008203125
0011010101,912,"[1, 3, 2, 0]",9450,17.590999603271484,False,14.110739454205536,84,0.008203125
0011010101,913,"[1, 0, 3, 2]",465,17.60578155517578,True,14.110739454205536,84,0.008203125
0011010101,914,"[1, 3, 2, 0]",9450,17.625808715820312,False,14.110739454205536,84,0.008203125
0011010101,915,"[1, 0, 3, 2]",465,17.64082908630371,True,14.110739454205536,84,0.008203125
0011010101,916,"[1, 3, 2, 0]",9450,17.661333084106445,False,14.110739454205536,84,0.008203125
0011010101,917,"[1, 0, 3, 2]",465,17.676353454589844,True,14.110739454205536,84,0.008203125
0011010101,918,"[1, 3, 2, 0]",9450,17.69876480102539,False,14.110739454205536,84,0.008203125
0011010101,919,"[1, 0, 3, 2]",465,17.71378517150879,True,14.110739454205536,84,0.008203125
0011010101,920,"[1, 3, 2, 0]",9450,17.734289169311523,False,14.110739454205536,84,0.008203125
0011010101,921,"[1, 0, 3, 2]",465,17.749309539794922,True,14.110739454205536,84,0.008203125
0011010101,922,"[1, 3, 2, 0]",9450,17.769575119018555,False,14.110739454205536,84,0.008203125
0011010101,923,"[1, 0, 3, 2]",465,17.785072326660156,True,14.110739454205536,84,0.008203125
0011010101,924,"[1, 3, 2, 0]",9450,17.80557632446289,False,14.110739454205536,84,0.008203125
0011010101,925,"[1, 0, 3, 2]",465,17.82059669494629,True,14.110739454205536,84,0.008203125
0011010101,926,"[1, 3, 2, 0]",9450,17.841100692749023,False,14.110739454205536,84,0.008203125
0011010101,927,"[1, 0, 3, 2]",465,17.856121063232422,True,14.110739454205536,84,0.008203125
0011010101,928,"[1, 3, 2, 0]",9450,17.876625061035156,False,14.110739454205536,84,0.008203125
0011010101,929,"[1, 0, 3, 2]",465,17.89259910583496,True,14.110739454205536,84,0.008203125
0011010101,930,"[1, 3, 2, 0]",9450,17.915010452270508,False,14.110739454205536,84,0.008203125
0011010101,931,"[1, 0, 3, 2]",465,17.940044403076172,True,14.110739454205536,84,0.008203125
0011010101,932,"[1, 3, 2, 0]",9450,17.958879470825195,False,14.110739454205536,84,0.008203125
0011010101,933,"[1, 0, 3, 2]",465,17.972230911254883,True,14.110739454205536,84,0.008203125
0011010101,934,"[1, 3, 2, 0]",9450,17.9898738861084,False,14.110739454205536,84,0.008203125
0011010101,935,"[1, 0, 3, 2]",465,18.00251007080078,True,14.110739454205536,84,0.008203125
0011010101,936,"[1, 3, 2, 0]",9450,18.0206298828125,False,14.110739454205536,84,0.008203125
0011010101,937,"[1, 0, 3, 2]",465,18.033742904663086,True,14.110739454205536,84,0.008203125
0011010101,938,"[1, 3, 2, 0]",9450,18.070220947265625,False,14.110739454205536,84,0.008203125
0011010101,939,"[1, 0, 3, 2]",465,18.083810806274414,True,14.110739454205536,84,0.008203125
0011010101,940,"[1, 3, 2, 0]",9450,18.1124210357666,False,14.110739454205536,84,0.008203125
0011010101,941,"[1, 0, 3, 2]",465,18.12601089477539,True,14.110739454205536,84,0.008203125
0011010101,942,"[1, 3, 2, 0]",9450,18.153905868530273,False,14.110739454205536,84,0.008203125
0011010101,943,"[1, 0, 3, 2]",465,18.167734146118164,True,14.110739454205536,84,0.008203125
0011010101,944,"[1, 3, 2, 0]",9450,18.195629119873047,False,14.110739454205536,84,0.008203125
0011010101,945,"[1, 0, 3, 2]",465,18.209457397460938,True,14.110739454205536,84,0.008203125
0011010101,946,"[1, 3, 2, 0]",9450,18.237829208374023,False,14.110739454205536,84,0.008203125
0011010101,947,"[1, 0, 3, 2]",465,18.251419067382812,True,14.110739454205536,84,0.008203125
0011010101,948,"[1, 3, 2, 0]",9450,18.280029296875,False,14.110739454205536,84,0.008203125
0011010101,949,"[1, 0, 3, 2]",465,18.29361915588379,True,14.110739454205536,84,0.008203125
0011010101,950,"[1, 3, 2, 0]",9450,18.321752548217773,False,14.110739454205536,84,0.008203125
0011010101,951,"[1, 0, 3, 2]",465,18.335342407226562,True,14.110739454205536,84,0.008203125
0011010101,952,"[1, 3, 2, 0]",9450,18.363475799560547,False,14.110739454205536,84,0.008203125
0011010101,953,"[1, 0, 3, 2]",465,18.37754249572754,True,14.110739454205536,84,0.008203125
0011010101,954,"[1, 3, 2, 0]",9450,18.405437469482422,False,14.110739454205536,84,0.008203125
0011010101,955,"[1, 0, 3, 2]",465,18.419504165649414,True,14.110739454205536,84,0.008203125
0011010101,956,"[1, 3, 2, 0]",9450,18.4478759765625,False,14.110739454205536,84,0.008203125
0011010101,957,"[1, 0, 3, 2]",465,18.461942672729492,True,14.110739454205536,84,0.008203125
0011010101,958,"[1, 3, 2, 0]",9450,18.49818229675293,False,14.110739454205536,84,0.008203125
0011010101,959,"[1, 0, 3, 2]",465,18.514394760131836,True,14.110739454205536,84,0.008203125
0011010101,960,"[1, 3, 2, 0]",9450,18.534421920776367,False,14.110739454205536,84,0.008203125
0011010101,961,"[1, 0, 3, 2]",465,18.548250198364258,True,14.110739454205536,84,0.008203125
0011010101,962,"[1, 3, 2, 0]",9450,18.565654754638672,False,14.110739454205536,84,0.008203125
0011010101,963,"[1, 0, 3, 2]",465,18.57900619506836,True,14.110739454205536,84,0.008203125
0011010101,964,"[1, 3, 2, 0]",9450,18.596887588500977,False,14.110739454205536,84,0.008203125
0011010101,965,"[1, 0, 3, 2]",465,18.610000610351562,True,14.110739454205536,84,0.008203125
0011010101,966,"[1, 3, 2, 0]",9450,18.627643585205078,False,14.110739454205536,84,0.008203125
0011010101,967,"[1, 0, 3, 2]",465,18.640995025634766,True,14.110739454205536,84,0.008203125
0011010101,968,"[1, 3, 2, 0]",9450,18.658876419067383,False,14.110739454205536,84,0.008203125
0011010101,969,"[1, 0, 3, 2]",465,18.67222785949707,True,14.110739454205536,84,0.008203125
0011010101,970,"[1, 3, 2, 0]",9450,18.689632415771484,False,14.110739454205536,84,0.008203125
0011010101,971,"[1, 0, 3, 2]",465,18.703222274780273,True,14.110739454205536,84,0.008203125
0011010101,972,"[1, 3, 2, 0]",9450,18.72086524963379,False,14.110739454205536,84,0.008203125
0011010101,973,"[1, 0, 3, 2]",465,18.733978271484375,True,14.110739454205536,84,0.008203125
0011010101,974,"[1, 3, 2, 0]",9450,18.75138282775879,False,14.110739454205536,84,0.008203125
0011010101,975,"[1, 0, 3, 2]",465,18.764734268188477,True,14.110739454205536,84,0.008203125
0011010101,976,"[1, 3, 2, 0]",9450,18.78213882446289,False,14.110739454205536,84,0.008203125
0011010101,977,"[1, 0, 3, 2]",465,18.795490264892578,True,14.110739454205536,84,0.008203125
0011010101,978,"[1, 3, 2, 0]",9450,18.813133239746094,False,14.110739454205536,84,0.008203125
0011010101,979,"[1, 0, 3, 2]",465,18.828392028808594,True,14.110739454205536,84,0.008203125
0011010101,980,"[1, 3, 2, 0]",9450,18.847227096557617,False,14.110739454205536,84,0.008203125
0011010101,981,"[1, 0, 3, 2]",465,18.860340118408203,True,14.110739454205536,84,0.008203125
0011010101,982,"[1, 3, 2, 0]",9450,18.87989044189453,False,14.110739454205536,84,0.008203125
0011010101,983,"[1, 0, 3, 2]",465,18.893718719482422,True,14.110739454205536,84,0.008203125
0011010101,984,"[1, 3, 2, 0]",9450,18.911361694335938,False,14.110739454205536,84,0.008203125
0011010101,985,"[1, 0, 3, 2]",465,18.925189971923828,True,14.110739454205536,84,0.008203125
0011010101,986,"[1, 3, 2, 0]",9450,18.942594528198242,False,14.110739454205536,84,0.008203125
0011010101,987,"[1, 0, 3, 2]",465,18.956661224365234,True,14.110739454205536,84,0.008203125
0011010101,988,"[1, 3, 2, 0]",9450,18.97454261779785,False,14.110739454205536,84,0.008203125
0011010101,989,"[1, 0, 3, 2]",465,18.988609313964844,True,14.110739454205536,84,0.008203125
0011010101,990,"[1, 3, 2, 0]",9450,19.006013870239258,False,14.110739454205536,84,0.008203125
0011010101,991,"[1, 0, 3, 2]",465,19.021034240722656,True,14.110739454205536,84,0.008203125
0011010101,992,"[1, 3, 2, 0]",9450,19.040584564208984,False,14.110739454205536,84,0.008203125
0011010101,993,"[1, 0, 3, 2]",465,19.053936004638672,True,14.110739454205536,84,0.008203125
0011010101,994,"[1, 3, 2, 0]",9450,19.071340560913086,False,14.110739454205536,84,0.008203125
0011010101,995,"[1, 0, 3, 2]",465,19.084692001342773,True,14.110739454205536,84,0.008203125
0011010101,996,"[1, 3, 2, 0]",9450,19.10233497619629,False,14.110739454205536,84,0.008203125
0011010101,997,"[1, 0, 3, 2]",465,19.115686416625977,True,14.110739454205536,84,0.008203125
0011010101,998,"[1, 3, 2, 0]",9450,19.133329391479492,False,14.110739454205536,84,0.008203125
0011010101,999,"[1, 0, 3, 2]",465,19.14691925048828,True,14.110739454205536,84,0.008203125
0011010101,1000,"[1, 3, 2, 0]",9450,19.1648006439209,False,14.110739454205536,84,0.008203125
0011010101,1001,"[1, 0, 3, 2]",465,19.177913665771484,True,14.110739454205536,84,0.008203125
0011010101,1002,"[1, 3, 2, 0]",9450,19.197702407836914,False,14.110739454205536,84,0.008203125
0011010101,1003,"[1, 0, 3, 2]",465,19.2108154296875,True,14.110739454205536,84,0.008203125
0011010101,1004,"[1, 3, 2, 0]",9450,19.228696823120117,False,14.110739454205536,84,0.008203125
0011010101,1005,"[1, 0, 3, 2]",465,19.241809844970703,True,14.110739454205536,84,0.008203125
0011010101,1006,"[1, 3, 2, 0]",9450,19.259214401245117,False,14.110739454205536,84,0.008203125
0011010101,1007,"[1, 0, 3, 2]",465,19.272565841674805,True,14.110739454205536,84,0.008203125
0011010101,1008,"[1, 3, 2, 0]",9450,19.290447235107422,False,14.110739454205536,84,0.008203125
0011010101,1009,"[1, 0, 3, 2]",465,19.303560256958008,True,14.110739454205536,84,0.008203125
0011010101,1010,"[1, 3, 2, 0]",9450,19.321203231811523,False,14.110739454205536,84,0.008203125
0011010101,1011,"[1, 0, 3, 2]",465,19.33455467224121,True,14.110739454205536,84,0.008203125
0011010101,1012,"[1, 3, 2, 0]",9450,19.352436065673828,False,14.110739454205536,84,0.008203125
0011010101,1013,"[1, 0, 3, 2]",465,19.365787506103516,True,14.110739454205536,84,0.008203125
0011010101,1014,"[1, 3, 2, 0]",9450,19.38319206237793,False,14.110739454205536,84,0.008203125
0011010101,1015,"[1, 0, 3, 2]",465,19.39678192138672,True,14.110739454205536,84,0.008203125
0011010101,1016,"[1, 3, 2, 0]",9450,19.414186477661133,False,14.110739454205536,84,0.008203125
0011010101,1017,"[1, 0, 3, 2]",465,19.42753791809082,True,14.110739454205536,84,0.008203125
0011010101,1018,"[1, 3, 2, 0]",9450,19.444942474365234,False,14.110739454205536,84,0.008203125
0011010101,1019,"[1, 0, 3, 2]",465,19.458293914794922,True,14.110739454205536,84,0.008203125
0011010101,1020,"[1, 3, 2, 0]",9450,19.475936889648438,False,14.110739454205536,84,0.008203125
0011010101,1021,"[1, 0, 3, 2]",465,19.489288330078125,True,14.110739454205536,84,0.008203125
0011010101,1022,"[1, 3, 2, 0]",9450,19.50836181640625,False,14.110739454205536,84,0.008203125
0011010101,1023,"[1, 0, 3, 2]",465,19.521713256835938,True,14.110739454205536,84,0.008203125
0011010101,1024,"[1, 3, 2, 0]",9450,19.539356231689453,False,14.110739454205536,84,0.008203125
0011010101,1025,"[1, 0, 3, 2]",465,19.55270767211914,True,14.110739454205536,84,0.008203125
0011010101,1026,"[1, 3, 2, 0]",9450,19.570350646972656,False,14.110739454205536,84,0.008203125
0011010101,1027,"[1, 0, 3, 2]",465,19.583702087402344,True,14.110739454205536,84,0.008203125
0011010101,1028,"[1, 3, 2, 0]",9450,19.60134506225586,False,14.110739454205536,84,0.008203125
0011010101,1029,"[1, 0, 3, 2]",465,19.614696502685547,True,14.110739454205536,84,0.008203125
0011010101,1030,"[1, 3, 2, 0]",9450,19.632577896118164,False,14.110739454205536,84,0.008203125
0011010101,1031,"[1, 0, 3, 2]",465,19.64592933654785,True,14.110739454205536,84,0.008203125
0011010101,1032,"[1, 3, 2, 0]",9450,19.666194915771484,False,14.110739454205536,84,0.008203125
0011010101,1033,"[1, 0, 3, 2]",465,19.67930793762207,True,14.110739454205536,84,0.008203125
0011010101,1034,"[1, 3, 2, 0]",9450,19.696950912475586,False,14.110739454205536,84,0.008203125
0011010101,1035,"[1, 0, 3, 2]",465,19.710063934326172,True,14.110739454205536,84,0.008203125
0110110110,1036,"[2, 1, 3, 0]",9300,19.72794532775879,False,20.456314071920076,72,0.00703125
0110110110,1037,"[2, 1, 0, 3]",600,19.74177360534668,True,20.456314071920076,72,0.00703125
0110110110,1038,"[2, 1, 3, 0]",9300,19.759178161621094,False,20.456314071920076,72,0.00703125
0110110110,1039,"[2, 1, 0, 3]",600,19.77252960205078,True,20.456314071920076,72,0.00703125
0110110110,1040,"[2, 1, 3, 0]",9300,19.7904109954834,False,20.456314071920076,72,0.00703125
0110110110,1041,"[2, 1, 0, 3]",600,19.804000854492188,True,20.456314071920076,72,0.00703125
0110110110,1042,"[2, 1, 3, 0]",9300,19.821882247924805,False,20.456314071920076,72,0.00703125
0110110110,1043,"[2, 1, 0, 3]",600,19.8361873626709,True,20.456314071920076,72,0.00703125
0110110110,1044,"[2, 1, 3, 0]",9300,19.85955238342285,False,20.456314071920076,72,0.00703125
0110110110,1045,"[2, 1, 0, 3]",600,19.87314224243164,True,20.456314071920076,72,0.00703125
0110110110,1046,"[2, 1, 3, 0]",9300,19.891023635864258,False,20.456314071920076,72,0.00703125
0110110110,1047,"[2, 1, 0, 3]",600,19.904375076293945,True,20.456314071920076,72,0.00703125
0110110110,1048,"[2, 1, 3, 0]",9300,19.92201805114746,False,20.456314071920076,72,0.00703125
0110110110,1049,"[2, 1, 0, 3]",600,19.93536949157715,True,20.456314071920076,72,0.00703125
0110110110,1050,"[2, 1, 3, 0]",9300,19.953012466430664,False,20.456314071920076,72,0.00703125
0110110110,1051,"[2, 1, 0, 3]",600,19.96636390686035,True,20.456314071920076,72,0.00703125
0110110110,1052,"[2, 1, 3, 0]",9300,19.984006881713867,False,20.456314071920076,72,0.00703125
0110110110,1053,"[2, 1, 0, 3]",600,19.997358322143555,True,20.456314071920076,72,0.00703125
0110110110,1054,"[2, 1, 3, 0]",9300,20.01500129699707,False,20.456314071920076,72,0.00703125
0110110110,1055,"[2, 1, 0, 3]",600,20.028352737426758,True,20.456314071920076,72,0.00703125
0110110110,1056,"[2, 1, 3, 0]",9300,20.045757293701172,False,20.456314071920076,72,0.00703125
0110110110,1057,"[2, 1, 0, 3]",600,20.05910873413086,True,20.456314071920076,72,0.00703125
0110110110,1058,"[2, 1, 3, 0]",9300,20.076513290405273,False,20.456314071920076,72,0.00703125
0110110110,1059,"[2, 1, 0, 3]",600,20.08962631225586,True,20.456314071920076,72,0.00703125
0110110110,1060,"[2, 1, 3, 0]",9300,20.107269287109375,False,20.456314071920076,72,0.00703125
0110110110,1061,"[2, 1, 0, 3]",600,20.12038230895996,True,20.456314071920076,72,0.00703125
0110110110,1062,"[2, 1, 3, 0]",9300,20.137786865234375,False,20.456314071920076,72,0.00703125
0110110110,1063,"[2, 1, 0, 3]",600,20.151376724243164,True,20.456314071920076,72,0.00703125
0110110110,1064,"[2, 1, 3, 0]",9300,20.170927047729492,False,20.456314071920076,72,0.00703125
0110110110,1065,"[2, 1, 0, 3]",600,20.184040069580078,True,20.456314071920076,72,0.00703125
0110110110,1066,"[2, 1, 3, 0]",9300,20.201444625854492,False,20.456314071920076,72,0.00703125
0110110110,1067,"[2, 1, 0, 3]",600,20.21479606628418,True,20.456314071920076,72,0.00703125
0110110110,1068,"[2, 1, 3, 0]",9300,20.232200622558594,False,20.456314071920076,72,0.00703125
0110110110,1069,"[2, 1, 0, 3]",600,20.24555206298828,True,20.456314071920076,72,0.00703125
0110110110,1070,"[2, 1, 3, 0]",9300,20.263195037841797,False,20.456314071920076,72,0.00703125
0110110110,1071,"[2, 1, 0, 3]",600,20.276308059692383,True,20.456314071920076,72,0.00703125
0110110110,1072,"[2, 1, 3, 0]",9300,20.293712615966797,False,20.456314071920076,72,0.00703125
0110110110,1073,"[2, 1, 0, 3]",600,20.307302474975586,True,20.456314071920076,72,0.00703125
0110110110,1074,"[2, 1, 3, 0]",9300,20.32470703125,False,20.456314071920076,72,0.00703125
0110110110,1075,"[2, 1, 0, 3]",600,20.338058471679688,True,20.456314071920076,72,0.00703125
0110110110,1076,"[2, 1, 3, 0]",9300,20.3554630279541,False,20.456314071920076,72,0.00703125
0110110110,1077,"[2, 1, 0, 3]",600,20.368576049804688,True,20.456314071920076,72,0.00703125
0110110110,1078,"[2, 1, 3, 0]",9300,20.3859806060791,False,20.456314071920076,72,0.00703125
0110110110,1079,"[2, 1, 0, 3]",600,20.399093627929688,True,20.456314071920076,72,0.00703125
0110110110,1080,"[2, 1, 3, 0]",9300,20.417451858520508,False,20.456314071920076,72,0.00703125
0110110110,1081,"[2, 1, 0, 3]",600,20.430803298950195,True,20.456314071920076,72,0.00703125
0110110110,1082,"[2, 1, 3, 0]",9300,20.450115203857422,False,20.456314071920076,72,0.00703125
0110110110,1083,"[2, 1, 0, 3]",600,20.46370506286621,True,20.456314071920076,72,0.00703125
0110110110,1084,"[2, 1, 3, 0]",9300,20.48206329345703,False,20.456314071920076,72,0.00703125
0110110110,1085,"[2, 1, 0, 3]",600,20.495176315307617,True,20.456314071920076,72,0.00703125
0110110110,1086,"[2, 1, 3, 0]",9300,20.514726638793945,False,20.456314071920076,72,0.00703125
0110110110,1087,"[2, 1, 0, 3]",600,20.528316497802734,True,20.456314071920076,72,0.00703125
0110110110,1088,"[2, 1, 3, 0]",9300,20.54595947265625,False,20.456314071920076,72,0.00703125
0110110110,1089,"[2, 1, 0, 3]",600,20.559310913085938,True,20.456314071920076,72,0.00703125
0110110110,1090,"[2, 1, 3, 0]",9300,20.576953887939453,False,20.456314071920076,72,0.00703125
0110110110,1091,"[2, 1, 0, 3]",600,20.59006690979004,True,20.456314071920076,72,0.00703125
0110110110,1092,"[2, 1, 3, 0]",9300,20.607709884643555,False,20.456314071920076,72,0.00703125
0110110110,1093,"[2, 1, 0, 3]",600,20.621061325073242,True,20.456314071920076,72,0.00703125
0110110110,1094,"[2, 1, 3, 0]",9300,20.638465881347656,False,20.456314071920076,72,0.00703125
0110110110,1095,"[2, 1, 0, 3]",600,20.651578903198242,True,20.456314071920076,72,0.00703125
0110110110,1096,"[2, 1, 3, 0]",9300,20.66946029663086,False,20.456314071920076,72,0.00703125
0110110110,1097,"[2, 1, 0, 3]",600,20.682573318481445,True,20.456314071920076,72,0.00703125
0110110110,1098,"[2, 1, 3, 0]",9300,20.69997787475586,False,20.456314071920076,72,0.00703125
0110110110,1099,"[2, 1, 0, 3]",600,20.713329315185547,True,20.456314071920076,72,0.00703125
0110110110,1100,"[2, 1, 3, 0]",9300,20.746707916259766,False,20.456314071920076,72,0.00703125
0110110110,1101,"[2, 1, 0, 3]",600,20.760536193847656,True,20.456314071920076,72,0.00703125
0110110110,1102,"[2, 1, 3, 0]",9300,20.778656005859375,False,20.456314071920076,72,0.00703125
0110110110,1103,"[2, 1, 0, 3]",600,20.792484283447266,True,20.456314071920076,72,0.00703125
0110110110,1104,"[2, 1, 3, 0]",9300,20.810842514038086,False,20.456314071920076,72,0.00703125
0110110110,1105,"[2, 1, 0, 3]",600,20.824909210205078,True,20.456314071920076,72,0.00703125
0110110110,1106,"[2, 1, 3, 0]",9300,20.84517478942871,False,20.456314071920076,72,0.00703125
0110110110,1107,"[2, 1, 0, 3]",600,20.8590030670166,True,20.456314071920076,72,0.00703125
0110110110,1108,"[2, 1, 3, 0]",9300,20.877361297607422,False,20.456314071920076,72,0.00703125
0110110110,1109,"[2, 1, 0, 3]",600,20.891189575195312,True,20.456314071920076,72,0.00703125
0110110110,1110,"[2, 1, 3, 0]",9300,20.910024642944336,False,20.456314071920076,72,0.00703125
0110110110,1111,"[2, 1, 0, 3]",600,20.923852920532227,True,20.456314071920076,72,0.00703125
0110110110,1112,"[2, 1, 3, 0]",9300,20.942211151123047,False,20.456314071920076,72,0.00703125
0110110110,1113,"[2, 1, 0, 3]",600,20.956039428710938,True,20.456314071920076,72,0.00703125
0110110110,1114,"[2, 1, 3, 0]",9300,20.974397659301758,False,20.456314071920076,72,0.00703125
0110110110,1115,"[2, 1, 0, 3]",600,20.98822593688965,True,20.456314071920076,72,0.00703125
0110110110,1116,"[2, 1, 3, 0]",9300,21.00658416748047,False,20.456314071920076,72,0.00703125
0110110110,1117,"[2, 1, 0, 3]",600,21.02065086364746,True,20.456314071920076,72,0.00703125
0110110110,1118,"[2, 1, 3, 0]",9300,21.03877067565918,False,20.456314071920076,72,0.00703125
0110110110,1119,"[2, 1, 0, 3]",600,21.05259895324707,True,20.456314071920076,72,0.00703125
0110110110,1120,"[2, 1, 3, 0]",9300,21.07071876525879,False,20.456314071920076,72,0.00703125
0110110110,1121,"[2, 1, 0, 3]",600,21.08454704284668,True,20.456314071920076,72,0.00703125
0110110110,1122,"[2, 1, 3, 0]",9300,21.1029052734375,False,20.456314071920076,72,0.00703125
0110110110,1123,"[2, 1, 0, 3]",600,21.11673355102539,True,20.456314071920076,72,0.00703125
0110110110,1124,"[2, 1, 3, 0]",9300,21.13509178161621,False,20.456314071920076,72,0.00703125
0110110110,1125,"[2, 1, 0, 3]",600,21.149396896362305,True,20.456314071920076,72,0.00703125
0110110110,1126,"[2, 1, 3, 0]",9300,21.167755126953125,False,20.456314071920076,72,0.00703125
0110110110,1127,"[2, 1, 0, 3]",600,21.18206024169922,True,20.456314071920076,72,0.00703125
0110110110,1128,"[2, 1, 3, 0]",9300,21.20232582092285,False,20.456314071920076,72,0.00703125
0110110110,1129,"[2, 1, 0, 3]",600,21.216392517089844,True,20.456314071920076,72,0.00703125
0110110110,1130,"[2, 1, 3, 0]",9300,21.235227584838867,False,20.456314071920076,72,0.00703125
0110110110,1131,"[2, 1, 0, 3]",600,21.24953269958496,True,20.456314071920076,72,0.00703125
0110110110,1132,"[2, 1, 3, 0]",9300,21.270751953125,False,20.456314071920076,72,0.00703125
0110110110,1133,"[2, 1, 0, 3]",600,21.285057067871094,True,20.456314071920076,72,0.00703125
0110110110,1134,"[2, 1, 3, 0]",9300,21.303176879882812,False,20.456314071920076,72,0.00703125
0110110110,1135,"[2, 1, 0, 3]",600,21.317243576049805,True,20.456314071920076,72,0.00703125
0110110110,1136,"[2, 1, 3, 0]",9300,21.336078643798828,False,20.456314071920076,72,0.00703125
0110110110,1137,"[2, 1, 0, 3]",600,21.34990692138672,True,20.456314071920076,72,0.00703125
0110110110,1138,"[2, 1, 3, 0]",9300,21.36850357055664,False,20.456314071920076,72,0.00703125
0110110110,1139,"[2, 1, 0, 3]",600,21.38233184814453,True,20.456314071920076,72,0.00703125
0110110110,1140,"[2, 1, 3, 0]",9300,21.40069007873535,False,20.456314071920076,72,0.00703125
0110110110,1141,"[2, 1, 0, 3]",600,21.414518356323242,True,20.456314071920076,72,0.00703125
0110110110,1142,"[2, 1, 3, 0]",9300,21.433115005493164,False,20.456314071920076,72,0.00703125
0110110110,1143,"[2, 1, 0, 3]",600,21.446704864501953,True,20.456314071920076,72,0.00703125
0110110110,1144,"[2, 1, 3, 0]",9300,21.465301513671875,False,20.456314071920076,72,0.00703125
0110110110,1145,"[2, 1, 0, 3]",600,21.478891372680664,True,20.456314071920076,72,0.00703125
0110110110,1146,"[2, 1, 3, 0]",9300,21.497488021850586,False,20.456314071920076,72,0.00703125
0110110110,1147,"[2, 1, 0, 3]",600,21.511316299438477,True,20.456314071920076,72,0.00703125
0110110110,1148,"[2, 1, 3, 0]",9300,21.53182029724121,False,20.456314071920076,72,0.00703125
0110110110,1149,"[2, 1, 0, 3]",600,21.5456485748291,True,20.456314071920076,72,0.00703125
0110110110,1150,"[2, 1, 3, 0]",9300,21.564006805419922,False,20.456314071920076,72,0.00703125
0110110110,1151,"[2, 1, 0, 3]",600,21.577835083007812,True,20.456314071920076,72,0.00703125
0110110110,1152,"[2, 1, 3, 0]",9300,21.596431732177734,False,20.456314071920076,72,0.00703125
0110110110,1153,"[2, 1, 0, 3]",600,21.610498428344727,True,20.456314071920076,72,0.00703125
0110110110,1154,"[2, 1, 3, 0]",9300,21.628856658935547,False,20.456314071920076,72,0.00703125
0110110110,1155,"[2, 1, 0, 3]",600,21.643400192260742,True,20.456314071920076,72,0.00703125
0110110110,1156,"[2, 1, 3, 0]",9300,21.661758422851562,False,20.456314071920076,72,0.00703125
0110110110,1157,"[2, 1, 0, 3]",600,21.67677879333496,True,20.456314071920076,72,0.00703125
0110110110,1158,"[2, 1, 3, 0]",9300,21.69489860534668,False,20.456314071920076,72,0.00703125
0110110110,1159,"[2, 1, 0, 3]",600,21.709442138671875,True,20.456314071920076,72,0.00703125
0110110110,1160,"[2, 1, 3, 0]",9300,21.729469299316406,False,20.456314071920076,72,0.00703125
0110110110,1161,"[2, 1, 0, 3]",600,21.7437744140625,True,20.456314071920076,72,0.00703125
0110110110,1162,"[2, 1, 3, 0]",9300,21.761655807495117,False,20.456314071920076,72,0.00703125
0110110110,1163,"[2, 1, 0, 3]",600,21.80027961730957,True,20.456314071920076,72,0.00703125
0110110110,1164,"[2, 1, 3, 0]",9300,21.819353103637695,False,20.456314071920076,72,0.00703125
0110110110,1165,"[2, 1, 0, 3]",600,21.833419799804688,True,20.456314071920076,72,0.00703125
0110110110,1166,"[2, 1, 3, 0]",9300,21.851778030395508,False,20.456314071920076,72,0.00703125
0110110110,1167,"[2, 1, 0, 3]",600,21.8658447265625,True,20.456314071920076,72,0.00703125
0110110110,1168,"[2, 1, 3, 0]",9300,21.884918212890625,False,20.456314071920076,72,0.00703125
0110110110,1169,"[2, 1, 0, 3]",600,21.898508071899414,True,20.456314071920076,72,0.00703125
0110110110,1170,"[2, 1, 3, 0]",9300,21.91925048828125,False,20.456314071920076,72,0.00703125
0110110110,1171,"[2, 1, 0, 3]",600,21.93307876586914,True,20.456314071920076,72,0.00703125
0110110110,1172,"[2, 1, 3, 0]",9300,21.95143699645996,False,20.456314071920076,72,0.00703125
0110110110,1173,"[2, 1, 0, 3]",600,21.975040435791016,True,20.456314071920076,72,0.00703125
0110110110,1174,"[2, 1, 3, 0]",9300,21.99268341064453,False,20.456314071920076,72,0.00703125
0110110110,1175,"[2, 1, 0, 3]",600,22.00603485107422,True,20.456314071920076,72,0.00703125
0110110110,1176,"[2, 1, 3, 0]",9300,22.023677825927734,False,20.456314071920076,72,0.00703125
0110110110,1177,"[2, 1, 0, 3]",600,22.03655242919922,True,20.456314071920076,72,0.00703125
0110110110,1178,"[2, 1, 3, 0]",9300,22.053956985473633,False,20.456314071920076,72,0.00703125
0110110110,1179,"[2, 1, 0, 3]",600,22.06730842590332,True,20.456314071920076,72,0.00703125
0010110010,1180,"[2, 1, 3, 0]",9300,22.085189819335938,False,15.87456625076201,71,0.00693359375
0010110010,1181,"[2, 1, 0, 3]",600,22.098779678344727,True,15.87456625076201,71,0.00693359375
0010110010,1182,"[2, 1, 3, 0]",9300,22.118568420410156,False,15.87456625076201,71,0.00693359375
0010110010,1183,"[2, 1, 0, 3]",600,22.132158279418945,True,15.87456625076201,71,0.00693359375
0010110010,1184,"[2, 1, 3, 0]",9300,22.150039672851562,False,15.87456625076201,71,0.00693359375
0010110010,1185,"[2, 1, 0, 3]",600,22.16339111328125,True,15.87456625076201,71,0.00693359375
0010110010,1186,"[2, 1, 3, 0]",9300,22.181034088134766,False,15.87456625076201,71,0.00693359375
0010110010,1187,"[2, 1, 0, 3]",600,22.194623947143555,True,15.87456625076201,71,0.00693359375
0010110010,1188,"[2, 1, 3, 0]",9300,22.21226692199707,False,15.87456625076201,71,0.00693359375
0010110010,1189,"[2, 1, 0, 3]",600,22.22609519958496,True,15.87456625076201,71,0.00693359375
0010110010,1190,"[2, 1, 3, 0]",9300,22.245168685913086,False,15.87456625076201,71,0.00693359375
0010110010,1191,"[2, 1, 0, 3]",600,22.258520126342773,True,15.87456625076201,71,0.00693359375
0010110010,1192,"[2, 1, 3, 0]",9300,22.27616310119629,False,15.87456625076201,71,0.00693359375
0010110010,1193,"[2, 1, 0, 3]",600,22.289514541625977,True,15.87456625076201,71,0.00693359375
0010110010,1194,"[2, 1, 3, 0]",9300,22.30691909790039,False,15.87456625076201,71,0.00693359375
0010110010,1195,"[2, 1, 0, 3]",600,22.320032119750977,True,15.87456625076201,71,0.00693359375
0010110010,1196,"[2, 1, 3, 0]",9300,22.33743667602539,False,15.87456625076201,71,0.00693359375
0010110010,1197,"[2, 1, 0, 3]",600,22.350788116455078,True,15.87456625076201,71,0.00693359375
0010110010,1198,"[2, 1, 3, 0]",9300,22.368431091308594,False,15.87456625076201,71,0.00693359375
0010110010,1199,"[2, 1, 0, 3]",600,22.38154411315918,True,15.87456625076201,71,0.00693359375
0010110010,1200,"[2, 1, 3, 0]",9300,22.399187088012695,False,15.87456625076201,71,0.00693359375
0010110010,1201,"[2, 1, 0, 3]",600,22.412538528442383,True,15.87456625076201,71,0.00693359375
0010110010,1202,"[2, 1, 3, 0]",9300,22.429943084716797,False,15.87456625076201,71,0.00693359375
0010110010,1203,"[2, 1, 0, 3]",600,22.443056106567383,True,15.87456625076201,71,0.00693359375
0010110010,1204,"[2, 1, 3, 0]",9300,22.4606990814209,False,15.87456625076201,71,0.00693359375
0010110010,1205,"[2, 1, 0, 3]",600,22.473812103271484,True,15.87456625076201,71,0.00693359375
0010110010,1206,"[2, 1, 3, 0]",9300,22.491455078125,False,15.87456625076201,71,0.00693359375
0010110010,1207,"[2, 1, 0, 3]",600,22.504568099975586,True,15.87456625076201,71,0.00693359375
0010110010,1208,"[2, 1, 3, 0]",9300,22.5222110748291,False,15.87456625076201,71,0.00693359375
0010110010,1209,"[2, 1, 0, 3]",600,22.53556251525879,True,15.87456625076201,71,0.00693359375
0010110010,1210,"[2, 1, 3, 0]",9300,22.553205490112305,False,15.87456625076201,71,0.00693359375
0010110010,1211,"[2, 1, 0, 3]",600,22.566795349121094,True,15.87456625076201,71,0.00693359375
0010110010,1212,"[2, 1, 3, 0]",9300,22.586345672607422,False,15.87456625076201,71,0.00693359375
0010110010,1213,"[2, 1, 0, 3]",600,22.59969711303711,True,15.87456625076201,71,0.00693359375
0010110010,1214,"[2, 1, 3, 0]",9300,22.617340087890625,False,15.87456625076201,71,0.00693359375
0010110010,1215,"[2, 1, 0, 3]",600,22.63045310974121,True,15.87456625076201,71,0.00693359375
0010110010,1216,"[2, 1, 3, 0]",9300,22.647857666015625,False,15.87456625076201,71,0.00693359375
0010110010,1217,"[2, 1, 0, 3]",600,22.661447525024414,True,15.87456625076201,71,0.00693359375
0010110010,1218,"[2, 1, 3, 0]",9300,22.678852081298828,False,15.87456625076201,71,0.00693359375
0010110010,1219,"[2, 1, 0, 3]",600,22.692441940307617,True,15.87456625076201,71,0.00693359375
0010110010,1220,"[2, 1, 3, 0]",9300,22.70984649658203,False,15.87456625076201,71,0.00693359375
0010110010,1221,"[2, 1, 0, 3]",600,22.72319793701172,True,15.87456625076201,71,0.00693359375
0010110010,1222,"[2, 1, 3, 0]",9300,22.740602493286133,False,15.87456625076201,71,0.00693359375
0010110010,1223,"[2, 1, 0, 3]",600,22.75395393371582,True,15.87456625076201,71,0.00693359375
0010110010,1224,"[2, 1, 3, 0]",9300,22.771596908569336,False,15.87456625076201,71,0.00693359375
0010110010,1225,"[2, 1, 0, 3]",600,22.784948348999023,True,15.87456625076201,71,0.00693359375
0010110010,1226,"[2, 1, 3, 0]",9300,22.80282974243164,False,15.87456625076201,71,0.00693359375
0010110010,1227,"[2, 1, 0, 3]",600,22.815942764282227,True,15.87456625076201,71,0.00693359375
0010110010,1228,"[2, 1, 3, 0]",9300,22.83334732055664,False,15.87456625076201,71,0.00693359375
0010110010,1229,"[2, 1, 0, 3]",600,22.846698760986328,True,15.87456625076201,71,0.00693359375
0010110010,1230,"[2, 1, 3, 0]",9300,22.864341735839844,False,15.87456625076201,71,0.00693359375
0010110010,1231,"[2, 1, 0, 3]",600,22.87912368774414,True,15.87456625076201,71,0.00693359375
0010110010,1232,"[2, 1, 3, 0]",9300,22.897720336914062,False,15.87456625076201,71,0.00693359375
0010110010,1233,"[2, 1, 0, 3]",600,22.91083335876465,True,15.87456625076201,71,0.00693359375
0010110010,1234,"[2, 1, 3, 0]",9300,22.930622100830078,False,15.87456625076201,71,0.00693359375
0010110010,1235,"[2, 1, 0, 3]",600,22.943735122680664,True,15.87456625076201,71,0.00693359375
0010110010,1236,"[2, 1, 3, 0]",9300,22.96137809753418,False,15.87456625076201,71,0.00693359375
0010110010,1237,"[2, 1, 0, 3]",600,22.974491119384766,True,15.87456625076201,71,0.00693359375
0010110010,1238,"[2, 1, 3, 0]",9300,22.99213409423828,False,15.87456625076201,71,0.00693359375
0010110010,1239,"[2, 1, 0, 3]",600,23.005008697509766,True,15.87456625076201,71,0.00693359375
0010110010,1240,"[2, 1, 3, 0]",9300,23.02241325378418,False,15.87456625076201,71,0.00693359375
0010110010,1241,"[2, 1, 0, 3]",600,23.035526275634766,True,15.87456625076201,71,0.00693359375
0010110010,1242,"[2, 1, 3, 0]",9300,23.05316925048828,False,15.87456625076201,71,0.00693359375
0010110010,1243,"[2, 1, 0, 3]",600,23.06652069091797,True,15.87456625076201,71,0.00693359375
0010110010,1244,"[2, 1, 3, 0]",9300,23.083925247192383,False,15.87456625076201,71,0.00693359375
0010110010,1245,"[2, 1, 0, 3]",600,23.09727668762207,True,15.87456625076201,71,0.00693359375
0010110010,1246,"[2, 1, 3, 0]",9300,23.114919662475586,False,15.87456625076201,71,0.00693359375
0010110010,1247,"[2, 1, 0, 3]",600,23.128271102905273,True,15.87456625076201,71,0.00693359375
0010110010,1248,"[2, 1, 3, 0]",9300,23.14591407775879,False,15.87456625076201,71,0.00693359375
0010110010,1249,"[2, 1, 0, 3]",600,23.159027099609375,True,15.87456625076201,71,0.00693359375
0010110010,1250,"[2, 1, 3, 0]",9300,23.17667007446289,False,15.87456625076201,71,0.00693359375
0010110010,1251,"[2, 1, 0, 3]",600,23.189783096313477,True,15.87456625076201,71,0.00693359375
0010110010,1252,"[2, 1, 3, 0]",9300,23.207426071166992,False,15.87456625076201,71,0.00693359375
0010110010,1253,"[2, 1, 0, 3]",600,23.220539093017578,True,15.87456625076201,71,0.00693359375
0010110010,1254,"[2, 1, 3, 0]",9300,23.239850997924805,False,15.87456625076201,71,0.00693359375
0010110010,1255,"[2, 1, 0, 3]",600,23.25296401977539,True,15.87456625076201,71,0.00693359375
0010110010,1256,"[2, 1, 3, 0]",9300,23.270606994628906,False,15.87456625076201,71,0.00693359375
0010110010,1257,"[2, 1, 0, 3]",600,23.283720016479492,True,15.87456625076201,71,0.00693359375
0010110010,1258,"[2, 1, 3, 0]",9300,23.301362991333008,False,15.87456625076201,71,0.00693359375
0010110010,1259,"[2, 1, 0, 3]",600,23.314237594604492,True,15.87456625076201,71,0.00693359375
0010110010,1260,"[2, 1, 3, 0]",9300,23.33211898803711,False,15.87456625076201,71,0.00693359375
0010110010,1261,"[2, 1, 0, 3]",600,23.344993591308594,True,15.87456625076201,71,0.00693359375
0010110010,1262,"[2, 1, 3, 0]",9300,23.36263656616211,False,15.87456625076201,71,0.00693359375
0010110010,1263,"[2, 1, 0, 3]",600,23.375511169433594,True,15.87456625076201,71,0.00693359375
0010110010,1264,"[2, 1, 3, 0]",9300,23.392915725708008,False,15.87456625076201,71,0.00693359375
0010110010,1265,"[2, 1, 0, 3]",600,23.406028747558594,True,15.87456625076201,71,0.00693359375
0010110010,1266,"[2, 1, 3, 0]",9300,23.423433303833008,False,15.87456625076201,71,0.00693359375
0010110010,1267,"[2, 1, 0, 3]",600,23.436546325683594,True,15.87456625076201,71,0.00693359375
0010110010,1268,"[2, 1, 3, 0]",9300,23.45442771911621,False,15.87456625076201,71,0.00693359375
0010110010,1269,"[2, 1, 0, 3]",600,23.467540740966797,True,15.87456625076201,71,0.00693359375
0010110010,1270,"[2, 1, 3, 0]",9300,23.48494529724121,False,15.87456625076201,71,0.00693359375
0010110010,1271,"[2, 1, 0, 3]",600,23.498058319091797,True,15.87456625076201,71,0.00693359375
0010110010,1272,"[2, 1, 3, 0]",9300,23.51522445678711,False,15.87456625076201,71,0.00693359375
0010110010,1273,"[2, 1, 0, 3]",600,23.529052734375,True,15.87456625076201,71,0.00693359375
0010110010,1274,"[2, 1, 3, 0]",9300,23.548364639282227,False,15.87456625076201,71,0.00693359375
0010110010,1275,"[2, 1, 0, 3]",600,23.561716079711914,True,15.87456625076201,71,0.00693359375
0010110010,1276,"[2, 1, 3, 0]",9300,23.579120635986328,False,15.87456625076201,71,0.00693359375
0010110010,1277,"[2, 1, 0, 3]",600,23.592472076416016,True,15.87456625076201,71,0.00693359375
0010110010,1278,"[2, 1, 3, 0]",9300,23.60987663269043,False,15.87456625076201,71,0.00693359375
0010110010,1279,"[2, 1, 0, 3]",600,23.622989654541016,True,15.87456625076201,71,0.00693359375
0010110010,1280,"[2, 1, 3, 0]",9300,23.640155792236328,False,15.87456625076201,71,0.00693359375
0010110010,1281,"[2, 1, 0, 3]",600,23.653507232666016,True,15.87456625076201,71,0.00693359375
0010110010,1282,"[2, 1, 3, 0]",9300,23.671388626098633,False,15.87456625076201,71,0.00693359375
0010110010,1283,"[2, 1, 0, 3]",600,23.684978485107422,True,15.87456625076201,71,0.00693359375
0010110010,1284,"[2, 1, 3, 0]",9300,23.705005645751953,False,15.87456625076201,71,0.00693359375
0010110010,1285,"[2, 1, 0, 3]",600,23.71835708618164,True,15.87456625076201,71,0.00693359375
0010110010,1286,"[2, 1, 3, 0]",9300,23.736000061035156,False,15.87456625076201,71,0.00693359375
0010110010,1287,"[2, 1, 0, 3]",600,23.749351501464844,True,15.87456625076201,71,0.00693359375
0010110010,1288,"[2, 1, 3, 0]",9300,23.766756057739258,False,15.87456625076201,71,0.00693359375
0010110010,1289,"[2, 1, 0, 3]",600,23.780107498168945,True,15.87456625076201,71,0.00693359375
0010110010,1290,"[2, 1, 3, 0]",9300,23.79751205444336,False,15.87456625076201,71,0.00693359375
0010110010,1291,"[2, 1, 0, 3]",600,23.810625076293945,True,15.87456625076201,71,0.00693359375
0010110010,1292,"[2, 1, 3, 0]",9300,23.828506469726562,False,15.87456625076201,71,0.00693359375
0010110010,1293,"[2, 1, 0, 3]",600,23.84471893310547,True,15.87456625076201,71,0.00693359375
0010110010,1294,"[2, 1, 3, 0]",9300,23.86331558227539,False,15.87456625076201,71,0.00693359375
0010110010,1295,"[2, 1, 0, 3]",600,23.876667022705078,True,15.87456625076201,71,0.00693359375
0010110010,1296,"[2, 1, 3, 0]",9300,23.896217346191406,False,15.87456625076201,71,0.00693359375
0010110010,1297,"[2, 1, 0, 3]",600,23.909568786621094,True,15.87456625076201,71,0.00693359375
0010110010,1298,"[2, 1, 3, 0]",9300,23.92721176147461,False,15.87456625076201,71,0.00693359375
0010110010,1299,"[2, 1, 0, 3]",600,23.940563201904297,True,15.87456625076201,71,0.00693359375
0010110010,1300,"[2, 1, 3, 0]",9300,23.958444595336914,False,15.87456625076201,71,0.00693359375
0010110010,1301,"[2, 1, 0, 3]",600,23.9717960357666,True,15.87456625076201,71,0.00693359375
0010110010,1302,"[2, 1, 3, 0]",9300,23.989200592041016,False,15.87456625076201,71,0.00693359375
0010110010,1303,"[2, 1, 0, 3]",600,24.003028869628906,True,15.87456625076201,71,0.00693359375
0010110010,1304,"[2, 1, 3, 0]",9300,24.02043342590332,False,15.87456625076201,71,0.00693359375
0010110010,1305,"[2, 1, 0, 3]",600,24.03402328491211,True,15.87456625076201,71,0.00693359375
0010110010,1306,"[2, 1, 3, 0]",9300,24.051666259765625,False,15.87456625076201,71,0.00693359375
0010110010,1307,"[2, 1, 0, 3]",600,24.06477928161621,True,15.87456625076201,71,0.00693359375
0010110010,1308,"[2, 1, 3, 0]",9300,24.082422256469727,False,15.87456625076201,71,0.00693359375
0010110010,1309,"[2, 1, 0, 3]",600,24.095535278320312,True,15.87456625076201,71,0.00693359375
0010110010,1310,"[2, 1, 3, 0]",9300,24.11341667175293,False,15.87456625076201,71,0.00693359375
0010110010,1311,"[2, 1, 0, 3]",600,24.126529693603516,True,15.87456625076201,71,0.00693359375
0010110010,1312,"[2, 1, 3, 0]",9300,24.14393424987793,False,15.87456625076201,71,0.00693359375
0010110010,1313,"[2, 1, 0, 3]",600,24.157285690307617,True,15.87456625076201,71,0.00693359375
0010110010,1314,"[2, 1, 3, 0]",9300,24.175167083740234,False,15.87456625076201,71,0.00693359375
0010110010,1315,"[2, 1, 0, 3]",600,24.188518524169922,True,15.87456625076201,71,0.00693359375
0010110010,1316,"[2, 1, 3, 0]",9300,24.20783042907715,False,15.87456625076201,71,0.00693359375
0010110010,1317,"[2, 1, 0, 3]",600,24.221181869506836,True,15.87456625076201,71,0.00693359375
0010110010,1318,"[2, 1, 3, 0]",9300,24.23858642578125,False,15.87456625076201,71,0.00693359375
0010110010,1319,"[2, 1, 0, 3]",600,24.251461029052734,True,15.87456625076201,71,0.00693359375
0010110010,1320,"[2, 1, 3, 0]",9300,24.26910400390625,False,15.87456625076201,71,0.00693359375
0010110010,1321,"[2, 1, 0, 3]",600,24.282455444335938,True,15.87456625076201,71,0.00693359375
1001010001,1322,"[0, 2, 1, 3]",500,24.303197860717773,False,11.18188720114459,71,0.00693359375
1001010001,1323,"[0, 1, 2, 3]",315,24.318695068359375,True,11.18188720114459,71,0.00693359375
1001010001,1324,"[0, 2, 1, 3]",500,24.336814880371094,False,11.18188720114459,71,0.00693359375
1001010001,1325,"[0, 1, 2, 3]",315,24.350881576538086,True,11.18188720114459,71,0.00693359375
1001010001,1326,"[0, 2, 1, 3]",500,24.3685245513916,False,11.18188720114459,71,0.00693359375
1001010001,1327,"[0, 1, 2, 3]",315,24.38211441040039,True,11.18188720114459,71,0.00693359375
1001010001,1328,"[0, 2, 1, 3]",500,24.401426315307617,False,11.18188720114459,71,0.00693359375
1001010001,1329,"[0, 1, 2, 3]",315,24.42622184753418,True,11.18188720114459,71,0.00693359375
1001010001,1330,"[0, 2, 1, 3]",500,24.446725845336914,False,11.18188720114459,71,0.00693359375
1001010001,1331,"[0, 1, 2, 3]",315,24.462461471557617,True,11.18188720114459,71,0.00693359375
1001010001,1332,"[0, 2, 1, 3]",500,24.48296546936035,False,11.18188720114459,71,0.00693359375
1001010001,1333,"[0, 1, 2, 3]",315,24.49822425842285,True,11.18188720114459,71,0.00693359375
1001010001,1334,"[0, 2, 1, 3]",500,24.5211124420166,False,11.18188720114459,71,0.00693359375
1001010001,1335,"[0, 1, 2, 3]",315,24.5363712310791,True,11.18188720114459,71,0.00693359375
1001010001,1336,"[0, 2, 1, 3]",500,24.558305740356445,False,11.18188720114459,71,0.00693359375
1001010001,1337,"[0, 1, 2, 3]",315,24.573564529418945,True,11.18188720114459,71,0.00693359375
1001010001,1338,"[0, 2, 1, 3]",500,24.593591690063477,False,11.18188720114459,71,0.00693359375
1001010001,1339,"[0, 1, 2, 3]",315,24.608373641967773,True,11.18188720114459,71,0.00693359375
1001010001,1340,"[0, 2, 1, 3]",500,24.628400802612305,False,11.18188720114459,71,0.00693359375
1001010001,1341,"[0, 1, 2, 3]",315,24.6431827545166,True,11.18188720114459,71,0.00693359375
1001010001,1342,"[0, 2, 1, 3]",500,24.66297149658203,False,11.18188720114459,71,0.00693359375
1001010001,1343,"[0, 1, 2, 3]",315,24.677753448486328,True,11.18188720114459,71,0.00693359375
1001010001,1344,"[0, 2, 1, 3]",500,24.69778060913086,False,11.18188720114459,71,0.00693359375
1001010001,1345,"[0, 1, 2, 3]",315,24.712562561035156,True,11.18188720114459,71,0.00693359375
1001010001,1346,"[0, 2, 1, 3]",500,24.732351303100586,False,11.18188720114459,71,0.00693359375
1001010001,1347,"[0, 1, 2, 3]",315,24.747133255004883,True,11.18188720114459,71,0.00693359375
1001010001,1348,"[0, 2, 1, 3]",500,24.767160415649414,False,11.18188720114459,71,0.00693359375
1001010001,1349,"[0, 1, 2, 3]",315,24.78194236755371,True,11.18188720114459,71,0.00693359375
1001010001,1350,"[0, 2, 1, 3]",500,24.801969528198242,False,11.18188720114459,71,0.00693359375
1001010001,1351,"[0, 1, 2, 3]",315,24.81675148010254,True,11.18188720114459,71,0.00693359375
1001010001,1352,"[0, 2, 1, 3]",500,24.83677864074707,False,11.18188720114459,71,0.00693359375
1001010001,1353,"[0, 1, 2, 3]",315,24.85179901123047,True,11.18188720114459,71,0.00693359375
1001010001,1354,"[0, 2, 1, 3]",500,24.8715877532959,False,11.18188720114459,71,0.00693359375
1001010001,1355,"[0, 1, 2, 3]",315,24.8868465423584,True,11.18188720114459,71,0.00693359375
1001010001,1356,"[0, 2, 1, 3]",500,24.907350540161133,False,11.18188720114459,71,0.00693359375
1001010001,1357,"[0, 1, 2, 3]",315,24.922609329223633,True,11.18188720114459,71,0.00693359375
1001010001,1358,"[0, 2, 1, 3]",500,24.944782257080078,False,11.18188720114459,71,0.00693359375
1001010001,1359,"[0, 1, 2, 3]",315,24.96027946472168,True,11.18188720114459,71,0.00693359375
1001010001,1360,"[0, 2, 1, 3]",500,24.98006820678711,False,11.18188720114459,71,0.00693359375
1001010001,1361,"[0, 1, 2, 3]",315,24.99532699584961,True,11.18188720114459,71,0.00693359375
1001010001,1362,"[0, 2, 1, 3]",500,25.014877319335938,False,11.18188720114459,71,0.00693359375
1001010001,1363,"[0, 1, 2, 3]",315,25.030136108398438,True,11.18188720114459,71,0.00693359375
1001010001,1364,"[0, 2, 1, 3]",500,25.049686431884766,False,11.18188720114459,71,0.00693359375
1001010001,1365,"[0, 1, 2, 3]",315,25.064945220947266,True,11.18188720114459,71,0.00693359375
1001010001,1366,"[0, 2, 1, 3]",500,25.084495544433594,False,11.18188720114459,71,0.00693359375
1001010001,1367,"[0, 1, 2, 3]",315,25.099515914916992,True,11.18188720114459,71,0.00693359375
1001010001,1368,"[0, 2, 1, 3]",500,25.127887725830078,False,11.18188720114459,71,0.00693359375
1001010001,1369,"[0, 1, 2, 3]",315,25.141239166259766,True,11.18188720114459,71,0.00693359375
1001010001,1370,"[0, 2, 1, 3]",500,25.15864372253418,False,11.18188720114459,71,0.00693359375
1001010001,1371,"[0, 1, 2, 3]",315,25.171518325805664,True,11.18188720114459,71,0.00693359375
1001010001,1372,"[0, 2, 1, 3]",500,25.188922882080078,False,11.18188720114459,71,0.00693359375
1001010001,1373,"[0, 1, 2, 3]",315,25.202035903930664,True,11.18188720114459,71,0.00693359375
1001010001,1374,"[0, 2, 1, 3]",500,25.219202041625977,False,11.18188720114459,71,0.00693359375
1001010001,1375,"[0, 1, 2, 3]",315,25.232315063476562,True,11.18188720114459,71,0.00693359375
1001010001,1376,"[0, 2, 1, 3]",500,25.249719619750977,False,11.18188720114459,71,0.00693359375
1001010001,1377,"[0, 1, 2, 3]",315,25.263071060180664,True,11.18188720114459,71,0.00693359375
1001010001,1378,"[0, 2, 1, 3]",500,25.28214454650879,False,11.18188720114459,71,0.00693359375
1001010001,1379,"[0, 1, 2, 3]",315,25.295257568359375,True,11.18188720114459,71,0.00693359375
1001010001,1380,"[0, 2, 1, 3]",500,25.31266212463379,False,11.18188720114459,71,0.00693359375
1001010001,1381,"[0, 1, 2, 3]",315,25.326013565063477,True,11.18188720114459,71,0.00693359375
1001010001,1382,"[0, 2, 1, 3]",500,25.343656539916992,False,11.18188720114459,71,0.00693359375
1001010001,1383,"[0, 1, 2, 3]",315,25.35700798034668,True,11.18188720114459,71,0.00693359375
1001010001,1384,"[0, 2, 1, 3]",500,25.37822723388672,False,11.18188720114459,71,0.00693359375
1001010001,1385,"[0, 1, 2, 3]",315,25.391578674316406,True,11.18188720114459,71,0.00693359375
1001010001,1386,"[0, 2, 1, 3]",500,25.40874481201172,False,11.18188720114459,71,0.00693359375
1001010001,1387,"[0, 1, 2, 3]",315,25.422096252441406,True,11.18188720114459,71,0.00693359375
1001010001,1388,"[0, 2, 1, 3]",500,25.43950080871582,False,11.18188720114459,71,0.00693359375
1001010001,1389,"[0, 1, 2, 3]",315,25.452136993408203,True,11.18188720114459,71,0.00693359375
1001010001,1390,"[0, 2, 1, 3]",500,25.469064712524414,False,11.18188720114459,71,0.00693359375
1001010001,1391,"[0, 1, 2, 3]",315,25.4819393157959,True,11.18188720114459,71,0.00693359375
1001010001,1392,"[0, 2, 1, 3]",500,25.49910545349121,False,11.18188720114459,71,0.00693359375
1001010001,1393,"[0, 1, 2, 3]",315,25.511741638183594,True,11.18188720114459,71,0.00693359375
1001010001,1394,"[0, 2, 1, 3]",500,25.528907775878906,False,11.18188720114459,71,0.00693359375
1001010001,1395,"[0, 1, 2, 3]",315,25.54178237915039,True,11.18188720114459,71,0.00693359375
1001010001,1396,"[0, 2, 1, 3]",500,25.559186935424805,False,11.18188720114459,71,0.00693359375
1001010001,1397,"[0, 1, 2, 3]",315,25.571823120117188,True,11.18188720114459,71,0.00693359375
1001010001,1398,"[0, 2, 1, 3]",500,25.5892276763916,False,11.18188720114459,71,0.00693359375
1001010001,1399,"[0, 1, 2, 3]",315,25.602102279663086,True,11.18188720114459,71,0.00693359375
1001010001,1400,"[0, 2, 1, 3]",500,25.62117576599121,False,11.18188720114459,71,0.00693359375
1001010001,1401,"[0, 1, 2, 3]",315,25.634050369262695,True,11.18188720114459,71,0.00693359375
1001010001,1402,"[0, 2, 1, 3]",500,25.65145492553711,False,11.18188720114459,71,0.00693359375
1001010001,1403,"[0, 1, 2, 3]",315,25.664091110229492,True,11.18188720114459,71,0.00693359375
1001010001,1404,"[0, 2, 1, 3]",500,25.681257247924805,False,11.18188720114459,71,0.00693359375
1001010001,1405,"[0, 1, 2, 3]",315,25.69413185119629,True,11.18188720114459,71,0.00693359375
1001010001,1406,"[0, 2, 1, 3]",500,25.7112979888916,False,11.18188720114459,71,0.00693359375
1001010001,1407,"[0, 1, 2, 3]",315,25.723695755004883,True,11.18188720114459,71,0.00693359375
1001010001,1408,"[0, 2, 1, 3]",500,25.740861892700195,False,11.18188720114459,71,0.00693359375
1001010001,1409,"[0, 1, 2, 3]",315,25.75373649597168,True,11.18188720114459,71,0.00693359375
1001010001,1410,"[0, 2, 1, 3]",500,25.77066421508789,False,11.18188720114459,71,0.00693359375
1001010001,1411,"[0, 1, 2, 3]",315,25.783538818359375,True,11.18188720114459,71,0.00693359375
1001010001,1412,"[0, 2, 1, 3]",500,25.80094337463379,False,11.18188720114459,71,0.00693359375
1001010001,1413,"[0, 1, 2, 3]",315,25.813817977905273,True,11.18188720114459,71,0.00693359375
1001010001,1414,"[0, 2, 1, 3]",500,25.830984115600586,False,11.18188720114459,71,0.00693359375
1001010001,1415,"[0, 1, 2, 3]",315,25.844097137451172,True,11.18188720114459,71,0.00693359375
1001010001,1416,"[0, 2, 1, 3]",500,25.861024856567383,False,11.18188720114459,71,0.00693359375
1001010001,1417,"[0, 1, 2, 3]",315,25.87413787841797,True,11.18188720114459,71,0.00693359375
1001010001,1418,"[0, 2, 1, 3]",500,25.89106559753418,False,11.18188720114459,71,0.00693359375
1001010001,1419,"[0, 1, 2, 3]",315,25.904178619384766,True,11.18188720114459,71,0.00693359375
1001010001,1420,"[0, 2, 1, 3]",500,25.923728942871094,False,11.18188720114459,71,0.00693359375
1001010001,1421,"[0, 1, 2, 3]",315,25.936603546142578,True,11.18188720114459,71,0.00693359375
1001010001,1422,"[0, 2, 1, 3]",500,25.95376968383789,False,11.18188720114459,71,0.00693359375
1001010001,1423,"[0, 1, 2, 3]",315,25.966644287109375,True,11.18188720114459,71,0.00693359375
1001010001,1424,"[0, 2, 1, 3]",500,25.983810424804688,False,11.18188720114459,71,0.00693359375
1001010001,1425,"[0, 1, 2, 3]",315,25.996923446655273,True,11.18188720114459,71,0.00693359375
1001010001,1426,"[0, 2, 1, 3]",500,26.014089584350586,False,11.18188720114459,71,0.00693359375
1001010001,1427,"[0, 1, 2, 3]",315,26.027202606201172,True,11.18188720114459,71,0.00693359375
1001010001,1428,"[0, 2, 1, 3]",500,26.044368743896484,False,11.18188720114459,71,0.00693359375
1001010001,1429,"[0, 1, 2, 3]",315,26.05724334716797,True,11.18188720114459,71,0.00693359375
1001010001,1430,"[0, 2, 1, 3]",500,26.07417106628418,False,11.18188720114459,71,0.00693359375
1001010001,1431,"[0, 1, 2, 3]",315,26.087284088134766,True,11.18188720114459,71,0.00693359375
1001010001,1432,"[0, 2, 1, 3]",500,26.10492706298828,False,11.18188720114459,71,0.00693359375
1001010001,1433,"[0, 1, 2, 3]",315,26.11827850341797,True,11.18188720114459,71,0.00693359375
1001010001,1434,"[0, 2, 1, 3]",500,26.137351989746094,False,11.18188720114459,71,0.00693359375
1001010001,1435,"[0, 1, 2, 3]",315,26.15046501159668,True,11.18188720114459,71,0.00693359375
1001010001,1436,"[0, 2, 1, 3]",500,26.167869567871094,False,11.18188720114459,71,0.00693359375
1001010001,1437,"[0, 1, 2, 3]",315,26.18122100830078,True,11.18188720114459,71,0.00693359375
1001010001,1438,"[0, 2, 1, 3]",500,26.198625564575195,False,11.18188720114459,71,0.00693359375
1001010001,1439,"[0, 1, 2, 3]",315,26.211977005004883,True,11.18188720114459,71,0.00693359375
1001010001,1440,"[0, 2, 1, 3]",500,26.2296199798584,False,11.18188720114459,71,0.00693359375
1001010001,1441,"[0, 1, 2, 3]",315,26.242733001708984,True,11.18188720114459,71,0.00693359375
1001010001,1442,"[0, 2, 1, 3]",500,26.26180648803711,False,11.18188720114459,71,0.00693359375
1001010001,1443,"[0, 1, 2, 3]",315,26.275157928466797,True,11.18188720114459,71,0.00693359375
1001010001,1444,"[0, 2, 1, 3]",500,26.29256248474121,False,11.18188720114459,71,0.00693359375
1001010001,1445,"[0, 1, 2, 3]",315,26.305675506591797,True,11.18188720114459,71,0.00693359375
1001010001,1446,"[0, 2, 1, 3]",500,26.32284164428711,False,11.18188720114459,71,0.00693359375
1001010001,1447,"[0, 1, 2, 3]",315,26.335954666137695,True,11.18188720114459,71,0.00693359375
1001010001,1448,"[0, 2, 1, 3]",500,26.35359764099121,False,11.18188720114459,71,0.00693359375
1001010001,1449,"[0, 1, 2, 3]",315,26.366710662841797,True,11.18188720114459,71,0.00693359375
1001010001,1450,"[0, 2, 1, 3]",500,26.38387680053711,False,11.18188720114459,71,0.00693359375
1001010001,1451,"[0, 1, 2, 3]",315,26.396512985229492,True,11.18188720114459,71,0.00693359375
1001010001,1452,"[0, 2, 1, 3]",500,26.413679122924805,False,11.18188720114459,71,0.00693359375
1001010001,1453,"[0, 1, 2, 3]",315,26.42655372619629,True,11.18188720114459,71,0.00693359375
1001010001,1454,"[0, 2, 1, 3]",500,26.443958282470703,False,11.18188720114459,71,0.00693359375
1001010001,1455,"[0, 1, 2, 3]",315,26.456832885742188,True,11.18188720114459,71,0.00693359375
1001010001,1456,"[0, 2, 1, 3]",500,26.4739990234375,False,11.18188720114459,71,0.00693359375
1001010001,1457,"[0, 1, 2, 3]",315,26.486635208129883,True,11.18188720114459,71,0.00693359375
1001010001,1458,"[0, 2, 1, 3]",500,26.503562927246094,False,11.18188720114459,71,0.00693359375
1001010001,1459,"[0, 1, 2, 3]",315,26.516437530517578,True,11.18188720114459,71,0.00693359375
1001010001,1460,"[0, 2, 1, 3]",500,26.533842086791992,False,11.18188720114459,71,0.00693359375
1001010001,1461,"[0, 1, 2, 3]",315,26.546955108642578,True,11.18188720114459,71,0.00693359375
1001010001,1462,"[0, 2, 1, 3]",500,26.5657901763916,False,11.18188720114459,71,0.00693359375
1001010001,1463,"[0, 1, 2, 3]",315,26.578903198242188,True,11.18188720114459,71,0.00693359375
0001111111,1464,"[3, 2, 1, 0]",9600,26.596784591674805,False,17.889370673819272,68,0.006640625
0001111111,1465,"[3, 2, 1, 0]",9600,26.610851287841797,True,17.889370673819272,68,0.006640625
0001111111,1466,"[3, 2, 1, 0]",9600,26.628494262695312,False,17.889370673819272,68,0.006640625
0001111111,1467,"[3, 2, 1, 0]",9600,26.642322540283203,True,17.889370673819272,68,0.006640625
0001111111,1468,"[3, 2, 1, 0]",9600,26.65996551513672,False,17.889370673819272,68,0.006640625
0001111111,1469,"[3, 2, 1, 0]",9600,26.673316955566406,True,17.889370673819272,68,0.006640625
0001111111,1470,"[3, 2, 1, 0]",9600,26.69072151184082,False,17.889370673819272,68,0.006640625
0001111111,1471,"[3, 2, 1, 0]",9600,26.703834533691406,True,17.889370673819272,68,0.006640625
0001111111,1472,"[3, 2, 1, 0]",9600,26.721477508544922,False,17.889370673819272,68,0.006640625
0001111111,1473,"[3, 2, 1, 0]",9600,26.734590530395508,True,17.889370673819272,68,0.006640625
0001111111,1474,"[3, 2, 1, 0]",9600,26.751995086669922,False,17.889370673819272,68,0.006640625
0001111111,1475,"[3, 2, 1, 0]",9600,26.764869689941406,True,17.889370673819272,68,0.006640625
0001111111,1476,"[3, 2, 1, 0]",9600,26.78227424621582,False,17.889370673819272,68,0.006640625
0001111111,1477,"[3, 2, 1, 0]",9600,26.795148849487305,True,17.889370673819272,68,0.006640625
0001111111,1478,"[3, 2, 1, 0]",9600,26.81279182434082,False,17.889370673819272,68,0.006640625
0001111111,1479,"[3, 2, 1, 0]",9600,26.825666427612305,True,17.889370673819272,68,0.006640625
0001111111,1480,"[3, 2, 1, 0]",9600,26.84307098388672,False,17.889370673819272,68,0.006640625
0001111111,1481,"[3, 2, 1, 0]",9600,26.855945587158203,True,17.889370673819272,68,0.006640625
0001111111,1482,"[3, 2, 1, 0]",9600,26.874780654907227,False,17.889370673819272,68,0.006640625
0001111111,1483,"[3, 2, 1, 0]",9600,26.888370513916016,True,17.889370673819272,68,0.006640625
0001111111,1484,"[3, 2, 1, 0]",9600,26.908159255981445,False,17.889370673819272,68,0.006640625
0001111111,1485,"[3, 2, 1, 0]",9600,26.92103385925293,True,17.889370673819272,68,0.006640625
0001111111,1486,"[3, 2, 1, 0]",9600,26.938676834106445,False,17.889370673819272,68,0.006640625
0001111111,1487,"[3, 2, 1, 0]",9600,26.95178985595703,True,17.889370673819272,68,0.006640625
0001111111,1488,"[3, 2, 1, 0]",9600,26.969194412231445,False,17.889370673819272,68,0.006640625
0001111111,1489,"[3, 2, 1, 0]",9600,26.98230743408203,True,17.889370673819272,68,0.006640625
0001111111,1490,"[3, 2, 1, 0]",9600,26.999950408935547,False,17.889370673819272,68,0.006640625
0001111111,1491,"[3, 2, 1, 0]",9600,27.013778686523438,True,17.889370673819272,68,0.006640625
0001111111,1492,"[3, 2, 1, 0]",9600,27.031421661376953,False,17.889370673819272,68,0.006640625
0001111111,1493,"[3, 2, 1, 0]",9600,27.045249938964844,True,17.889370673819272,68,0.006640625
0001111111,1494,"[3, 2, 1, 0]",9600,27.062654495239258,False,17.889370673819272,68,0.006640625
0001111111,1495,"[3, 2, 1, 0]",9600,27.076244354248047,True,17.889370673819272,68,0.006640625
0001111111,1496,"[3, 2, 1, 0]",9600,27.095317840576172,False,17.889370673819272,68,0.006640625
0001111111,1497,"[3, 2, 1, 0]",9600,27.108430862426758,True,17.889370673819272,68,0.006640625
0001111111,1498,"[3, 2, 1, 0]",9600,27.12559700012207,False,17.889370673819272,68,0.006640625
0001111111,1499,"[3, 2, 1, 0]",9600,27.138710021972656,True,17.889370673819272,68,0.006640625
0001111111,1500,"[3, 2, 1, 0]",9600,27.15587615966797,False,17.889370673819272,68,0.006640625
0001111111,1501,"[3, 2, 1, 0]",9600,27.168750762939453,True,17.889370673819272,68,0.006640625
0001111111,1502,"[3, 2, 1, 0]",9600,27.18639373779297,False,17.889370673819272,68,0.006640625
0001111111,1503,"[3, 2, 1, 0]",9600,27.199745178222656,True,17.889370673819272,68,0.006640625
0001111111,1504,"[3, 2, 1, 0]",9600,27.21881866455078,False,17.889370673819272,68,0.006640625
0001111111,1505,"[3, 2, 1, 0]",9600,27.231693267822266,True,17.889370673819272,68,0.006640625
0001111111,1506,"[3, 2, 1, 0]",9600,27.24933624267578,False,17.889370673819272,68,0.006640625
0001111111,1507,"[3, 2, 1, 0]",9600,27.262449264526367,True,17.889370673819272,68,0.006640625
0001111111,1508,"[3, 2, 1, 0]",9600,27.27961540222168,False,17.889370673819272,68,0.006640625
0001111111,1509,"[3, 2, 1, 0]",9600,27.292251586914062,True,17.889370673819272,68,0.006640625
0001111111,1510,"[3, 2, 1, 0]",9600,27.309656143188477,False,17.889370673819272,68,0.006640625
0001111111,1511,"[3, 2, 1, 0]",9600,27.344465255737305,True,17.889370673819272,68,0.006640625
0001111111,1512,"[3, 2, 1, 0]",9600,27.362823486328125,False,17.889370673819272,68,0.006640625
0001111111,1513,"[3, 2, 1, 0]",9600,27.375459671020508,True,17.889370673819272,68,0.006640625
0001111111,1514,"[3, 2, 1, 0]",9600,27.392864227294922,False,17.889370673819272,68,0.006640625
0001111111,1515,"[3, 2, 1, 0]",9600,27.405500411987305,True,17.889370673819272,68,0.006640625
0001111111,1516,"[3, 2, 1, 0]",9600,27.42290496826172,False,17.889370673819272,68,0.006640625
0001111111,1517,"[3, 2, 1, 0]",9600,27.4355411529541,True,17.889370673819272,68,0.006640625
0001111111,1518,"[3, 2, 1, 0]",9600,27.45366096496582,False,17.889370673819272,68,0.006640625
0001111111,1519,"[3, 2, 1, 0]",9600,27.466297149658203,True,17.889370673819272,68,0.006640625
0001111111,1520,"[3, 2, 1, 0]",9600,27.48417854309082,False,17.889370673819272,68,0.006640625
0001111111,1521,"[3, 2, 1, 0]",9600,27.497291564941406,True,17.889370673819272,68,0.006640625
0001111111,1522,"[3, 2, 1, 0]",9600,27.51469612121582,False,17.889370673819272,68,0.006640625
0001111111,1523,"[3, 2, 1, 0]",9600,27.527570724487305,True,17.889370673819272,68,0.006640625
0001111111,1524,"[3, 2, 1, 0]",9600,27.54497528076172,False,17.889370673819272,68,0.006640625
0001111111,1525,"[3, 2, 1, 0]",9600,27.558088302612305,True,17.889370673819272,68,0.006640625
0001111111,1526,"[3, 2, 1, 0]",9600,27.57716178894043,False,17.889370673819272,68,0.006640625
0001111111,1527,"[3, 2, 1, 0]",9600,27.590036392211914,True,17.889370673819272,68,0.006640625
0001111111,1528,"[3, 2, 1, 0]",9600,27.607440948486328,False,17.889370673819272,68,0.006640625
0001111111,1529,"[3, 2, 1, 0]",9600,27.61983871459961,True,17.889370673819272,68,0.006640625
0001111111,1530,"[3, 2, 1, 0]",9600,27.637243270874023,False,17.889370673819272,68,0.006640625
0001111111,1531,"[3, 2, 1, 0]",9600,27.649879455566406,True,17.889370673819272,68,0.006640625
0001111111,1532,"[3, 2, 1, 0]",9600,27.66728401184082,False,17.889370673819272,68,0.006640625
0001111111,1533,"[3, 2, 1, 0]",9600,27.680635452270508,True,17.889370673819272,68,0.006640625
0001111111,1534,"[3, 2, 1, 0]",9600,27.698516845703125,False,17.889370673819272,68,0.006640625
0001111111,1535,"[3, 2, 1, 0]",9600,27.71139144897461,True,17.889370673819272,68,0.006640625
0001111111,1536,"[3, 2, 1, 0]",9600,27.731895446777344,False,17.889370673819272,68,0.006640625
0001111111,1537,"[3, 2, 1, 0]",9600,27.744770050048828,True,17.889370673819272,68,0.006640625
0001111111,1538,"[3, 2, 1, 0]",9600,27.762174606323242,False,17.889370673819272,68,0.006640625
0001111111,1539,"[3, 2, 1, 0]",9600,27.774810791015625,True,17.889370673819272,68,0.006640625
0001111111,1540,"[3, 2, 1, 0]",9600,27.79221534729004,False,17.889370673819272,68,0.006640625
0001111111,1541,"[3, 2, 1, 0]",9600,27.804851531982422,True,17.889370673819272,68,0.006640625
0001111111,1542,"[3, 2, 1, 0]",9600,27.822256088256836,False,17.889370673819272,68,0.006640625
0001111111,1543,"[3, 2, 1, 0]",9600,27.83513069152832,True,17.889370673819272,68,0.006640625
0001111111,1544,"[3, 2, 1, 0]",9600,27.85634994506836,False,17.889370673819272,68,0.006640625
0001111111,1545,"[3, 2, 1, 0]",9600,27.869701385498047,True,17.889370673819272,68,0.006640625
0001111111,1546,"[3, 2, 1, 0]",9600,27.889251708984375,False,17.889370673819272,68,0.006640625
0001111111,1547,"[3, 2, 1, 0]",9600,27.902603149414062,True,17.889370673819272,68,0.006640625
0001111111,1548,"[3, 2, 1, 0]",9600,27.920246124267578,False,17.889370673819272,68,0.006640625
0001111111,1549,"[3, 2, 1, 0]",9600,27.933597564697266,True,17.889370673819272,68,0.006640625
0001111111,1550,"[3, 2, 1, 0]",9600,27.95124053955078,False,17.889370673819272,68,0.006640625
0001111111,1551,"[3, 2, 1, 0]",9600,27.964353561401367,True,17.889370673819272,68,0.006640625
0001111111,1552,"[3, 2, 1, 0]",9600,27.981996536254883,False,17.889370673819272,68,0.006640625
0001111111,1553,"[3, 2, 1, 0]",9600,27.994871139526367,True,17.889370673819272,68,0.006640625
0001111111,1554,"[3, 2, 1, 0]",9600,28.012514114379883,False,17.889370673819272,68,0.006640625
0001111111,1555,"[3, 2, 1, 0]",9600,28.025150299072266,True,17.889370673819272,68,0.006640625
0001111111,1556,"[3, 2, 1, 0]",9600,28.043031692504883,False,17.889370673819272,68,0.006640625
0001111111,1557,"[3, 2, 1, 0]",9600,28.055667877197266,True,17.889370673819272,68,0.006640625
0001111111,1558,"[3, 2, 1, 0]",9600,28.07331085205078,False,17.889370673819272,68,0.006640625
0001111111,1559,"[3, 2, 1, 0]",9600,28.085947036743164,True,17.889370673819272,68,0.006640625
0001111111,1560,"[3, 2, 1, 0]",9600,28.103113174438477,False,17.889370673819272,68,0.006640625
0001111111,1561,"[3, 2, 1, 0]",9600,28.11598777770996,True,17.889370673819272,68,0.006640625
0001111111,1562,"[3, 2, 1, 0]",9600,28.133392333984375,False,17.889370673819272,68,0.006640625
0001111111,1563,"[3, 2, 1, 0]",9600,28.145790100097656,True,17.889370673819272,68,0.006640625
0001111111,1564,"[3, 2, 1, 0]",9600,28.16319465637207,False,17.889370673819272,68,0.006640625
0001111111,1565,"[3, 2, 1, 0]",9600,28.175830841064453,True,17.889370673819272,68,0.006640625
0001111111,1566,"[3, 2, 1, 0]",9600,28.19347381591797,False,17.889370673819272,68,0.006640625
0001111111,1567,"[3, 2, 1, 0]",9600,28.20563316345215,True,17.889370673819272,68,0.006640625
0001111111,1568,"[3, 2, 1, 0]",9600,28.225183486938477,False,17.889370673819272,68,0.006640625
0001111111,1569,"[3, 2, 1, 0]",9600,28.23805809020996,True,17.889370673819272,68,0.006640625
0001111111,1570,"[3, 2, 1, 0]",9600,28.255224227905273,False,17.889370673819272,68,0.006640625
0001111111,1571,"[3, 2, 1, 0]",9600,28.267860412597656,True,17.889370673819272,68,0.006640625
0001111111,1572,"[3, 2, 1, 0]",9600,28.28526496887207,False,17.889370673819272,68,0.006640625
0001111111,1573,"[3, 2, 1, 0]",9600,28.298377990722656,True,17.889370673819272,68,0.006640625
0001111111,1574,"[3, 2, 1, 0]",9600,28.31554412841797,False,17.889370673819272,68,0.006640625
0001111111,1575,"[3, 2, 1, 0]",9600,28.328657150268555,True,17.889370673819272,68,0.006640625
0001111111,1576,"[3, 2, 1, 0]",9600,28.345823287963867,False,17.889370673819272,68,0.006640625
0001111111,1577,"[3, 2, 1, 0]",9600,28.35845947265625,True,17.889370673819272,68,0.006640625
0001111111,1578,"[3, 2, 1, 0]",9600,28.375625610351562,False,17.889370673819272,68,0.006640625
0001111111,1579,"[3, 2, 1, 0]",9600,28.388500213623047,True,17.889370673819272,68,0.006640625
0001111111,1580,"[3, 2, 1, 0]",9600,28.40566635131836,False,17.889370673819272,68,0.006640625
0001111111,1581,"[3, 2, 1, 0]",9600,28.418302536010742,True,17.889370673819272,68,0.006640625
0001111111,1582,"[3, 2, 1, 0]",9600,28.435707092285156,False,17.889370673819272,68,0.006640625
0001111111,1583,"[3, 2, 1, 0]",9600,28.44834327697754,True,17.889370673819272,68,0.006640625
0001111111,1584,"[3, 2, 1, 0]",9600,28.466224670410156,False,17.889370673819272,68,0.006640625
0001111111,1585,"[3, 2, 1, 0]",9600,28.47909927368164,True,17.889370673819272,68,0.006640625
0001111111,1586,"[3, 2, 1, 0]",9600,28.498411178588867,False,17.889370673819272,68,0.006640625
0001111111,1587,"[3, 2, 1, 0]",9600,28.51104736328125,True,17.889370673819272,68,0.006640625
0001111111,1588,"[3, 2, 1, 0]",9600,28.530597686767578,False,17.889370673819272,68,0.006640625
0001111111,1589,"[3, 2, 1, 0]",9600,28.543472290039062,True,17.889370673819272,68,0.006640625
0001111111,1590,"[3, 2, 1, 0]",9600,28.560876846313477,False,17.889370673819272,68,0.006640625
0001111111,1591,"[3, 2, 1, 0]",9600,28.57375144958496,True,17.889370673819272,68,0.006640625
0001111111,1592,"[3, 2, 1, 0]",9600,28.591156005859375,False,17.889370673819272,68,0.006640625
0001111111,1593,"[3, 2, 1, 0]",9600,28.60426902770996,True,17.889370673819272,68,0.006640625
0001111111,1594,"[3, 2, 1, 0]",9600,28.621435165405273,False,17.889370673819272,68,0.006640625
0001111111,1595,"[3, 2, 1, 0]",9600,28.63478660583496,True,17.889370673819272,68,0.006640625
0001111111,1596,"[3, 2, 1, 0]",9600,28.652191162109375,False,17.889370673819272,68,0.006640625
0001111111,1597,"[3, 2, 1, 0]",9600,28.665542602539062,True,17.889370673819272,68,0.006640625
0001111111,1598,"[3, 2, 1, 0]",9600,28.682708740234375,False,17.889370673819272,68,0.006640625
0001111111,1599,"[3, 2, 1, 0]",9600,28.695344924926758,True,17.889370673819272,68,0.006640625
0110010010,1600,"[1, 2, 0, 3]",600,28.713226318359375,False,13.325747172461199,66,0.0064453125
0110010010,1601,"[1, 0, 2, 3]",315,28.72753143310547,True,13.325747172461199,66,0.0064453125
0110010010,1602,"[1, 2, 0, 3]",600,28.744935989379883,False,13.325747172461199,66,0.0064453125
0110010010,1603,"[1, 0, 2, 3]",315,28.758764266967773,True,13.325747172461199,66,0.0064453125
0110010010,1604,"[1, 2, 0, 3]",600,28.775930404663086,False,13.325747172461199,66,0.0064453125
0110010010,1605,"[1, 0, 2, 3]",315,28.789043426513672,True,13.325747172461199,66,0.0064453125
0110010010,1606,"[1, 2, 0, 3]",600,28.806447982788086,False,13.325747172461199,66,0.0064453125
0110010010,1607,"[1, 0, 2, 3]",315,28.819799423217773,True,13.325747172461199,66,0.0064453125
0110010010,1608,"[1, 2, 0, 3]",600,28.83744239807129,False,13.325747172461199,66,0.0064453125
0110010010,1609,"[1, 0, 2, 3]",315,28.850793838500977,True,13.325747172461199,66,0.0064453125
0110010010,1610,"[1, 2, 0, 3]",600,28.870105743408203,False,13.325747172461199,66,0.0064453125
0110010010,1611,"[1, 0, 2, 3]",315,28.88321876525879,True,13.325747172461199,66,0.0064453125
0110010010,1612,"[1, 2, 0, 3]",600,28.900861740112305,False,13.325747172461199,66,0.0064453125
0110010010,1613,"[1, 0, 2, 3]",315,28.91373634338379,True,13.325747172461199,66,0.0064453125
0110010010,1614,"[1, 2, 0, 3]",600,28.931140899658203,False,13.325747172461199,66,0.0064453125
0110010010,1615,"[1, 0, 2, 3]",315,28.94425392150879,True,13.325747172461199,66,0.0064453125
0110010010,1616,"[1, 2, 0, 3]",600,28.961896896362305,False,13.325747172461199,66,0.0064453125
0110010010,1617,"[1, 0, 2, 3]",315,28.97500991821289,True,13.325747172461199,66,0.0064453125
0110010010,1618,"[1, 2, 0, 3]",600,28.992176055908203,False,13.325747172461199,66,0.0064453125
0110010010,1619,"[1, 0, 2, 3]",315,29.005765914916992,True,13.325747172461199,66,0.0064453125
0110010010,1620,"[1, 2, 0, 3]",600,29.023408889770508,False,13.325747172461199,66,0.0064453125
0110010010,1621,"[1, 0, 2, 3]",315,29.036760330200195,True,13.325747172461199,66,0.0064453125
0110010010,1622,"[1, 2, 0, 3]",600,29.05440330505371,False,13.325747172461199,66,0.0064453125
0110010010,1623,"[1, 0, 2, 3]",315,29.0677547454834,True,13.325747172461199,66,0.0064453125
0110010010,1624,"[1, 2, 0, 3]",600,29.085159301757812,False,13.325747172461199,66,0.0064453125
0110010010,1625,"[1, 0, 2, 3]",315,29.0985107421875,True,13.325747172461199,66,0.0064453125
0110010010,1626,"[1, 2, 0, 3]",600,29.115915298461914,False,13.325747172461199,66,0.0064453125
0110010010,1627,"[1, 0, 2, 3]",315,29.1292667388916,True,13.325747172461199,66,0.0064453125
0110010010,1628,"[1, 2, 0, 3]",600,29.146432876586914,False,13.325747172461199,66,0.0064453125
0110010010,1629,"[1, 0, 2, 3]",315,29.160022735595703,True,13.325747172461199,66,0.0064453125
0110010010,1630,"[1, 2, 0, 3]",600,29.179096221923828,False,13.325747172461199,66,0.0064453125
0110010010,1631,"[1, 0, 2, 3]",315,29.192209243774414,True,13.325747172461199,66,0.0064453125
0110010010,1632,"[1, 2, 0, 3]",600,29.21009063720703,False,13.325747172461199,66,0.0064453125
0110010010,1633,"[1, 0, 2, 3]",315,29.22344207763672,True,13.325747172461199,66,0.0064453125
0110010010,1634,"[1, 2, 0, 3]",600,29.241323471069336,False,13.325747172461199,66,0.0064453125
0110010010,1635,"[1, 0, 2, 3]",315,29.254674911499023,True,13.325747172461199,66,0.0064453125
0110010010,1636,"[1, 2, 0, 3]",600,29.27422523498535,False,13.325747172461199,66,0.0064453125
0110010010,1637,"[1, 0, 2, 3]",315,29.287338256835938,True,13.325747172461199,66,0.0064453125
0110010010,1638,"[1, 2, 0, 3]",600,29.304981231689453,False,13.325747172461199,66,0.0064453125
0110010010,1639,"[1, 0, 2, 3]",315,29.31809425354004,True,13.325747172461199,66,0.0064453125
0110010010,1640,"[1, 2, 0, 3]",600,29.335498809814453,False,13.325747172461199,66,0.0064453125
0110010010,1641,"[1, 0, 2, 3]",315,29.347896575927734,True,13.325747172461199,66,0.0064453125
0110010010,1642,"[1, 2, 0, 3]",600,29.36530113220215,False,13.325747172461199,66,0.0064453125
0110010010,1643,"[1, 0, 2, 3]",315,29.378175735473633,True,13.325747172461199,66,0.0064453125
0110010010,1644,"[1, 2, 0, 3]",600,29.395341873168945,False,13.325747172461199,66,0.0064453125
0110010010,1645,"[1, 0, 2, 3]",315,29.40821647644043,True,13.325747172461199,66,0.0064453125
0110010010,1646,"[1, 2, 0, 3]",600,29.425621032714844,False,13.325747172461199,66,0.0064453125
0110010010,1647,"[1, 0, 2, 3]",315,29.43873405456543,True,13.325747172461199,66,0.0064453125
0110010010,1648,"[1, 2, 0, 3]",600,29.456138610839844,False,13.325747172461199,66,0.0064453125
0110010010,1649,"[1, 0, 2, 3]",315,29.46949005126953,True,13.325747172461199,66,0.0064453125
0110010010,1650,"[1, 2, 0, 3]",600,29.486894607543945,False,13.325747172461199,66,0.0064453125
0110010010,1651,"[1, 0, 2, 3]",315,29.500722885131836,True,13.325747172461199,66,0.0064453125
0110010010,1652,"[1, 2, 0, 3]",600,29.536008834838867,False,13.325747172461199,66,0.0064453125
0110010010,1653,"[1, 0, 2, 3]",315,29.55007553100586,True,13.325747172461199,66,0.0064453125
0110010010,1654,"[1, 2, 0, 3]",600,29.568195343017578,False,13.325747172461199,66,0.0064453125
0110010010,1655,"[1, 0, 2, 3]",315,29.58226203918457,True,13.325747172461199,66,0.0064453125
0110010010,1656,"[1, 2, 0, 3]",600,29.60038185119629,False,13.325747172461199,66,0.0064453125
0110010010,1657,"[1, 0, 2, 3]",315,29.61421012878418,True,13.325747172461199,66,0.0064453125
0110010010,1658,"[1, 2, 0, 3]",600,29.632091522216797,False,13.325747172461199,66,0.0064453125
0110010010,1659,"[1, 0, 2, 3]",315,29.646873474121094,True,13.325747172461199,66,0.0064453125
0110010010,1660,"[1, 2, 0, 3]",600,29.664993286132812,False,13.325747172461199,66,0.0064453125
0110010010,1661,"[1, 0, 2, 3]",315,29.679298400878906,True,13.325747172461199,66,0.0064453125
0110010010,1662,"[1, 2, 0, 3]",600,29.70743179321289,False,13.325747172461199,66,0.0064453125
0110010010,1663,"[1, 0, 2, 3]",315,29.72102165222168,True,13.325747172461199,66,0.0064453125
0110010010,1664,"[1, 2, 0, 3]",600,29.74104881286621,False,13.325747172461199,66,0.0064453125
0110010010,1665,"[1, 0, 2, 3]",315,29.753923416137695,True,13.325747172461199,66,0.0064453125
0110010010,1666,"[1, 2, 0, 3]",600,29.77156639099121,False,13.325747172461199,66,0.0064453125
0110010010,1667,"[1, 0, 2, 3]",315,29.784440994262695,True,13.325747172461199,66,0.0064453125
0110010010,1668,"[1, 2, 0, 3]",600,29.80208396911621,False,13.325747172461199,66,0.0064453125
0110010010,1669,"[1, 0, 2, 3]",315,29.814958572387695,True,13.325747172461199,66,0.0064453125
0110010010,1670,"[1, 2, 0, 3]",600,29.832124710083008,False,13.325747172461199,66,0.0064453125
0110010010,1671,"[1, 0, 2, 3]",315,29.845476150512695,True,13.325747172461199,66,0.0064453125
0110010010,1672,"[1, 2, 0, 3]",600,29.86454963684082,False,13.325747172461199,66,0.0064453125
0110010010,1673,"[1, 0, 2, 3]",315,29.877662658691406,True,13.325747172461199,66,0.0064453125
0110010010,1674,"[1, 2, 0, 3]",600,29.89506721496582,False,13.325747172461199,66,0.0064453125
0110010010,1675,"[1, 0, 2, 3]",315,29.908180236816406,True,13.325747172461199,66,0.0064453125
0110010010,1676,"[1, 2, 0, 3]",600,29.925823211669922,False,13.325747172461199,66,0.0064453125
0110010010,1677,"[1, 0, 2, 3]",315,29.93917465209961,True,13.325747172461199,66,0.0064453125
0110010010,1678,"[1, 2, 0, 3]",600,29.956579208374023,False,13.325747172461199,66,0.0064453125
0110010010,1679,"[1, 0, 2, 3]",315,29.96993064880371,True,13.325747172461199,66,0.0064453125
0110010010,1680,"[1, 2, 0, 3]",600,29.987335205078125,False,13.325747172461199,66,0.0064453125
0110010010,1681,"[1, 0, 2, 3]",315,30.00044822692871,True,13.325747172461199,66,0.0064453125
0110010010,1682,"[1, 2, 0, 3]",600,30.017852783203125,False,13.325747172461199,66,0.0064453125
0110010010,1683,"[1, 0, 2, 3]",315,30.03096580505371,True,13.325747172461199,66,0.0064453125
0110010010,1684,"[1, 2, 0, 3]",600,30.048847198486328,False,13.325747172461199,66,0.0064453125
0110010010,1685,"[1, 0, 2, 3]",315,30.062198638916016,True,13.325747172461199,66,0.0064453125
0110010010,1686,"[1, 2, 0, 3]",600,30.081510543823242,False,13.325747172461199,66,0.0064453125
0110010010,1687,"[1, 0, 2, 3]",315,30.09486198425293,True,13.325747172461199,66,0.0064453125
0110010010,1688,"[1, 2, 0, 3]",600,30.112266540527344,False,13.325747172461199,66,0.0064453125
0110010010,1689,"[1, 0, 2, 3]",315,30.12537956237793,True,13.325747172461199,66,0.0064453125
0110010010,1690,"[1, 2, 0, 3]",600,30.143022537231445,False,13.325747172461199,66,0.0064453125
0110010010,1691,"[1, 0, 2, 3]",315,30.15613555908203,True,13.325747172461199,66,0.0064453125
0110010010,1692,"[1, 2, 0, 3]",600,30.173778533935547,False,13.325747172461199,66,0.0064453125
0110010010,1693,"[1, 0, 2, 3]",315,30.187129974365234,True,13.325747172461199,66,0.0064453125
0110010010,1694,"[1, 2, 0, 3]",600,30.20644187927246,False,13.325747172461199,66,0.0064453125
0110010010,1695,"[1, 0, 2, 3]",315,30.21979331970215,True,13.325747172461199,66,0.0064453125
0110010010,1696,"[1, 2, 0, 3]",600,30.237197875976562,False,13.325747172461199,66,0.0064453125
0110010010,1697,"[1, 0, 2, 3]",315,30.250072479248047,True,13.325747172461199,66,0.0064453125
0110010010,1698,"[1, 2, 0, 3]",600,30.26747703552246,False,13.325747172461199,66,0.0064453125
0110010010,1699,"[1, 0, 2, 3]",315,30.280351638793945,True,13.325747172461199,66,0.0064453125
0110010010,1700,"[1, 2, 0, 3]",600,30.297517776489258,False,13.325747172461199,66,0.0064453125
0110010010,1701,"[1, 0, 2, 3]",315,30.310630798339844,True,13.325747172461199,66,0.0064453125
0110010010,1702,"[1, 2, 0, 3]",600,30.328035354614258,False,13.325747172461199,66,0.0064453125
0110010010,1703,"[1, 0, 2, 3]",315,30.341386795043945,True,13.325747172461199,66,0.0064453125
0110010010,1704,"[1, 2, 0, 3]",600,30.358552932739258,False,13.325747172461199,66,0.0064453125
0110010010,1705,"[1, 0, 2, 3]",315,30.371904373168945,True,13.325747172461199,66,0.0064453125
0110010010,1706,"[1, 2, 0, 3]",600,30.389070510864258,False,13.325747172461199,66,0.0064453125
0110010010,1707,"[1, 0, 2, 3]",315,30.402421951293945,True,13.325747172461199,66,0.0064453125
0110010010,1708,"[1, 2, 0, 3]",600,30.42006492614746,False,13.325747172461199,66,0.0064453125
0110010010,1709,"[1, 0, 2, 3]",315,30.43341636657715,True,13.325747172461199,66,0.0064453125
0110010010,1710,"[1, 2, 0, 3]",600,30.450820922851562,False,13.325747172461199,66,0.0064453125
0110010010,1711,"[1, 0, 2, 3]",315,30.46417236328125,True,13.325747172461199,66,0.0064453125
0110010010,1712,"[1, 2, 0, 3]",600,30.481338500976562,False,13.325747172461199,66,0.0064453125
0110010010,1713,"[1, 0, 2, 3]",315,30.49468994140625,True,13.325747172461199,66,0.0064453125
0110010010,1714,"[1, 2, 0, 3]",600,30.513763427734375,False,13.325747172461199,66,0.0064453125
0110010010,1715,"[1, 0, 2, 3]",315,30.527114868164062,True,13.325747172461199,66,0.0064453125
0110010010,1716,"[1, 2, 0, 3]",600,30.544519424438477,False,13.325747172461199,66,0.0064453125
0110010010,1717,"[1, 0, 2, 3]",315,30.557870864868164,True,13.325747172461199,66,0.0064453125
0110010010,1718,"[1, 2, 0, 3]",600,30.575275421142578,False,13.325747172461199,66,0.0064453125
0110010010,1719,"[1, 0, 2, 3]",315,30.588626861572266,True,13.325747172461199,66,0.0064453125
0110010010,1720,"[1, 2, 0, 3]",600,30.60626983642578,False,13.325747172461199,66,0.0064453125
0110010010,1721,"[1, 0, 2, 3]",315,30.619382858276367,True,13.325747172461199,66,0.0064453125
0110010010,1722,"[1, 2, 0, 3]",600,30.637025833129883,False,13.325747172461199,66,0.0064453125
0110010010,1723,"[1, 0, 2, 3]",315,30.65013885498047,True,13.325747172461199,66,0.0064453125
0110010010,1724,"[1, 2, 0, 3]",600,30.66706657409668,False,13.325747172461199,66,0.0064453125
0110010010,1725,"[1, 0, 2, 3]",315,30.680418014526367,True,13.325747172461199,66,0.0064453125
0110010010,1726,"[1, 2, 0, 3]",600,30.71427345275879,False,13.325747172461199,66,0.0064453125
0110010010,1727,"[1, 0, 2, 3]",315,30.727863311767578,True,13.325747172461199,66,0.0064453125
0110010010,1728,"[1, 2, 0, 3]",600,30.745983123779297,False,13.325747172461199,66,0.0064453125
0110010010,1729,"[1, 0, 2, 3]",315,30.76958656311035,True,13.325747172461199,66,0.0064453125
0110010010,1730,"[1, 2, 0, 3]",600,30.786991119384766,False,13.325747172461199,66,0.0064453125
0110010010,1731,"[1, 0, 2, 3]",315,30.80010414123535,True,13.325747172461199,66,0.0064453125
0110100101,1732,"[2, 1, 3, 0]",9300,30.817508697509766,False,16.318016911728506,60,0.005859375
0110100101,1733,"[2, 1, 0, 3]",600,30.831575393676758,True,16.318016911728506,60,0.005859375
0110100101,1734,"[2, 1, 3, 0]",9300,30.850648880004883,False,16.318016911728506,60,0.005859375
0110100101,1735,"[2, 1, 0, 3]",600,30.86543083190918,True,16.318016911728506,60,0.005859375
0110100101,1736,"[2, 1, 3, 0]",9300,30.885696411132812,False,16.318016911728506,60,0.005859375
0110100101,1737,"[2, 1, 0, 3]",600,30.899524688720703,True,16.318016911728506,60,0.005859375
0110100101,1738,"[2, 1, 3, 0]",9300,30.91716766357422,False,16.318016911728506,60,0.005859375
0110100101,1739,"[2, 1, 0, 3]",600,30.930757522583008,True,16.318016911728506,60,0.005859375
0110100101,1740,"[2, 1, 3, 0]",9300,30.948877334594727,False,16.318016911728506,60,0.005859375
0110100101,1741,"[2, 1, 0, 3]",600,30.961990356445312,True,16.318016911728506,60,0.005859375
0110100101,1742,"[2, 1, 3, 0]",9300,30.979633331298828,False,16.318016911728506,60,0.005859375
0110100101,1743,"[2, 1, 0, 3]",600,30.992984771728516,True,16.318016911728506,60,0.005859375
0110100101,1744,"[2, 1, 3, 0]",9300,31.01062774658203,False,16.318016911728506,60,0.005859375
0110100101,1745,"[2, 1, 0, 3]",600,31.02397918701172,True,16.318016911728506,60,0.005859375
0110100101,1746,"[2, 1, 3, 0]",9300,31.041622161865234,False,16.318016911728506,60,0.005859375
0110100101,1747,"[2, 1, 0, 3]",600,31.054973602294922,True,16.318016911728506,60,0.005859375
0110100101,1748,"[2, 1, 3, 0]",9300,31.072378158569336,False,16.318016911728506,60,0.005859375
0110100101,1749,"[2, 1, 0, 3]",600,31.085491180419922,True,16.318016911728506,60,0.005859375
0110100101,1750,"[2, 1, 3, 0]",9300,31.102895736694336,False,16.318016911728506,60,0.005859375
0110100101,1751,"[2, 1, 0, 3]",600,31.116247177124023,True,16.318016911728506,60,0.005859375
0110100101,1752,"[2, 1, 3, 0]",9300,31.13389015197754,False,16.318016911728506,60,0.005859375
0110100101,1753,"[2, 1, 0, 3]",600,31.147003173828125,True,16.318016911728506,60,0.005859375
0110100101,1754,"[2, 1, 3, 0]",9300,31.16464614868164,False,16.318016911728506,60,0.005859375
0110100101,1755,"[2, 1, 0, 3]",600,31.17823600769043,True,16.318016911728506,60,0.005859375
0110100101,1756,"[2, 1, 3, 0]",9300,31.197786331176758,False,16.318016911728506,60,0.005859375
0110100101,1757,"[2, 1, 0, 3]",600,31.211137771606445,True,16.318016911728506,60,0.005859375
0110100101,1758,"[2, 1, 3, 0]",9300,31.22878074645996,False,16.318016911728506,60,0.005859375
0110100101,1759,"[2, 1, 0, 3]",600,31.24213218688965,True,16.318016911728506,60,0.005859375
0110100101,1760,"[2, 1, 3, 0]",9300,31.259775161743164,False,16.318016911728506,60,0.005859375
0110100101,1761,"[2, 1, 0, 3]",600,31.27312660217285,True,16.318016911728506,60,0.005859375
0110100101,1762,"[2, 1, 3, 0]",9300,31.290769577026367,False,16.318016911728506,60,0.005859375
0110100101,1763,"[2, 1, 0, 3]",600,31.304359436035156,True,16.318016911728506,60,0.005859375
0110100101,1764,"[2, 1, 3, 0]",9300,31.322002410888672,False,16.318016911728506,60,0.005859375
0110100101,1765,"[2, 1, 0, 3]",600,31.33535385131836,True,16.318016911728506,60,0.005859375
0110100101,1766,"[2, 1, 3, 0]",9300,31.352996826171875,False,16.318016911728506,60,0.005859375
0110100101,1767,"[2, 1, 0, 3]",600,31.366348266601562,True,16.318016911728506,60,0.005859375
0110100101,1768,"[2, 1, 3, 0]",9300,31.383991241455078,False,16.318016911728506,60,0.005859375
0110100101,1769,"[2, 1, 0, 3]",600,31.397342681884766,True,16.318016911728506,60,0.005859375
0110100101,1770,"[2, 1, 3, 0]",9300,31.41474723815918,False,16.318016911728506,60,0.005859375
0110100101,1771,"[2, 1, 0, 3]",600,31.428098678588867,True,16.318016911728506,60,0.005859375
0110100101,1772,"[2, 1, 3, 0]",9300,31.445741653442383,False,16.318016911728506,60,0.005859375
0110100101,1773,"[2, 1, 0, 3]",600,31.459331512451172,True,16.318016911728506,60,0.005859375
0110100101,1774,"[2, 1, 3, 0]",9300,31.476736068725586,False,16.318016911728506,60,0.005859375
0110100101,1775,"[2, 1, 0, 3]",600,31.48961067199707,True,16.318016911728506,60,0.005859375
0110100101,1776,"[2, 1, 3, 0]",9300,31.50773048400879,False,16.318016911728506,60,0.005859375
0110100101,1777,"[2, 1, 0, 3]",600,31.520843505859375,True,16.318016911728506,60,0.005859375
0110100101,1778,"[2, 1, 3, 0]",9300,31.540393829345703,False,16.318016911728506,60,0.005859375
0110100101,1779,"[2, 1, 0, 3]",600,31.55350685119629,True,16.318016911728506,60,0.005859375
0110100101,1780,"[2, 1, 3, 0]",9300,31.570911407470703,False,16.318016911728506,60,0.005859375
0110100101,1781,"[2, 1, 0, 3]",600,31.58402442932129,True,16.318016911728506,60,0.005859375
0110100101,1782,"[2, 1, 3, 0]",9300,31.601905822753906,False,16.318016911728506,60,0.005859375
0110100101,1783,"[2, 1, 0, 3]",600,31.61478042602539,True,16.318016911728506,60,0.005859375
0110100101,1784,"[2, 1, 3, 0]",9300,31.63290023803711,False,16.318016911728506,60,0.005859375
0110100101,1785,"[2, 1, 0, 3]",600,31.646013259887695,True,16.318016911728506,60,0.005859375
0110100101,1786,"[2, 1, 3, 0]",9300,31.666040420532227,False,16.318016911728506,60,0.005859375
0110100101,1787,"[2, 1, 0, 3]",600,31.679630279541016,True,16.318016911728506,60,0.005859375
0110100101,1788,"[2, 1, 3, 0]",9300,31.69727325439453,False,16.318016911728506,60,0.005859375
0110100101,1789,"[2, 1, 0, 3]",600,31.71086311340332,True,16.318016911728506,60,0.005859375
0110100101,1790,"[2, 1, 3, 0]",9300,31.728506088256836,False,16.318016911728506,60,0.005859375
0110100101,1791,"[2, 1, 0, 3]",600,31.741857528686523,True,16.318016911728506,60,0.005859375
0110100101,1792,"[2, 1, 3, 0]",9300,31.75950050354004,False,16.318016911728506,60,0.005859375
0110100101,1793,"[2, 1, 0, 3]",600,31.772851943969727,True,16.318016911728506,60,0.005859375
0110100101,1794,"[2, 1, 3, 0]",9300,31.79025650024414,False,16.318016911728506,60,0.005859375
0110100101,1795,"[2, 1, 0, 3]",600,31.803369522094727,True,16.318016911728506,60,0.005859375
0110100101,1796,"[2, 1, 3, 0]",9300,31.821012496948242,False,16.318016911728506,60,0.005859375
0110100101,1797,"[2, 1, 0, 3]",600,31.83436393737793,True,16.318016911728506,60,0.005859375
0110100101,1798,"[2, 1, 3, 0]",9300,31.85749053955078,False,16.318016911728506,60,0.005859375
0110100101,1799,"[2, 1, 0, 3]",600,31.87084197998047,True,16.318016911728506,60,0.005859375
0110100101,1800,"[2, 1, 3, 0]",9300,31.888961791992188,False,16.318016911728506,60,0.005859375
0110100101,1801,"[2, 1, 0, 3]",600,31.902074813842773,True,16.318016911728506,60,0.005859375
0110100101,1802,"[2, 1, 3, 0]",9300,31.91995620727539,False,16.318016911728506,60,0.005859375
0110100101,1803,"[2, 1, 0, 3]",600,31.933307647705078,True,16.318016911728506,60,0.005859375
0110100101,1804,"[2, 1, 3, 0]",9300,31.951189041137695,False,16.318016911728506,60,0.005859375
0110100101,1805,"[2, 1, 0, 3]",600,31.964540481567383,True,16.318016911728506,60,0.005859375
0110100101,1806,"[2, 1, 3, 0]",9300,31.982421875,False,16.318016911728506,60,0.005859375
0110100101,1807,"[2, 1, 0, 3]",600,31.995534896850586,True,16.318016911728506,60,0.005859375
0110100101,1808,"[2, 1, 3, 0]",9300,32.0131778717041,False,16.318016911728506,60,0.005859375
0110100101,1809,"[2, 1, 0, 3]",600,32.02629089355469,True,16.318016911728506,60,0.005859375
0110100101,1810,"[2, 1, 3, 0]",9300,32.044172286987305,False,16.318016911728506,60,0.005859375
0110100101,1811,"[2, 1, 0, 3]",600,32.05728530883789,True,16.318016911728506,60,0.005859375
0110100101,1812,"[2, 1, 3, 0]",9300,32.074928283691406,False,16.318016911728506,60,0.005859375
0110100101,1813,"[2, 1, 0, 3]",600,32.088279724121094,True,16.318016911728506,60,0.005859375
0110100101,1814,"[2, 1, 3, 0]",9300,32.10568428039551,False,16.318016911728506,60,0.005859375
0110100101,1815,"[2, 1, 0, 3]",600,32.1192741394043,True,16.318016911728506,60,0.005859375
0110100101,1816,"[2, 1, 3, 0]",9300,32.13667869567871,False,16.318016911728506,60,0.005859375
0110100101,1817,"[2, 1, 0, 3]",600,32.1500301361084,True,16.318016911728506,60,0.005859375
0110100101,1818,"[2, 1, 3, 0]",9300,32.167911529541016,False,16.318016911728506,60,0.005859375
0110100101,1819,"[2, 1, 0, 3]",600,32.181501388549805,True,16.318016911728506,60,0.005859375
0110100101,1820,"[2, 1, 3, 0]",9300,32.215118408203125,False,16.318016911728506,60,0.005859375
0110100101,1821,"[2, 1, 0, 3]",600,32.228708267211914,True,16.318016911728506,60,0.005859375
0110100101,1822,"[2, 1, 3, 0]",9300,32.2566032409668,False,16.318016911728506,60,0.005859375
0110100101,1823,"[2, 1, 0, 3]",600,32.270193099975586,True,16.318016911728506,60,0.005859375
0110100101,1824,"[2, 1, 3, 0]",9300,32.29784965515137,False,16.318016911728506,60,0.005859375
0110100101,1825,"[2, 1, 0, 3]",600,32.31167793273926,True,16.318016911728506,60,0.005859375
0110100101,1826,"[2, 1, 3, 0]",9300,32.33981132507324,False,16.318016911728506,60,0.005859375
0110100101,1827,"[2, 1, 0, 3]",600,32.36794471740723,True,16.318016911728506,60,0.005859375
0110100101,1828,"[2, 1, 3, 0]",9300,32.396554946899414,False,16.318016911728506,60,0.005859375
0110100101,1829,"[2, 1, 0, 3]",600,32.43231773376465,True,16.318016911728506,60,0.005859375
0110100101,1830,"[2, 1, 3, 0]",9300,32.46283531188965,False,16.318016911728506,60,0.005859375
0110100101,1831,"[2, 1, 0, 3]",600,32.48906135559082,True,16.318016911728506,60,0.005859375
0110100101,1832,"[2, 1, 3, 0]",9300,32.50908851623535,False,16.318016911728506,60,0.005859375
0110100101,1833,"[2, 1, 0, 3]",600,32.52267837524414,True,16.318016911728506,60,0.005859375
0110100101,1834,"[2, 1, 3, 0]",9300,32.54103660583496,False,16.318016911728506,60,0.005859375
0110100101,1835,"[2, 1, 0, 3]",600,32.55486488342285,True,16.318016911728506,60,0.005859375
0110100101,1836,"[2, 1, 3, 0]",9300,32.57346153259277,False,16.318016911728506,60,0.005859375
0110100101,1837,"[2, 1, 0, 3]",600,32.58657455444336,True,16.318016911728506,60,0.005859375
0110100101,1838,"[2, 1, 3, 0]",9300,32.60636329650879,False,16.318016911728506,60,0.005859375
0110100101,1839,"[2, 1, 0, 3]",600,32.61995315551758,True,16.318016911728506,60,0.005859375
0110100101,1840,"[2, 1, 3, 0]",9300,32.6390266418457,False,16.318016911728506,60,0.005859375
0110100101,1841,"[2, 1, 0, 3]",600,32.65213966369629,True,16.318016911728506,60,0.005859375
0110100101,1842,"[2, 1, 3, 0]",9300,32.6695442199707,False,16.318016911728506,60,0.005859375
0110100101,1843,"[2, 1, 0, 3]",600,32.68241882324219,True,16.318016911728506,60,0.005859375
0110100101,1844,"[2, 1, 3, 0]",9300,32.7000617980957,False,16.318016911728506,60,0.005859375
0110100101,1845,"[2, 1, 0, 3]",600,32.71293640136719,True,16.318016911728506,60,0.005859375
0110100101,1846,"[2, 1, 3, 0]",9300,32.7305793762207,False,16.318016911728506,60,0.005859375
0110100101,1847,"[2, 1, 0, 3]",600,32.74369239807129,True,16.318016911728506,60,0.005859375
0110100101,1848,"[2, 1, 3, 0]",9300,32.761573791503906,False,16.318016911728506,60,0.005859375
0110100101,1849,"[2, 1, 0, 3]",600,32.775163650512695,True,16.318016911728506,60,0.005859375
0110100101,1850,"[2, 1, 3, 0]",9300,32.79256820678711,False,16.318016911728506,60,0.005859375
0110100101,1851,"[2, 1, 0, 3]",600,32.805681228637695,True,16.318016911728506,60,0.005859375
1011011101,1852,"[3, 1, 0, 2]",900,32.82499313354492,False,28.07351047538313,58,0.0056640625
1011011101,1853,"[3, 1, 0, 2]",900,32.83882141113281,True,28.07351047538313,58,0.0056640625
1011011101,1854,"[3, 1, 0, 2]",900,32.85622596740723,False,28.07351047538313,58,0.0056640625
1011011101,1855,"[3, 1, 0, 2]",900,32.869577407836914,True,28.07351047538313,58,0.0056640625
1011011101,1856,"[3, 1, 0, 2]",900,32.88698196411133,False,28.07351047538313,58,0.0056640625
1011011101,1857,"[3, 1, 0, 2]",900,32.900094985961914,True,28.07351047538313,58,0.0056640625
1011011101,1858,"[3, 1, 0, 2]",900,32.91749954223633,False,28.07351047538313,58,0.0056640625
1011011101,1859,"[3, 1, 0, 2]",900,32.95421600341797,True,28.07351047538313,58,0.0056640625
1011011101,1860,"[3, 1, 0, 2]",900,32.9747200012207,False,28.07351047538313,58,0.0056640625
1011011101,1861,"[3, 1, 0, 2]",900,32.98830986022949,True,28.07351047538313,58,0.0056640625
1011011101,1862,"[3, 1, 0, 2]",900,33.00619125366211,False,28.07351047538313,58,0.0056640625
1011011101,1863,"[3, 1, 0, 2]",900,33.019065856933594,True,28.07351047538313,58,0.0056640625
1011011101,1864,"[3, 1, 0, 2]",900,33.03694725036621,False,28.07351047538313,58,0.0056640625
1011011101,1865,"[3, 1, 0, 2]",900,33.049821853637695,True,28.07351047538313,58,0.0056640625
1011011101,1866,"[3, 1, 0, 2]",900,33.06746482849121,False,28.07351047538313,58,0.0056640625
1011011101,1867,"[3, 1, 0, 2]",900,33.0805778503418,True,28.07351047538313,58,0.0056640625
1011011101,1868,"[3, 1, 0, 2]",900,33.098459243774414,False,28.07351047538313,58,0.0056640625
1011011101,1869,"[3, 1, 0, 2]",900,33.111572265625,True,28.07351047538313,58,0.0056640625
1011011101,1870,"[3, 1, 0, 2]",900,33.12993049621582,False,28.07351047538313,58,0.0056640625
1011011101,1871,"[3, 1, 0, 2]",900,33.14328193664551,True,28.07351047538313,58,0.0056640625
1011011101,1872,"[3, 1, 0, 2]",900,33.16092491149902,False,28.07351047538313,58,0.0056640625
1011011101,1873,"[3, 1, 0, 2]",900,33.173561096191406,True,28.07351047538313,58,0.0056640625
1011011101,1874,"[3, 1, 0, 2]",900,33.19144248962402,False,28.07351047538313,58,0.0056640625
1011011101,1875,"[3, 1, 0, 2]",900,33.20431709289551,True,28.07351047538313,58,0.0056640625
1011011101,1876,"[3, 1, 0, 2]",900,33.22172164916992,False,28.07351047538313,58,0.0056640625
1011011101,1877,"[3, 1, 0, 2]",900,33.23483467102051,True,28.07351047538313,58,0.0056640625
1011011101,1878,"[3, 1, 0, 2]",900,33.25247764587402,False,28.07351047538313,58,0.0056640625
1011011101,1879,"[3, 1, 0, 2]",900,33.26559066772461,True,28.07351047538313,58,0.0056640625
1011011101,1880,"[3, 1, 0, 2]",900,33.28299522399902,False,28.07351047538313,58,0.0056640625
1011011101,1881,"[3, 1, 0, 2]",900,33.29658508300781,True,28.07351047538313,58,0.0056640625
1011011101,1882,"[3, 1, 0, 2]",900,33.31589698791504,False,28.07351047538313,58,0.0056640625
1011011101,1883,"[3, 1, 0, 2]",900,33.32924842834473,True,28.07351047538313,58,0.0056640625
1011011101,1884,"[3, 1, 0, 2]",900,33.34689140319824,False,28.07351047538313,58,0.0056640625
1011011101,1885,"[3, 1, 0, 2]",900,33.36048126220703,True,28.07351047538313,58,0.0056640625
1011011101,1886,"[3, 1, 0, 2]",900,33.37812423706055,False,28.07351047538313,58,0.0056640625
1011011101,1887,"[3, 1, 0, 2]",900,33.391714096069336,True,28.07351047538313,58,0.0056640625
1011011101,1888,"[3, 1, 0, 2]",900,33.41102600097656,False,28.07351047538313,58,0.0056640625
1011011101,1889,"[3, 1, 0, 2]",900,33.42437744140625,True,28.07351047538313,58,0.0056640625
1011011101,1890,"[3, 1, 0, 2]",900,33.441781997680664,False,28.07351047538313,58,0.0056640625
1011011101,1891,"[3, 1, 0, 2]",900,33.45441818237305,True,28.07351047538313,58,0.0056640625
1011011101,1892,"[3, 1, 0, 2]",900,33.472537994384766,False,28.07351047538313,58,0.0056640625
1011011101,1893,"[3, 1, 0, 2]",900,33.48541259765625,True,28.07351047538313,58,0.0056640625
1011011101,1894,"[3, 1, 0, 2]",900,33.50329399108887,False,28.07351047538313,58,0.0056640625
1011011101,1895,"[3, 1, 0, 2]",900,33.51640701293945,True,28.07351047538313,58,0.0056640625
1011011101,1896,"[3, 1, 0, 2]",900,33.53404998779297,False,28.07351047538313,58,0.0056640625
1011011101,1897,"[3, 1, 0, 2]",900,33.54692459106445,True,28.07351047538313,58,0.0056640625
1011011101,1898,"[3, 1, 0, 2]",900,33.56456756591797,False,28.07351047538313,58,0.0056640625
1011011101,1899,"[3, 1, 0, 2]",900,33.57744216918945,True,28.07351047538313,58,0.0056640625
1011011101,1900,"[3, 1, 0, 2]",900,33.59484672546387,False,28.07351047538313,58,0.0056640625
1011011101,1901,"[3, 1, 0, 2]",900,33.60795974731445,True,28.07351047538313,58,0.0056640625
1011011101,1902,"[3, 1, 0, 2]",900,33.62703323364258,False,28.07351047538313,58,0.0056640625
1011011101,1903,"[3, 1, 0, 2]",900,33.640146255493164,True,28.07351047538313,58,0.0056640625
1011011101,1904,"[3, 1, 0, 2]",900,33.65778923034668,False,28.07351047538313,58,0.0056640625
1011011101,1905,"[3, 1, 0, 2]",900,33.670902252197266,True,28.07351047538313,58,0.0056640625
1011011101,1906,"[3, 1, 0, 2]",900,33.68854522705078,False,28.07351047538313,58,0.0056640625
1011011101,1907,"[3, 1, 0, 2]",900,33.70189666748047,True,28.07351047538313,58,0.0056640625
1011011101,1908,"[3, 1, 0, 2]",900,33.71930122375488,False,28.07351047538313,58,0.0056640625
1011011101,1909,"[3, 1, 0, 2]",900,33.73241424560547,True,28.07351047538313,58,0.0056640625
1011011101,1910,"[3, 1, 0, 2]",900,33.74981880187988,False,28.07351047538313,58,0.0056640625
1011011101,1911,"[3, 1, 0, 2]",900,33.76317024230957,True,28.07351047538313,58,0.0056640625
1011011101,1912,"[3, 1, 0, 2]",900,33.780574798583984,False,28.07351047538313,58,0.0056640625
1011011101,1913,"[3, 1, 0, 2]",900,33.79368782043457,True,28.07351047538313,58,0.0056640625
1011011101,1914,"[3, 1, 0, 2]",900,33.81085395812988,False,28.07351047538313,58,0.0056640625
1011011101,1915,"[3, 1, 0, 2]",900,33.82420539855957,True,28.07351047538313,58,0.0056640625
1011011101,1916,"[3, 1, 0, 2]",900,33.841609954833984,False,28.07351047538313,58,0.0056640625
1011011101,1917,"[3, 1, 0, 2]",900,33.85472297668457,True,28.07351047538313,58,0.0056640625
1011011101,1918,"[3, 1, 0, 2]",900,33.872127532958984,False,28.07351047538313,58,0.0056640625
1011011101,1919,"[3, 1, 0, 2]",900,33.88500213623047,True,28.07351047538313,58,0.0056640625
1011011101,1920,"[3, 1, 0, 2]",900,33.90240669250488,False,28.07351047538313,58,0.0056640625
1011011101,1921,"[3, 1, 0, 2]",900,33.91551971435547,True,28.07351047538313,58,0.0056640625
1011011101,1922,"[3, 1, 0, 2]",900,33.933162689208984,False,28.07351047538313,58,0.0056640625
1011011101,1923,"[3, 1, 0, 2]",900,33.94651412963867,True,28.07351047538313,58,0.0056640625
1011011101,1924,"[3, 1, 0, 2]",900,33.9658260345459,False,28.07351047538313,58,0.0056640625
1011011101,1925,"[3, 1, 0, 2]",900,33.97870063781738,True,28.07351047538313,58,0.0056640625
1011011101,1926,"[3, 1, 0, 2]",900,33.9963436126709,False,28.07351047538313,58,0.0056640625
1011011101,1927,"[3, 1, 0, 2]",900,34.009456634521484,True,28.07351047538313,58,0.0056640625
1011011101,1928,"[3, 1, 0, 2]",900,34.027099609375,False,28.07351047538313,58,0.0056640625
1011011101,1929,"[3, 1, 0, 2]",900,34.039974212646484,True,28.07351047538313,58,0.0056640625
1011011101,1930,"[3, 1, 0, 2]",900,34.0576171875,False,28.07351047538313,58,0.0056640625
1011011101,1931,"[3, 1, 0, 2]",900,34.070491790771484,True,28.07351047538313,58,0.0056640625
1011011101,1932,"[3, 1, 0, 2]",900,34.088134765625,False,28.07351047538313,58,0.0056640625
1011011101,1933,"[3, 1, 0, 2]",900,34.101247787475586,True,28.07351047538313,58,0.0056640625
1011011101,1934,"[3, 1, 0, 2]",900,34.1188907623291,False,28.07351047538313,58,0.0056640625
1011011101,1935,"[3, 1, 0, 2]",900,34.13224220275879,True,28.07351047538313,58,0.0056640625
1011011101,1936,"[3, 1, 0, 2]",900,34.150123596191406,False,28.07351047538313,58,0.0056640625
1011011101,1937,"[3, 1, 0, 2]",900,34.16299819946289,True,28.07351047538313,58,0.0056640625
1011011101,1938,"[3, 1, 0, 2]",900,34.18278694152832,False,28.07351047538313,58,0.0056640625
1011011101,1939,"[3, 1, 0, 2]",900,34.195899963378906,True,28.07351047538313,58,0.0056640625
1011011101,1940,"[3, 1, 0, 2]",900,34.21354293823242,False,28.07351047538313,58,0.0056640625
1011011101,1941,"[3, 1, 0, 2]",900,34.22689437866211,True,28.07351047538313,58,0.0056640625
1011011101,1942,"[3, 1, 0, 2]",900,34.24429893493652,False,28.07351047538313,58,0.0056640625
1011011101,1943,"[3, 1, 0, 2]",900,34.25741195678711,True,28.07351047538313,58,0.0056640625
1011011101,1944,"[3, 1, 0, 2]",900,34.276485443115234,False,28.07351047538313,58,0.0056640625
1011011101,1945,"[3, 1, 0, 2]",900,34.28959846496582,True,28.07351047538313,58,0.0056640625
1011011101,1946,"[3, 1, 0, 2]",900,34.307241439819336,False,28.07351047538313,58,0.0056640625
1011011101,1947,"[3, 1, 0, 2]",900,34.32035446166992,True,28.07351047538313,58,0.0056640625
1011011101,1948,"[3, 1, 0, 2]",900,34.33799743652344,False,28.07351047538313,58,0.0056640625
1011011101,1949,"[3, 1, 0, 2]",900,34.351348876953125,True,28.07351047538313,58,0.0056640625
1011011101,1950,"[3, 1, 0, 2]",900,34.36875343322754,False,28.07351047538313,58,0.0056640625
1011011101,1951,"[3, 1, 0, 2]",900,34.38162803649902,True,28.07351047538313,58,0.0056640625
1011011101,1952,"[3, 1, 0, 2]",900,34.39950942993164,False,28.07351047538313,58,0.0056640625
1011011101,1953,"[3, 1, 0, 2]",900,34.41214561462402,True,28.07351047538313,58,0.0056640625
1011011101,1954,"[3, 1, 0, 2]",900,34.42978858947754,False,28.07351047538313,58,0.0056640625
1011011101,1955,"[3, 1, 0, 2]",900,34.44266319274902,True,28.07351047538313,58,0.0056640625
1011011101,1956,"[3, 1, 0, 2]",900,34.46030616760254,False,28.07351047538313,58,0.0056640625
1011011101,1957,"[3, 1, 0, 2]",900,34.47318077087402,True,28.07351047538313,58,0.0056640625
1011011101,1958,"[3, 1, 0, 2]",900,34.490346908569336,False,28.07351047538313,58,0.0056640625
1011011101,1959,"[3, 1, 0, 2]",900,34.50322151184082,True,28.07351047538313,58,0.0056640625
1011011101,1960,"[3, 1, 0, 2]",900,34.520626068115234,False,28.07351047538313,58,0.0056640625
1011011101,1961,"[3, 1, 0, 2]",900,34.53373908996582,True,28.07351047538313,58,0.0056640625
1011011101,1962,"[3, 1, 0, 2]",900,34.551143646240234,False,28.07351047538313,58,0.0056640625
1011011101,1963,"[3, 1, 0, 2]",900,34.56473350524902,True,28.07351047538313,58,0.0056640625
1011011101,1964,"[3, 1, 0, 2]",900,34.58237648010254,False,28.07351047538313,58,0.0056640625
1011011101,1965,"[3, 1, 0, 2]",900,34.59572792053223,True,28.07351047538313,58,0.0056640625
1011011101,1966,"[3, 1, 0, 2]",900,34.61503982543945,False,28.07351047538313,58,0.0056640625
1011011101,1967,"[3, 1, 0, 2]",900,34.62791442871094,True,28.07351047538313,58,0.0056640625
0011011101,1968,"[3, 1, 2, 0]",9450,34.64555740356445,False,17.767085447832436,56,0.00546875
0011011101,1969,"[3, 1, 0, 2]",900,34.65914726257324,True,17.767085447832436,56,0.00546875
0011011101,1970,"[3, 1, 2, 0]",9450,34.676551818847656,False,17.767085447832436,56,0.00546875
0011011101,1971,"[3, 1, 0, 2]",900,34.689903259277344,True,17.767085447832436,56,0.00546875
0011011101,1972,"[3, 1, 2, 0]",9450,34.70730781555176,False,17.767085447832436,56,0.00546875
0011011101,1973,"[3, 1, 0, 2]",900,34.72089767456055,True,17.767085447832436,56,0.00546875
0011011101,1974,"[3, 1, 2, 0]",9450,34.73854064941406,False,17.767085447832436,56,0.00546875
0011011101,1975,"[3, 1, 0, 2]",900,34.75165367126465,True,17.767085447832436,56,0.00546875
0011011101,1976,"[3, 1, 2, 0]",9450,34.769296646118164,False,17.767085447832436,56,0.00546875
0011011101,1977,"[3, 1, 0, 2]",900,34.78240966796875,True,17.767085447832436,56,0.00546875
0011011101,1978,"[3, 1, 2, 0]",9450,34.800052642822266,False,17.767085447832436,56,0.00546875
0011011101,1979,"[3, 1, 0, 2]",900,34.81340408325195,True,17.767085447832436,56,0.00546875
0011011101,1980,"[3, 1, 2, 0]",9450,34.83104705810547,False,17.767085447832436,56,0.00546875
0011011101,1981,"[3, 1, 0, 2]",900,34.844160079956055,True,17.767085447832436,56,0.00546875
0011011101,1982,"[3, 1, 2, 0]",9450,34.86180305480957,False,17.767085447832436,56,0.00546875
0011011101,1983,"[3, 1, 0, 2]",900,34.874677658081055,True,17.767085447832436,56,0.00546875
0011011101,1984,"[3, 1, 2, 0]",9450,34.89255905151367,False,17.767085447832436,56,0.00546875
0011011101,1985,"[3, 1, 0, 2]",900,34.905433654785156,True,17.767085447832436,56,0.00546875
0011011101,1986,"[3, 1, 2, 0]",9450,34.92546081542969,False,17.767085447832436,56,0.00546875
0011011101,1987,"[3, 1, 0, 2]",900,34.93905067443848,True,17.767085447832436,56,0.00546875
0011011101,1988,"[3, 1, 2, 0]",9450,34.958839416503906,False,17.767085447832436,56,0.00546875
0011011101,1989,"[3, 1, 0, 2]",900,34.97195243835449,True,17.767085447832436,56,0.00546875
0011011101,1990,"[3, 1, 2, 0]",9450,34.98959541320801,False,17.767085447832436,56,0.00546875
0011011101,1991,"[3, 1, 0, 2]",900,35.002946853637695,True,17.767085447832436,56,0.00546875
0011011101,1992,"[3, 1, 2, 0]",9450,35.02035140991211,False,17.767085447832436,56,0.00546875
0011011101,1993,"[3, 1, 0, 2]",900,35.0337028503418,True,17.767085447832436,56,0.00546875
0011011101,1994,"[3, 1, 2, 0]",9450,35.05134582519531,False,17.767085447832436,56,0.00546875
0011011101,1995,"[3, 1, 0, 2]",900,35.0651741027832,True,17.767085447832436,56,0.00546875
0011011101,1996,"[3, 1, 2, 0]",9450,35.08281707763672,False,17.767085447832436,56,0.00546875
0011011101,1997,"[3, 1, 0, 2]",900,35.09688377380371,True,17.767085447832436,56,0.00546875
0011011101,1998,"[3, 1, 2, 0]",9450,35.11476516723633,False,17.767085447832436,56,0.00546875
0011011101,1999,"[3, 1, 0, 2]",900,35.12859344482422,True,17.767085447832436,56,0.00546875
0011011101,2000,"[3, 1, 2, 0]",9450,35.14838218688965,False,17.767085447832436,56,0.00546875
0011011101,2001,"[3, 1, 0, 2]",900,35.161733627319336,True,17.767085447832436,56,0.00546875
0011011101,2002,"[3, 1, 2, 0]",9450,35.17913818359375,False,17.767085447832436,56,0.00546875
0011011101,2003,"[3, 1, 0, 2]",900,35.19248962402344,True,17.767085447832436,56,0.00546875
0011011101,2004,"[3, 1, 2, 0]",9450,35.21013259887695,False,17.767085447832436,56,0.00546875
0011011101,2005,"[3, 1, 0, 2]",900,35.22300720214844,True,17.767085447832436,56,0.00546875
0011011101,2006,"[3, 1, 2, 0]",9450,35.24065017700195,False,17.767085447832436,56,0.00546875
0011011101,2007,"[3, 1, 0, 2]",900,35.25424003601074,True,17.767085447832436,56,0.00546875
0011011101,2008,"[3, 1, 2, 0]",9450,35.27331352233887,False,17.767085447832436,56,0.00546875
0011011101,2009,"[3, 1, 0, 2]",900,35.286664962768555,True,17.767085447832436,56,0.00546875
0011011101,2010,"[3, 1, 2, 0]",9450,35.30430793762207,False,17.767085447832436,56,0.00546875
0011011101,2011,"[3, 1, 0, 2]",900,35.317420959472656,True,17.767085447832436,56,0.00546875
0011011101,2012,"[3, 1, 2, 0]",9450,35.33482551574707,False,17.767085447832436,56,0.00546875
0011011101,2013,"[3, 1, 0, 2]",900,35.347938537597656,True,17.767085447832436,56,0.00546875
0011011101,2014,"[3, 1, 2, 0]",9450,35.36534309387207,False,17.767085447832436,56,0.00546875
0011011101,2015,"[3, 1, 0, 2]",900,35.378456115722656,True,17.767085447832436,56,0.00546875
0011011101,2016,"[3, 1, 2, 0]",9450,35.39633750915527,False,17.767085447832436,56,0.00546875
0011011101,2017,"[3, 1, 0, 2]",900,35.40921211242676,True,17.767085447832436,56,0.00546875
0011011101,2018,"[3, 1, 2, 0]",9450,35.427093505859375,False,17.767085447832436,56,0.00546875
0011011101,2019,"[3, 1, 0, 2]",900,35.43996810913086,True,17.767085447832436,56,0.00546875
0011011101,2020,"[3, 1, 2, 0]",9450,35.457611083984375,False,17.767085447832436,56,0.00546875
0011011101,2021,"[3, 1, 0, 2]",900,35.47096252441406,True,17.767085447832436,56,0.00546875
0011011101,2022,"[3, 1, 2, 0]",9450,35.48836708068848,False,17.767085447832436,56,0.00546875
0011011101,2023,"[3, 1, 0, 2]",900,35.501718521118164,True,17.767085447832436,56,0.00546875
0011011101,2024,"[3, 1, 2, 0]",9450,35.51912307739258,False,17.767085447832436,56,0.00546875
0011011101,2025,"[3, 1, 0, 2]",900,35.532236099243164,True,17.767085447832436,56,0.00546875
0011011101,2026,"[3, 1, 2, 0]",9450,35.54987907409668,False,17.767085447832436,56,0.00546875
0011011101,2027,"[3, 1, 0, 2]",900,35.562992095947266,True,17.767085447832436,56,0.00546875
0011011101,2028,"[3, 1, 2, 0]",9450,35.58206558227539,False,17.767085447832436,56,0.00546875
0011011101,2029,"[3, 1, 0, 2]",900,35.59517860412598,True,17.767085447832436,56,0.00546875
0011011101,2030,"[3, 1, 2, 0]",9450,35.61282157897949,False,17.767085447832436,56,0.00546875
0011011101,2031,"[3, 1, 0, 2]",900,35.62617301940918,True,17.767085447832436,56,0.00546875
0011011101,2032,"[3, 1, 2, 0]",9450,35.643577575683594,False,17.767085447832436,56,0.00546875
0011011101,2033,"[3, 1, 0, 2]",900,35.65716743469238,True,17.767085447832436,56,0.00546875
0011011101,2034,"[3, 1, 2, 0]",9450,35.6745719909668,False,17.767085447832436,56,0.00546875
0011011101,2035,"[3, 1, 0, 2]",900,35.687923431396484,True,17.767085447832436,56,0.00546875
0011011101,2036,"[3, 1, 2, 0]",9450,35.7058048248291,False,17.767085447832436,56,0.00546875
0011011101,2037,"[3, 1, 0, 2]",900,35.71939468383789,True,17.767085447832436,56,0.00546875
0011011101,2038,"[3, 1, 2, 0]",9450,35.73918342590332,False,17.767085447832436,56,0.00546875
0011011101,2039,"[3, 1, 0, 2]",900,35.75277328491211,True,17.767085447832436,56,0.00546875
0011011101,2040,"[3, 1, 2, 0]",9450,35.77113151550293,False,17.767085447832436,56,0.00546875
0011011101,2041,"[3, 1, 0, 2]",900,35.784006118774414,True,17.767085447832436,56,0.00546875
0011011101,2042,"[3, 1, 2, 0]",9450,35.80141067504883,False,17.767085447832436,56,0.00546875
0011011101,2043,"[3, 1, 0, 2]",900,35.814523696899414,True,17.767085447832436,56,0.00546875
0011011101,2044,"[3, 1, 2, 0]",9450,35.83240509033203,False,17.767085447832436,56,0.00546875
0011011101,2045,"[3, 1, 0, 2]",900,35.84933280944824,True,17.767085447832436,56,0.00546875
0011011101,2046,"[3, 1, 2, 0]",9450,35.86745262145996,False,17.767085447832436,56,0.00546875
0011011101,2047,"[3, 1, 0, 2]",900,35.88056564331055,True,17.767085447832436,56,0.00546875
0011011101,2048,"[3, 1, 2, 0]",9450,35.898447036743164,False,17.767085447832436,56,0.00546875
0011011101,2049,"[3, 1, 0, 2]",900,35.91179847717285,True,17.767085447832436,56,0.00546875
0011011101,2050,"[3, 1, 2, 0]",9450,35.93134880065918,False,17.767085447832436,56,0.00546875
0011011101,2051,"[3, 1, 0, 2]",900,35.94493865966797,True,17.767085447832436,56,0.00546875
0011011101,2052,"[3, 1, 2, 0]",9450,35.962581634521484,False,17.767085447832436,56,0.00546875
0011011101,2053,"[3, 1, 0, 2]",900,35.97593307495117,True,17.767085447832436,56,0.00546875
0011011101,2054,"[3, 1, 2, 0]",9450,35.993337631225586,False,17.767085447832436,56,0.00546875
0011011101,2055,"[3, 1, 0, 2]",900,36.006927490234375,True,17.767085447832436,56,0.00546875
0011011101,2056,"[3, 1, 2, 0]",9450,36.02433204650879,False,17.767085447832436,56,0.00546875
0011011101,2057,"[3, 1, 0, 2]",900,36.037445068359375,True,17.767085447832436,56,0.00546875
0011011101,2058,"[3, 1, 2, 0]",9450,36.05484962463379,False,17.767085447832436,56,0.00546875
0011011101,2059,"[3, 1, 0, 2]",900,36.06820106506348,True,17.767085447832436,56,0.00546875
0011011101,2060,"[3, 1, 2, 0]",9450,36.1020565032959,False,17.767085447832436,56,0.00546875
0011011101,2061,"[3, 1, 0, 2]",900,36.11564636230469,True,17.767085447832436,56,0.00546875
0011011101,2062,"[3, 1, 2, 0]",9450,36.13400459289551,False,17.767085447832436,56,0.00546875
0011011101,2063,"[3, 1, 0, 2]",900,36.14950180053711,True,17.767085447832436,56,0.00546875
0011011101,2064,"[3, 1, 2, 0]",9450,36.16809844970703,False,17.767085447832436,56,0.00546875
0011011101,2065,"[3, 1, 0, 2]",900,36.18192672729492,True,17.767085447832436,56,0.00546875
0011011101,2066,"[3, 1, 2, 0]",9450,36.20004653930664,False,17.767085447832436,56,0.00546875
0011011101,2067,"[3, 1, 0, 2]",900,36.21387481689453,True,17.767085447832436,56,0.00546875
0011011101,2068,"[3, 1, 2, 0]",9450,36.23247146606445,False,17.767085447832436,56,0.00546875
0011011101,2069,"[3, 1, 0, 2]",900,36.246299743652344,True,17.767085447832436,56,0.00546875
0011011101,2070,"[3, 1, 2, 0]",9450,36.26608848571777,False,17.767085447832436,56,0.00546875
0011011101,2071,"[3, 1, 0, 2]",900,36.280155181884766,True,17.767085447832436,56,0.00546875
0011011101,2072,"[3, 1, 2, 0]",9450,36.29899024963379,False,17.767085447832436,56,0.00546875
0011011101,2073,"[3, 1, 0, 2]",900,36.31258010864258,True,17.767085447832436,56,0.00546875
0011011101,2074,"[3, 1, 2, 0]",9450,36.3309383392334,False,17.767085447832436,56,0.00546875
0011011101,2075,"[3, 1, 0, 2]",900,36.34476661682129,True,17.767085447832436,56,0.00546875
0011011101,2076,"[3, 1, 2, 0]",9450,36.36312484741211,False,17.767085447832436,56,0.00546875
0011011101,2077,"[3, 1, 0, 2]",900,36.376953125,True,17.767085447832436,56,0.00546875
0011011101,2078,"[3, 1, 2, 0]",9450,36.39578819274902,False,17.767085447832436,56,0.00546875
0011011101,2079,"[3, 1, 0, 2]",900,36.409854888916016,True,17.767085447832436,56,0.00546875
0010100111,2080,"[2, 1, 3, 0]",9300,36.42845153808594,False,20.409531892849856,55,0.00537109375
0010100111,2081,"[2, 1, 0, 3]",600,36.44227981567383,True,20.409531892849856,55,0.00537109375
0010100111,2082,"[2, 1, 3, 0]",9300,36.46063804626465,False,20.409531892849856,55,0.00537109375
0010100111,2083,"[2, 1, 0, 3]",600,36.47494316101074,True,20.409531892849856,55,0.00537109375
0010100111,2084,"[2, 1, 3, 0]",9300,36.49330139160156,False,20.409531892849856,55,0.00537109375
0010100111,2085,"[2, 1, 0, 3]",600,36.507368087768555,True,20.409531892849856,55,0.00537109375
0010100111,2086,"[2, 1, 3, 0]",9300,36.52548789978027,False,20.409531892849856,55,0.00537109375
0010100111,2087,"[2, 1, 0, 3]",600,36.53979301452637,True,20.409531892849856,55,0.00537109375
0010100111,2088,"[2, 1, 3, 0]",9300,36.5602970123291,False,20.409531892849856,55,0.00537109375
0010100111,2089,"[2, 1, 0, 3]",600,36.574363708496094,True,20.409531892849856,55,0.00537109375
0010100111,2090,"[2, 1, 3, 0]",9300,36.592721939086914,False,20.409531892849856,55,0.00537109375
0010100111,2091,"[2, 1, 0, 3]",600,36.606788635253906,True,20.409531892849856,55,0.00537109375
0010100111,2092,"[2, 1, 3, 0]",9300,36.62753105163574,False,20.409531892849856,55,0.00537109375
0010100111,2093,"[2, 1, 0, 3]",600,36.641597747802734,True,20.409531892849856,55,0.00537109375
0010100111,2094,"[2, 1, 3, 0]",9300,36.660194396972656,False,20.409531892849856,55,0.00537109375
0010100111,2095,"[2, 1, 0, 3]",600,36.67402267456055,True,20.409531892849856,55,0.00537109375
0010100111,2096,"[2, 1, 3, 0]",9300,36.69261932373047,False,20.409531892849856,55,0.00537109375
0010100111,2097,"[2, 1, 0, 3]",600,36.70644760131836,True,20.409531892849856,55,0.00537109375
0010100111,2098,"[2, 1, 3, 0]",9300,36.72504425048828,False,20.409531892849856,55,0.00537109375
0010100111,2099,"[2, 1, 0, 3]",600,36.73887252807617,True,20.409531892849856,55,0.00537109375
0010100111,2100,"[2, 1, 3, 0]",9300,36.757707595825195,False,20.409531892849856,55,0.00537109375
0010100111,2101,"[2, 1, 0, 3]",600,36.771297454833984,True,20.409531892849856,55,0.00537109375
0010100111,2102,"[2, 1, 3, 0]",9300,36.789655685424805,False,20.409531892849856,55,0.00537109375
0010100111,2103,"[2, 1, 0, 3]",600,36.803483963012695,True,20.409531892849856,55,0.00537109375
0010100111,2104,"[2, 1, 3, 0]",9300,36.821842193603516,False,20.409531892849856,55,0.00537109375
0010100111,2105,"[2, 1, 0, 3]",600,36.835670471191406,True,20.409531892849856,55,0.00537109375
0010100111,2106,"[2, 1, 3, 0]",9300,36.85426712036133,False,20.409531892849856,55,0.00537109375
0010100111,2107,"[2, 1, 0, 3]",600,36.86833381652832,True,20.409531892849856,55,0.00537109375
0010100111,2108,"[2, 1, 3, 0]",9300,36.88693046569824,False,20.409531892849856,55,0.00537109375
0010100111,2109,"[2, 1, 0, 3]",600,36.901235580444336,True,20.409531892849856,55,0.00537109375
0010100111,2110,"[2, 1, 3, 0]",9300,36.919355392456055,False,20.409531892849856,55,0.00537109375
0010100111,2111,"[2, 1, 0, 3]",600,36.93389892578125,True,20.409531892849856,55,0.00537109375
0010100111,2112,"[2, 1, 3, 0]",9300,36.95416450500488,False,20.409531892849856,55,0.00537109375
0010100111,2113,"[2, 1, 0, 3]",600,36.96846961975098,True,20.409531892849856,55,0.00537109375
0010100111,2114,"[2, 1, 3, 0]",9300,36.9868278503418,False,20.409531892849856,55,0.00537109375
0010100111,2115,"[2, 1, 0, 3]",600,37.00089454650879,True,20.409531892849856,55,0.00537109375
0010100111,2116,"[2, 1, 3, 0]",9300,37.01901435852051,False,20.409531892849856,55,0.00537109375
0010100111,2117,"[2, 1, 0, 3]",600,37.0328426361084,True,20.409531892849856,55,0.00537109375
0010100111,2118,"[2, 1, 3, 0]",9300,37.05120086669922,False,20.409531892849856,55,0.00537109375
0010100111,2119,"[2, 1, 0, 3]",600,37.06479072570801,True,20.409531892849856,55,0.00537109375
0010100111,2120,"[2, 1, 3, 0]",9300,37.08362579345703,False,20.409531892849856,55,0.00537109375
0010100111,2121,"[2, 1, 0, 3]",600,37.09721565246582,True,20.409531892849856,55,0.00537109375
0010100111,2122,"[2, 1, 3, 0]",9300,37.11557388305664,False,20.409531892849856,55,0.00537109375
0010100111,2123,"[2, 1, 0, 3]",600,37.12916374206543,True,20.409531892849856,55,0.00537109375
0010100111,2124,"[2, 1, 3, 0]",9300,37.14752197265625,False,20.409531892849856,55,0.00537109375
0010100111,2125,"[2, 1, 0, 3]",600,37.16111183166504,True,20.409531892849856,55,0.00537109375
0010100111,2126,"[2, 1, 3, 0]",9300,37.17947006225586,False,20.409531892849856,55,0.00537109375
0010100111,2127,"[2, 1, 0, 3]",600,37.19305992126465,True,20.409531892849856,55,0.00537109375
0010100111,2128,"[2, 1, 3, 0]",9300,37.210941314697266,False,20.409531892849856,55,0.00537109375
0010100111,2129,"[2, 1, 0, 3]",600,37.23502159118652,True,20.409531892849856,55,0.00537109375
0010100111,2130,"[2, 1, 3, 0]",9300,37.25242614746094,False,20.409531892849856,55,0.00537109375
0010100111,2131,"[2, 1, 0, 3]",600,37.26530075073242,True,20.409531892849856,55,0.00537109375
0010100111,2132,"[2, 1, 3, 0]",9300,37.28294372558594,False,20.409531892849856,55,0.00537109375
0010100111,2133,"[2, 1, 0, 3]",600,37.29605674743652,True,20.409531892849856,55,0.00537109375
0010100111,2134,"[2, 1, 3, 0]",9300,37.31560707092285,False,20.409531892849856,55,0.00537109375
0010100111,2135,"[2, 1, 0, 3]",600,37.32872009277344,True,20.409531892849856,55,0.00537109375
0010100111,2136,"[2, 1, 3, 0]",9300,37.34636306762695,False,20.409531892849856,55,0.00537109375
0010100111,2137,"[2, 1, 0, 3]",600,37.36066818237305,True,20.409531892849856,55,0.00537109375
0010100111,2138,"[2, 1, 3, 0]",9300,37.37831115722656,False,20.409531892849856,55,0.00537109375
0010100111,2139,"[2, 1, 0, 3]",600,37.39142417907715,True,20.409531892849856,55,0.00537109375
0010100111,2140,"[2, 1, 3, 0]",9300,37.41097450256348,False,20.409531892849856,55,0.00537109375
0010100111,2141,"[2, 1, 0, 3]",600,37.424564361572266,True,20.409531892849856,55,0.00537109375
0010100111,2142,"[2, 1, 3, 0]",9300,37.44196891784668,False,20.409531892849856,55,0.00537109375
0010100111,2143,"[2, 1, 0, 3]",600,37.45555877685547,True,20.409531892849856,55,0.00537109375
0010100111,2144,"[2, 1, 3, 0]",9300,37.473201751708984,False,20.409531892849856,55,0.00537109375
0010100111,2145,"[2, 1, 0, 3]",600,37.48679161071777,True,20.409531892849856,55,0.00537109375
0010100111,2146,"[2, 1, 3, 0]",9300,37.50419616699219,False,20.409531892849856,55,0.00537109375
0010100111,2147,"[2, 1, 0, 3]",600,37.517547607421875,True,20.409531892849856,55,0.00537109375
0010100111,2148,"[2, 1, 3, 0]",9300,37.53542900085449,False,20.409531892849856,55,0.00537109375
0010100111,2149,"[2, 1, 0, 3]",600,37.54854202270508,True,20.409531892849856,55,0.00537109375
0010100111,2150,"[2, 1, 3, 0]",9300,37.566184997558594,False,20.409531892849856,55,0.00537109375
0010100111,2151,"[2, 1, 0, 3]",600,37.57905960083008,True,20.409531892849856,55,0.00537109375
0010100111,2152,"[2, 1, 3, 0]",9300,37.5971794128418,False,20.409531892849856,55,0.00537109375
0010100111,2153,"[2, 1, 0, 3]",600,37.61029243469238,True,20.409531892849856,55,0.00537109375
0010100111,2154,"[2, 1, 3, 0]",9300,37.62960433959961,False,20.409531892849856,55,0.00537109375
0010100111,2155,"[2, 1, 0, 3]",600,37.6429557800293,True,20.409531892849856,55,0.00537109375
0010100111,2156,"[2, 1, 3, 0]",9300,37.66059875488281,False,20.409531892849856,55,0.00537109375
0010100111,2157,"[2, 1, 0, 3]",600,37.6737117767334,True,20.409531892849856,55,0.00537109375
0010100111,2158,"[2, 1, 3, 0]",9300,37.691593170166016,False,20.409531892849856,55,0.00537109375
0010100111,2159,"[2, 1, 0, 3]",600,37.7044677734375,True,20.409531892849856,55,0.00537109375
0010100111,2160,"[2, 1, 3, 0]",9300,37.722110748291016,False,20.409531892849856,55,0.00537109375
0010100111,2161,"[2, 1, 0, 3]",600,37.7349853515625,True,20.409531892849856,55,0.00537109375
0010100111,2162,"[2, 1, 3, 0]",9300,37.752389907836914,False,20.409531892849856,55,0.00537109375
0010100111,2163,"[2, 1, 0, 3]",600,37.766218185424805,True,20.409531892849856,55,0.00537109375
0010100111,2164,"[2, 1, 3, 0]",9300,37.78386116027832,False,20.409531892849856,55,0.00537109375
0010100111,2165,"[2, 1, 0, 3]",600,37.79745101928711,True,20.409531892849856,55,0.00537109375
0010100111,2166,"[2, 1, 3, 0]",9300,37.815093994140625,False,20.409531892849856,55,0.00537109375
0010100111,2167,"[2, 1, 0, 3]",600,37.82939910888672,True,20.409531892849856,55,0.00537109375
0010100111,2168,"[2, 1, 3, 0]",9300,37.84823417663574,False,20.409531892849856,55,0.00537109375
0010100111,2169,"[2, 1, 0, 3]",600,37.86182403564453,True,20.409531892849856,55,0.00537109375
0010100111,2170,"[2, 1, 3, 0]",9300,37.878990173339844,False,20.409531892849856,55,0.00537109375
0010100111,2171,"[2, 1, 0, 3]",600,37.89234161376953,True,20.409531892849856,55,0.00537109375
0010100111,2172,"[2, 1, 3, 0]",9300,37.90998458862305,False,20.409531892849856,55,0.00537109375
0010100111,2173,"[2, 1, 0, 3]",600,37.923336029052734,True,20.409531892849856,55,0.00537109375
0010100111,2174,"[2, 1, 3, 0]",9300,37.94074058532715,False,20.409531892849856,55,0.00537109375
0010100111,2175,"[2, 1, 0, 3]",600,37.953853607177734,True,20.409531892849856,55,0.00537109375
0010100111,2176,"[2, 1, 3, 0]",9300,37.97340393066406,False,20.409531892849856,55,0.00537109375
0010100111,2177,"[2, 1, 0, 3]",600,37.98675537109375,True,20.409531892849856,55,0.00537109375
0010100111,2178,"[2, 1, 3, 0]",9300,38.00463676452637,False,20.409531892849856,55,0.00537109375
0010100111,2179,"[2, 1, 0, 3]",600,38.017988204956055,True,20.409531892849856,55,0.00537109375
0010100111,2180,"[2, 1, 3, 0]",9300,38.03563117980957,False,20.409531892849856,55,0.00537109375
0010100111,2181,"[2, 1, 0, 3]",600,38.048744201660156,True,20.409531892849856,55,0.00537109375
0010100111,2182,"[2, 1, 3, 0]",9300,38.06638717651367,False,20.409531892849856,55,0.00537109375
0010100111,2183,"[2, 1, 0, 3]",600,38.07950019836426,True,20.409531892849856,55,0.00537109375
0010100111,2184,"[2, 1, 3, 0]",9300,38.097381591796875,False,20.409531892849856,55,0.00537109375
0010100111,2185,"[2, 1, 0, 3]",600,38.11025619506836,True,20.409531892849856,55,0.00537109375
0010100111,2186,"[2, 1, 3, 0]",9300,38.12813758850098,False,20.409531892849856,55,0.00537109375
0010100111,2187,"[2, 1, 0, 3]",600,38.14101219177246,True,20.409531892849856,55,0.00537109375
0010100111,2188,"[2, 1, 3, 0]",9300,38.15913200378418,False,20.409531892849856,55,0.00537109375
0010100111,2189,"[2, 1, 0, 3]",600,38.17248344421387,True,20.409531892849856,55,0.00537109375
1011010111,2190,"[1, 0, 3, 2]",465,38.1922721862793,False,14.110739454205536,54,0.0052734375
1011010111,2191,"[1, 0, 3, 2]",465,38.20633888244629,True,14.110739454205536,54,0.0052734375
1011010111,2192,"[1, 0, 3, 2]",465,38.223981857299805,False,14.110739454205536,54,0.0052734375
1011010111,2193,"[1, 0, 3, 2]",465,38.237571716308594,True,14.110739454205536,54,0.0052734375
1011010111,2194,"[1, 0, 3, 2]",465,38.25521469116211,False,14.110739454205536,54,0.0052734375
1011010111,2195,"[1, 0, 3, 2]",465,38.2688045501709,True,14.110739454205536,54,0.0052734375
1011010111,2196,"[1, 0, 3, 2]",465,38.28907012939453,False,14.110739454205536,54,0.0052734375
1011010111,2197,"[1, 0, 3, 2]",465,38.30242156982422,True,14.110739454205536,54,0.0052734375
1011010111,2198,"[1, 0, 3, 2]",465,38.320064544677734,False,14.110739454205536,54,0.0052734375
1011010111,2199,"[1, 0, 3, 2]",465,38.33365440368652,True,14.110739454205536,54,0.0052734375
1011010111,2200,"[1, 0, 3, 2]",465,38.35105895996094,False,14.110739454205536,54,0.0052734375
1011010111,2201,"[1, 0, 3, 2]",465,38.364410400390625,True,14.110739454205536,54,0.0052734375
1011010111,2202,"[1, 0, 3, 2]",465,38.38181495666504,False,14.110739454205536,54,0.0052734375
1011010111,2203,"[1, 0, 3, 2]",465,38.39468955993652,True,14.110739454205536,54,0.0052734375
1011010111,2204,"[1, 0, 3, 2]",465,38.41209411621094,False,14.110739454205536,54,0.0052734375
1011010111,2205,"[1, 0, 3, 2]",465,38.425445556640625,True,14.110739454205536,54,0.0052734375
1011010111,2206,"[1, 0, 3, 2]",465,38.44285011291504,False,14.110739454205536,54,0.0052734375
1011010111,2207,"[1, 0, 3, 2]",465,38.47789764404297,True,14.110739454205536,54,0.0052734375
1011010111,2208,"[1, 0, 3, 2]",465,38.49601745605469,False,14.110739454205536,54,0.0052734375
1011010111,2209,"[1, 0, 3, 2]",465,38.509368896484375,True,14.110739454205536,54,0.0052734375
1011010111,2210,"[1, 0, 3, 2]",465,38.527488708496094,False,14.110739454205536,54,0.0052734375
1011010111,2211,"[1, 0, 3, 2]",465,38.54012489318848,True,14.110739454205536,54,0.0052734375
1011010111,2212,"[1, 0, 3, 2]",465,38.558006286621094,False,14.110739454205536,54,0.0052734375
1011010111,2213,"[1, 0, 3, 2]",465,38.57088088989258,True,14.110739454205536,54,0.0052734375
1011010111,2214,"[1, 0, 3, 2]",465,38.588523864746094,False,14.110739454205536,54,0.0052734375
1011010111,2215,"[1, 0, 3, 2]",465,38.61737251281738,True,14.110739454205536,54,0.0052734375
1011010111,2216,"[1, 0, 3, 2]",465,38.635969161987305,False,14.110739454205536,54,0.0052734375
1011010111,2217,"[1, 0, 3, 2]",465,38.649797439575195,True,14.110739454205536,54,0.0052734375
1011010111,2218,"[1, 0, 3, 2]",465,38.66982460021973,False,14.110739454205536,54,0.0052734375
1011010111,2219,"[1, 0, 3, 2]",465,38.683414459228516,True,14.110739454205536,54,0.0052734375
1011010111,2220,"[1, 0, 3, 2]",465,38.701534271240234,False,14.110739454205536,54,0.0052734375
1011010111,2221,"[1, 0, 3, 2]",465,38.71512413024902,True,14.110739454205536,54,0.0052734375
1011010111,2222,"[1, 0, 3, 2]",465,38.73324394226074,False,14.110739454205536,54,0.0052734375
1011010111,2223,"[1, 0, 3, 2]",465,38.74683380126953,True,14.110739454205536,54,0.0052734375
1011010111,2224,"[1, 0, 3, 2]",465,38.76495361328125,False,14.110739454205536,54,0.0052734375
1011010111,2225,"[1, 0, 3, 2]",465,38.77878189086914,True,14.110739454205536,54,0.0052734375
1011010111,2226,"[1, 0, 3, 2]",465,38.79714012145996,False,14.110739454205536,54,0.0052734375
1011010111,2227,"[1, 0, 3, 2]",465,38.81072998046875,True,14.110739454205536,54,0.0052734375
1011010111,2228,"[1, 0, 3, 2]",465,38.82932662963867,False,14.110739454205536,54,0.0052734375
1011010111,2229,"[1, 0, 3, 2]",465,38.84267807006836,True,14.110739454205536,54,0.0052734375
1011010111,2230,"[1, 0, 3, 2]",465,38.86103630065918,False,14.110739454205536,54,0.0052734375
1011010111,2231,"[1, 0, 3, 2]",465,38.87486457824707,True,14.110739454205536,54,0.0052734375
1011010111,2232,"[1, 0, 3, 2]",465,38.89322280883789,False,14.110739454205536,54,0.0052734375
1011010111,2233,"[1, 0, 3, 2]",465,38.90681266784668,True,14.110739454205536,54,0.0052734375
1011010111,2234,"[1, 0, 3, 2]",465,38.9249324798584,False,14.110739454205536,54,0.0052734375
1011010111,2235,"[1, 0, 3, 2]",465,38.93876075744629,True,14.110739454205536,54,0.0052734375
1011010111,2236,"[1, 0, 3, 2]",465,38.95688056945801,False,14.110739454205536,54,0.0052734375
1011010111,2237,"[1, 0, 3, 2]",465,38.970947265625,True,14.110739454205536,54,0.0052734375
1011010111,2238,"[1, 0, 3, 2]",465,38.99192810058594,False,14.110739454205536,54,0.0052734375
1011010111,2239,"[1, 0, 3, 2]",465,39.00623321533203,True,14.110739454205536,54,0.0052734375
1011010111,2240,"[1, 0, 3, 2]",465,39.02888298034668,False,14.110739454205536,54,0.0052734375
1011010111,2241,"[1, 0, 3, 2]",465,39.04271125793457,True,14.110739454205536,54,0.0052734375
1011010111,2242,"[1, 0, 3, 2]",465,39.06083106994629,False,14.110739454205536,54,0.0052734375
1011010111,2243,"[1, 0, 3, 2]",465,39.07465934753418,True,14.110739454205536,54,0.0052734375
1011010111,2244,"[1, 0, 3, 2]",465,39.0932559967041,False,14.110739454205536,54,0.0052734375
1011010111,2245,"[1, 0, 3, 2]",465,39.10660743713379,True,14.110739454205536,54,0.0052734375
1011010111,2246,"[1, 0, 3, 2]",465,39.12496566772461,False,14.110739454205536,54,0.0052734375
1011010111,2247,"[1, 0, 3, 2]",465,39.1383171081543,True,14.110739454205536,54,0.0052734375
1011010111,2248,"[1, 0, 3, 2]",465,39.156436920166016,False,14.110739454205536,54,0.0052734375
1011010111,2249,"[1, 0, 3, 2]",465,39.170265197753906,True,14.110739454205536,54,0.0052734375
1011010111,2250,"[1, 0, 3, 2]",465,39.188385009765625,False,14.110739454205536,54,0.0052734375
1011010111,2251,"[1, 0, 3, 2]",465,39.201974868774414,True,14.110739454205536,54,0.0052734375
1011010111,2252,"[1, 0, 3, 2]",465,39.22009468078613,False,14.110739454205536,54,0.0052734375
1011010111,2253,"[1, 0, 3, 2]",465,39.23392295837402,True,14.110739454205536,54,0.0052734375
1011010111,2254,"[1, 0, 3, 2]",465,39.25180435180664,False,14.110739454205536,54,0.0052734375
1011010111,2255,"[1, 0, 3, 2]",465,39.26563262939453,True,14.110739454205536,54,0.0052734375
1011010111,2256,"[1, 0, 3, 2]",465,39.28422927856445,False,14.110739454205536,54,0.0052734375
1011010111,2257,"[1, 0, 3, 2]",465,39.298057556152344,True,14.110739454205536,54,0.0052734375
1011010111,2258,"[1, 0, 3, 2]",465,39.31617736816406,False,14.110739454205536,54,0.0052734375
1011010111,2259,"[1, 0, 3, 2]",465,39.330482482910156,True,14.110739454205536,54,0.0052734375
1011010111,2260,"[1, 0, 3, 2]",465,39.35074806213379,False,14.110739454205536,54,0.0052734375
1011010111,2261,"[1, 0, 3, 2]",465,39.36457633972168,True,14.110739454205536,54,0.0052734375
1011010111,2262,"[1, 0, 3, 2]",465,39.3829345703125,False,14.110739454205536,54,0.0052734375
1011010111,2263,"[1, 0, 3, 2]",465,39.39652442932129,True,14.110739454205536,54,0.0052734375
1011010111,2264,"[1, 0, 3, 2]",465,39.414405822753906,False,14.110739454205536,54,0.0052734375
1011010111,2265,"[1, 0, 3, 2]",465,39.427995681762695,True,14.110739454205536,54,0.0052734375
1011010111,2266,"[1, 0, 3, 2]",465,39.446115493774414,False,14.110739454205536,54,0.0052734375
1011010111,2267,"[1, 0, 3, 2]",465,39.4594669342041,True,14.110739454205536,54,0.0052734375
1011010111,2268,"[1, 0, 3, 2]",465,39.47782516479492,False,14.110739454205536,54,0.0052734375
1011010111,2269,"[1, 0, 3, 2]",465,39.49117660522461,True,14.110739454205536,54,0.0052734375
1011010111,2270,"[1, 0, 3, 2]",465,39.50929641723633,False,14.110739454205536,54,0.0052734375
1011010111,2271,"[1, 0, 3, 2]",465,39.522647857666016,True,14.110739454205536,54,0.0052734375
1011010111,2272,"[1, 0, 3, 2]",465,39.54124450683594,False,14.110739454205536,54,0.0052734375
1011010111,2273,"[1, 0, 3, 2]",465,39.55483436584473,True,14.110739454205536,54,0.0052734375
1011010111,2274,"[1, 0, 3, 2]",465,39.572715759277344,False,14.110739454205536,54,0.0052734375
1011010111,2275,"[1, 0, 3, 2]",465,39.58630561828613,True,14.110739454205536,54,0.0052734375
1011010111,2276,"[1, 0, 3, 2]",465,39.60442543029785,False,14.110739454205536,54,0.0052734375
1011010111,2277,"[1, 0, 3, 2]",465,39.61801528930664,True,14.110739454205536,54,0.0052734375
1011010111,2278,"[1, 0, 3, 2]",465,39.63613510131836,False,14.110739454205536,54,0.0052734375
1011010111,2279,"[1, 0, 3, 2]",465,39.64996337890625,True,14.110739454205536,54,0.0052734375
1011010111,2280,"[1, 0, 3, 2]",465,39.66975212097168,False,14.110739454205536,54,0.0052734375
1011010111,2281,"[1, 0, 3, 2]",465,39.68334197998047,True,14.110739454205536,54,0.0052734375
1011010111,2282,"[1, 0, 3, 2]",465,39.70146179199219,False,14.110739454205536,54,0.0052734375
1011010111,2283,"[1, 0, 3, 2]",465,39.72506523132324,True,14.110739454205536,54,0.0052734375
1011010111,2284,"[1, 0, 3, 2]",465,39.742469787597656,False,14.110739454205536,54,0.0052734375
1011010111,2285,"[1, 0, 3, 2]",465,39.75534439086914,True,14.110739454205536,54,0.0052734375
1011010111,2286,"[1, 0, 3, 2]",465,39.772748947143555,False,14.110739454205536,54,0.0052734375
1011010111,2287,"[1, 0, 3, 2]",465,39.78610038757324,True,14.110739454205536,54,0.0052734375
1011010111,2288,"[1, 0, 3, 2]",465,39.80374336242676,False,14.110739454205536,54,0.0052734375
1011010111,2289,"[1, 0, 3, 2]",465,39.81733322143555,True,14.110739454205536,54,0.0052734375
1011010111,2290,"[1, 0, 3, 2]",465,39.83664512634277,False,14.110739454205536,54,0.0052734375
1011010111,2291,"[1, 0, 3, 2]",465,39.853572845458984,True,14.110739454205536,54,0.0052734375
1011010111,2292,"[1, 0, 3, 2]",465,39.8712158203125,False,14.110739454205536,54,0.0052734375
1011010111,2293,"[1, 0, 3, 2]",465,39.88456726074219,True,14.110739454205536,54,0.0052734375
1011010111,2294,"[1, 0, 3, 2]",465,39.9014949798584,False,14.110739454205536,54,0.0052734375
1011010111,2295,"[1, 0, 3, 2]",465,39.914846420288086,True,14.110739454205536,54,0.0052734375
1011010111,2296,"[1, 0, 3, 2]",465,39.9322509765625,False,14.110739454205536,54,0.0052734375
1011010111,2297,"[1, 0, 3, 2]",465,39.945363998413086,True,14.110739454205536,54,0.0052734375
0011010111,2298,"[1, 3, 2, 0]",9450,39.9630069732666,False,14.758556936094173,53,0.00517578125
0011010111,2299,"[1, 0, 3, 2]",465,39.97635841369629,True,14.758556936094173,53,0.00517578125
0011010111,2300,"[1, 3, 2, 0]",9450,39.994239807128906,False,14.758556936094173,53,0.00517578125
0011010111,2301,"[1, 0, 3, 2]",465,40.007829666137695,True,14.758556936094173,53,0.00517578125
0011010111,2302,"[1, 3, 2, 0]",9450,40.02737998962402,False,14.758556936094173,53,0.00517578125
0011010111,2303,"[1, 0, 3, 2]",465,40.04073143005371,True,14.758556936094173,53,0.00517578125
0011010111,2304,"[1, 3, 2, 0]",9450,40.05837440490723,False,14.758556936094173,53,0.00517578125
0011010111,2305,"[1, 0, 3, 2]",465,40.07124900817871,True,14.758556936094173,53,0.00517578125
0011010111,2306,"[1, 3, 2, 0]",9450,40.088653564453125,False,14.758556936094173,53,0.00517578125
0011010111,2307,"[1, 0, 3, 2]",465,40.10200500488281,True,14.758556936094173,53,0.00517578125
0011010111,2308,"[1, 3, 2, 0]",9450,40.11940956115723,False,14.758556936094173,53,0.00517578125
0011010111,2309,"[1, 0, 3, 2]",465,40.132761001586914,True,14.758556936094173,53,0.00517578125
0011010111,2310,"[1, 3, 2, 0]",9450,40.15016555786133,False,14.758556936094173,53,0.00517578125
0011010111,2311,"[1, 0, 3, 2]",465,40.163278579711914,True,14.758556936094173,53,0.00517578125
0011010111,2312,"[1, 3, 2, 0]",9450,40.18068313598633,False,14.758556936094173,53,0.00517578125
0011010111,2313,"[1, 0, 3, 2]",465,40.193796157836914,True,14.758556936094173,53,0.00517578125
0011010111,2314,"[1, 3, 2, 0]",9450,40.21120071411133,False,14.758556936094173,53,0.00517578125
0011010111,2315,"[1, 0, 3, 2]",465,40.224313735961914,True,14.758556936094173,53,0.00517578125
0011010111,2316,"[1, 3, 2, 0]",9450,40.24219512939453,False,14.758556936094173,53,0.00517578125
0011010111,2317,"[1, 0, 3, 2]",465,40.255069732666016,True,14.758556936094173,53,0.00517578125
0011010111,2318,"[1, 3, 2, 0]",9450,40.27271270751953,False,14.758556936094173,53,0.00517578125
0011010111,2319,"[1, 0, 3, 2]",465,40.28582572937012,True,14.758556936094173,53,0.00517578125
0011010111,2320,"[1, 3, 2, 0]",9450,40.30299186706543,False,14.758556936094173,53,0.00517578125
0011010111,2321,"[1, 0, 3, 2]",465,40.31634330749512,True,14.758556936094173,53,0.00517578125
0011010111,2322,"[1, 3, 2, 0]",9450,40.33517837524414,False,14.758556936094173,53,0.00517578125
0011010111,2323,"[1, 0, 3, 2]",465,40.34852981567383,True,14.758556936094173,53,0.00517578125
0011010111,2324,"[1, 3, 2, 0]",9450,40.36593437194824,False,14.758556936094173,53,0.00517578125
0011010111,2325,"[1, 0, 3, 2]",465,40.37904739379883,True,14.758556936094173,53,0.00517578125
0011010111,2326,"[1, 3, 2, 0]",9450,40.39621353149414,False,14.758556936094173,53,0.00517578125
0011010111,2327,"[1, 0, 3, 2]",465,40.410518646240234,True,14.758556936094173,53,0.00517578125
0011010111,2328,"[1, 3, 2, 0]",9450,40.42816162109375,False,14.758556936094173,53,0.00517578125
0011010111,2329,"[1, 0, 3, 2]",465,40.441274642944336,True,14.758556936094173,53,0.00517578125
0011010111,2330,"[1, 3, 2, 0]",9450,40.45891761779785,False,14.758556936094173,53,0.00517578125
0011010111,2331,"[1, 0, 3, 2]",465,40.47250747680664,True,14.758556936094173,53,0.00517578125
0011010111,2332,"[1, 3, 2, 0]",9450,40.490150451660156,False,14.758556936094173,53,0.00517578125
0011010111,2333,"[1, 0, 3, 2]",465,40.503501892089844,True,14.758556936094173,53,0.00517578125
0011010111,2334,"[1, 3, 2, 0]",9450,40.52090644836426,False,14.758556936094173,53,0.00517578125
0011010111,2335,"[1, 0, 3, 2]",465,40.534019470214844,True,14.758556936094173,53,0.00517578125
0011010111,2336,"[1, 3, 2, 0]",9450,40.55356979370117,False,14.758556936094173,53,0.00517578125
0011010111,2337,"[1, 0, 3, 2]",465,40.56668281555176,True,14.758556936094173,53,0.00517578125
0011010111,2338,"[1, 3, 2, 0]",9450,40.58408737182617,False,14.758556936094173,53,0.00517578125
0011010111,2339,"[1, 0, 3, 2]",465,40.59767723083496,True,14.758556936094173,53,0.00517578125
0011010111,2340,"[1, 3, 2, 0]",9450,40.616750717163086,False,14.758556936094173,53,0.00517578125
0011010111,2341,"[1, 0, 3, 2]",465,40.63010215759277,True,14.758556936094173,53,0.00517578125
0011010111,2342,"[1, 3, 2, 0]",9450,40.64750671386719,False,14.758556936094173,53,0.00517578125
0011010111,2343,"[1, 0, 3, 2]",465,40.66109657287598,True,14.758556936094173,53,0.00517578125
0011010111,2344,"[1, 3, 2, 0]",9450,40.6804084777832,False,14.758556936094173,53,0.00517578125
0011010111,2345,"[1, 0, 3, 2]",465,40.69375991821289,True,14.758556936094173,53,0.00517578125
0011010111,2346,"[1, 3, 2, 0]",9450,40.711164474487305,False,14.758556936094173,53,0.00517578125
0011010111,2347,"[1, 0, 3, 2]",465,40.72427749633789,True,14.758556936094173,53,0.00517578125
0011010111,2348,"[1, 3, 2, 0]",9450,40.74215888977051,False,14.758556936094173,53,0.00517578125
0011010111,2349,"[1, 0, 3, 2]",465,40.75503349304199,True,14.758556936094173,53,0.00517578125
0011010111,2350,"[1, 3, 2, 0]",9450,40.772438049316406,False,14.758556936094173,53,0.00517578125
0011010111,2351,"[1, 0, 3, 2]",465,40.78555107116699,True,14.758556936094173,53,0.00517578125
0011010111,2352,"[1, 3, 2, 0]",9450,40.802955627441406,False,14.758556936094173,53,0.00517578125
0011010111,2353,"[1, 0, 3, 2]",465,40.81606864929199,True,14.758556936094173,53,0.00517578125
0011010111,2354,"[1, 3, 2, 0]",9450,40.833234786987305,False,14.758556936094173,53,0.00517578125
0011010111,2355,"[1, 0, 3, 2]",465,40.84634780883789,True,14.758556936094173,53,0.00517578125
0011010111,2356,"[1, 3, 2, 0]",9450,40.863990783691406,False,14.758556936094173,53,0.00517578125
0011010111,2357,"[1, 0, 3, 2]",465,40.87686538696289,True,14.758556936094173,53,0.00517578125
0011010111,2358,"[1, 3, 2, 0]",9450,40.894269943237305,False,14.758556936094173,53,0.00517578125
0011010111,2359,"[1, 0, 3, 2]",465,40.90738296508789,True,14.758556936094173,53,0.00517578125
0011010111,2360,"[1, 3, 2, 0]",9450,40.925025939941406,False,14.758556936094173,53,0.00517578125
0011010111,2361,"[1, 0, 3, 2]",465,40.93813896179199,True,14.758556936094173,53,0.00517578125
0011010111,2362,"[1, 3, 2, 0]",9450,40.955543518066406,False,14.758556936094173,53,0.00517578125
0011010111,2363,"[1, 0, 3, 2]",465,40.968894958496094,True,14.758556936094173,53,0.00517578125
0011010111,2364,"[1, 3, 2, 0]",9450,40.98796844482422,False,14.758556936094173,53,0.00517578125
0011010111,2365,"[1, 0, 3, 2]",465,41.001319885253906,True,14.758556936094173,53,0.00517578125
0011010111,2366,"[1, 3, 2, 0]",9450,41.01896286010742,False,14.758556936094173,53,0.00517578125
0011010111,2367,"[1, 0, 3, 2]",465,41.031837463378906,True,14.758556936094173,53,0.00517578125
0011010111,2368,"[1, 3, 2, 0]",9450,41.04948043823242,False,14.758556936094173,53,0.00517578125
0011010111,2369,"[1, 0, 3, 2]",465,41.06259346008301,True,14.758556936094173,53,0.00517578125
0011010111,2370,"[1, 3, 2, 0]",9450,41.07999801635742,False,14.758556936094173,53,0.00517578125
0011010111,2371,"[1, 0, 3, 2]",465,41.09311103820801,True,14.758556936094173,53,0.00517578125
0011010111,2372,"[1, 3, 2, 0]",9450,41.11051559448242,False,14.758556936094173,53,0.00517578125
0011010111,2373,"[1, 0, 3, 2]",465,41.12386703491211,True,14.758556936094173,53,0.00517578125
0011010111,2374,"[1, 3, 2, 0]",9450,41.141510009765625,False,14.758556936094173,53,0.00517578125
0011010111,2375,"[1, 0, 3, 2]",465,41.15462303161621,True,14.758556936094173,53,0.00517578125
0011010111,2376,"[1, 3, 2, 0]",9450,41.17274284362793,False,14.758556936094173,53,0.00517578125
0011010111,2377,"[1, 0, 3, 2]",465,41.18537902832031,True,14.758556936094173,53,0.00517578125
0011010111,2378,"[1, 3, 2, 0]",9450,41.20278358459473,False,14.758556936094173,53,0.00517578125
0011010111,2379,"[1, 0, 3, 2]",465,41.21589660644531,True,14.758556936094173,53,0.00517578125
0011010111,2380,"[1, 3, 2, 0]",9450,41.233062744140625,False,14.758556936094173,53,0.00517578125
0011010111,2381,"[1, 0, 3, 2]",465,41.24617576599121,True,14.758556936094173,53,0.00517578125
0011010111,2382,"[1, 3, 2, 0]",9450,41.263580322265625,False,14.758556936094173,53,0.00517578125
0011010111,2383,"[1, 0, 3, 2]",465,41.27621650695801,True,14.758556936094173,53,0.00517578125
0011010111,2384,"[1, 3, 2, 0]",9450,41.29362106323242,False,14.758556936094173,53,0.00517578125
0011010111,2385,"[1, 0, 3, 2]",465,41.30673408508301,True,14.758556936094173,53,0.00517578125
0011010111,2386,"[1, 3, 2, 0]",9450,41.326284408569336,False,14.758556936094173,53,0.00517578125
0011010111,2387,"[1, 0, 3, 2]",465,41.33939743041992,True,14.758556936094173,53,0.00517578125
0011010111,2388,"[1, 3, 2, 0]",9450,41.35704040527344,False,14.758556936094173,53,0.00517578125
0011010111,2389,"[1, 0, 3, 2]",465,41.36991500854492,True,14.758556936094173,53,0.00517578125
0011010111,2390,"[1, 3, 2, 0]",9450,41.38803482055664,False,14.758556936094173,53,0.00517578125
0011010111,2391,"[1, 0, 3, 2]",465,41.40114784240723,True,14.758556936094173,53,0.00517578125
0011010111,2392,"[1, 3, 2, 0]",9450,41.42045974731445,False,14.758556936094173,53,0.00517578125
0011010111,2393,"[1, 0, 3, 2]",465,41.43381118774414,True,14.758556936094173,53,0.00517578125
0011010111,2394,"[1, 3, 2, 0]",9450,41.451215744018555,False,14.758556936094173,53,0.00517578125
0011010111,2395,"[1, 0, 3, 2]",465,41.46432876586914,True,14.758556936094173,53,0.00517578125
0011010111,2396,"[1, 3, 2, 0]",9450,41.481733322143555,False,14.758556936094173,53,0.00517578125
0011010111,2397,"[1, 0, 3, 2]",465,41.49436950683594,True,14.758556936094173,53,0.00517578125
0011010111,2398,"[1, 3, 2, 0]",9450,41.51201248168945,False,14.758556936094173,53,0.00517578125
0011010111,2399,"[1, 0, 3, 2]",465,41.52488708496094,True,14.758556936094173,53,0.00517578125
0011010111,2400,"[1, 3, 2, 0]",9450,41.54253005981445,False,14.758556936094173,53,0.00517578125
0011010111,2401,"[1, 0, 3, 2]",465,41.55564308166504,True,14.758556936094173,53,0.00517578125
0011010111,2402,"[1, 3, 2, 0]",9450,41.573286056518555,False,14.758556936094173,53,0.00517578125
0011010111,2403,"[1, 0, 3, 2]",465,41.58663749694824,True,14.758556936094173,53,0.00517578125
1001111111,2404,"[3, 2, 0, 1]",6600,41.60571098327637,False,24.44567317458656,51,0.00498046875
1001111111,2405,"[3, 2, 0, 1]",6600,41.62001609802246,True,24.44567317458656,51,0.00498046875
1001111111,2406,"[3, 2, 0, 1]",6600,41.6412353515625,False,24.44567317458656,51,0.00498046875
1001111111,2407,"[3, 2, 0, 1]",6600,41.65506362915039,True,24.44567317458656,51,0.00498046875
1001111111,2408,"[3, 2, 0, 1]",6600,41.672706604003906,False,24.44567317458656,51,0.00498046875
1001111111,2409,"[3, 2, 0, 1]",6600,41.68558120727539,True,24.44567317458656,51,0.00498046875
1001111111,2410,"[3, 2, 0, 1]",6600,41.703224182128906,False,24.44567317458656,51,0.00498046875
1001111111,2411,"[3, 2, 0, 1]",6600,41.71633720397949,True,24.44567317458656,51,0.00498046875
1001111111,2412,"[3, 2, 0, 1]",6600,41.73398017883301,False,24.44567317458656,51,0.00498046875
1001111111,2413,"[3, 2, 0, 1]",6600,41.747093200683594,True,24.44567317458656,51,0.00498046875
1001111111,2414,"[3, 2, 0, 1]",6600,41.76473617553711,False,24.44567317458656,51,0.00498046875
1001111111,2415,"[3, 2, 0, 1]",6600,41.777849197387695,True,24.44567317458656,51,0.00498046875
1001111111,2416,"[3, 2, 0, 1]",6600,41.79549217224121,False,24.44567317458656,51,0.00498046875
1001111111,2417,"[3, 2, 0, 1]",6600,41.808366775512695,True,24.44567317458656,51,0.00498046875
1001111111,2418,"[3, 2, 0, 1]",6600,41.82624816894531,False,24.44567317458656,51,0.00498046875
1001111111,2419,"[3, 2, 0, 1]",6600,41.8393611907959,True,24.44567317458656,51,0.00498046875
1001111111,2420,"[3, 2, 0, 1]",6600,41.857004165649414,False,24.44567317458656,51,0.00498046875
1001111111,2421,"[3, 2, 0, 1]",6600,41.8696403503418,True,24.44567317458656,51,0.00498046875
1001111111,2422,"[3, 2, 0, 1]",6600,41.88728332519531,False,24.44567317458656,51,0.00498046875
1001111111,2423,"[3, 2, 0, 1]",6600,41.9003963470459,True,24.44567317458656,51,0.00498046875
1001111111,2424,"[3, 2, 0, 1]",6600,41.918277740478516,False,24.44567317458656,51,0.00498046875
1001111111,2425,"[3, 2, 0, 1]",6600,41.93115234375,True,24.44567317458656,51,0.00498046875
1001111111,2426,"[3, 2, 0, 1]",6600,41.94903373718262,False,24.44567317458656,51,0.00498046875
1001111111,2427,"[3, 2, 0, 1]",6600,41.9621467590332,True,24.44567317458656,51,0.00498046875
1001111111,2428,"[3, 2, 0, 1]",6600,41.98169708251953,False,24.44567317458656,51,0.00498046875
1001111111,2429,"[3, 2, 0, 1]",6600,41.994571685791016,True,24.44567317458656,51,0.00498046875
1001111111,2430,"[3, 2, 0, 1]",6600,42.01197624206543,False,24.44567317458656,51,0.00498046875
1001111111,2431,"[3, 2, 0, 1]",6600,42.02532768249512,True,24.44567317458656,51,0.00498046875
1001111111,2432,"[3, 2, 0, 1]",6600,42.04273223876953,False,24.44567317458656,51,0.00498046875
1001111111,2433,"[3, 2, 0, 1]",6600,42.05584526062012,True,24.44567317458656,51,0.00498046875
1001111111,2434,"[3, 2, 0, 1]",6600,42.07301139831543,False,24.44567317458656,51,0.00498046875
1001111111,2435,"[3, 2, 0, 1]",6600,42.086124420166016,True,24.44567317458656,51,0.00498046875
1001111111,2436,"[3, 2, 0, 1]",6600,42.10352897644043,False,24.44567317458656,51,0.00498046875
1001111111,2437,"[3, 2, 0, 1]",6600,42.11616516113281,True,24.44567317458656,51,0.00498046875
1001111111,2438,"[3, 2, 0, 1]",6600,42.13356971740723,False,24.44567317458656,51,0.00498046875
1001111111,2439,"[3, 2, 0, 1]",6600,42.14668273925781,True,24.44567317458656,51,0.00498046875
1001111111,2440,"[3, 2, 0, 1]",6600,42.16456413269043,False,24.44567317458656,51,0.00498046875
1001111111,2441,"[3, 2, 0, 1]",6600,42.17791557312012,True,24.44567317458656,51,0.00498046875
1001111111,2442,"[3, 2, 0, 1]",6600,42.19770431518555,False,24.44567317458656,51,0.00498046875
1001111111,2443,"[3, 2, 0, 1]",6600,42.21057891845703,True,24.44567317458656,51,0.00498046875
1001111111,2444,"[3, 2, 0, 1]",6600,42.22846031188965,False,24.44567317458656,51,0.00498046875
1001111111,2445,"[3, 2, 0, 1]",6600,42.24109649658203,True,24.44567317458656,51,0.00498046875
1001111111,2446,"[3, 2, 0, 1]",6600,42.258501052856445,False,24.44567317458656,51,0.00498046875
1001111111,2447,"[3, 2, 0, 1]",6600,42.27161407470703,True,24.44567317458656,51,0.00498046875
1001111111,2448,"[3, 2, 0, 1]",6600,42.29116439819336,False,24.44567317458656,51,0.00498046875
1001111111,2449,"[3, 2, 0, 1]",6600,42.30380058288574,True,24.44567317458656,51,0.00498046875
1001111111,2450,"[3, 2, 0, 1]",6600,42.32168197631836,False,24.44567317458656,51,0.00498046875
1001111111,2451,"[3, 2, 0, 1]",6600,42.33431816101074,True,24.44567317458656,51,0.00498046875
1001111111,2452,"[3, 2, 0, 1]",6600,42.35196113586426,False,24.44567317458656,51,0.00498046875
1001111111,2453,"[3, 2, 0, 1]",6600,42.36483573913574,True,24.44567317458656,51,0.00498046875
1001111111,2454,"[3, 2, 0, 1]",6600,42.38247871398926,False,24.44567317458656,51,0.00498046875
1001111111,2455,"[3, 2, 0, 1]",6600,42.395591735839844,True,24.44567317458656,51,0.00498046875
1001111111,2456,"[3, 2, 0, 1]",6600,42.41299629211426,False,24.44567317458656,51,0.00498046875
1001111111,2457,"[3, 2, 0, 1]",6600,42.426347732543945,True,24.44567317458656,51,0.00498046875
1001111111,2458,"[3, 2, 0, 1]",6600,42.44351387023926,False,24.44567317458656,51,0.00498046875
1001111111,2459,"[3, 2, 0, 1]",6600,42.45638847351074,True,24.44567317458656,51,0.00498046875
1001111111,2460,"[3, 2, 0, 1]",6600,42.473793029785156,False,24.44567317458656,51,0.00498046875
1001111111,2461,"[3, 2, 0, 1]",6600,42.48642921447754,True,24.44567317458656,51,0.00498046875
1001111111,2462,"[3, 2, 0, 1]",6600,42.50383377075195,False,24.44567317458656,51,0.00498046875
1001111111,2463,"[3, 2, 0, 1]",6600,42.51670837402344,True,24.44567317458656,51,0.00498046875
1001111111,2464,"[3, 2, 0, 1]",6600,42.53387451171875,False,24.44567317458656,51,0.00498046875
1001111111,2465,"[3, 2, 0, 1]",6600,42.54651069641113,True,24.44567317458656,51,0.00498046875
1001111111,2466,"[3, 2, 0, 1]",6600,42.56415367126465,False,24.44567317458656,51,0.00498046875
1001111111,2467,"[3, 2, 0, 1]",6600,42.57678985595703,True,24.44567317458656,51,0.00498046875
1001111111,2468,"[3, 2, 0, 1]",6600,42.59443283081055,False,24.44567317458656,51,0.00498046875
1001111111,2469,"[3, 2, 0, 1]",6600,42.60730743408203,True,24.44567317458656,51,0.00498046875
1001111111,2470,"[3, 2, 0, 1]",6600,42.626142501831055,False,24.44567317458656,51,0.00498046875
1001111111,2471,"[3, 2, 0, 1]",6600,42.63901710510254,True,24.44567317458656,51,0.00498046875
1001111111,2472,"[3, 2, 0, 1]",6600,42.65642166137695,False,24.44567317458656,51,0.00498046875
1001111111,2473,"[3, 2, 0, 1]",6600,42.669057846069336,True,24.44567317458656,51,0.00498046875
1001111111,2474,"[3, 2, 0, 1]",6600,42.68646240234375,False,24.44567317458656,51,0.00498046875
1001111111,2475,"[3, 2, 0, 1]",6600,42.69886016845703,True,24.44567317458656,51,0.00498046875
1001111111,2476,"[3, 2, 0, 1]",6600,42.71578788757324,False,24.44567317458656,51,0.00498046875
1001111111,2477,"[3, 2, 0, 1]",6600,42.72866249084473,True,24.44567317458656,51,0.00498046875
1001111111,2478,"[3, 2, 0, 1]",6600,42.74582862854004,False,24.44567317458656,51,0.00498046875
1001111111,2479,"[3, 2, 0, 1]",6600,42.75870323181152,True,24.44567317458656,51,0.00498046875
1001111111,2480,"[3, 2, 0, 1]",6600,42.775869369506836,False,24.44567317458656,51,0.00498046875
1001111111,2481,"[3, 2, 0, 1]",6600,42.78874397277832,True,24.44567317458656,51,0.00498046875
1001111111,2482,"[3, 2, 0, 1]",6600,42.806148529052734,False,24.44567317458656,51,0.00498046875
1001111111,2483,"[3, 2, 0, 1]",6600,42.81902313232422,True,24.44567317458656,51,0.00498046875
1001111111,2484,"[3, 2, 0, 1]",6600,42.83642768859863,False,24.44567317458656,51,0.00498046875
1001111111,2485,"[3, 2, 0, 1]",6600,42.84954071044922,True,24.44567317458656,51,0.00498046875
1001111111,2486,"[3, 2, 0, 1]",6600,42.86670684814453,False,24.44567317458656,51,0.00498046875
1001111111,2487,"[3, 2, 0, 1]",6600,42.879343032836914,True,24.44567317458656,51,0.00498046875
1001111111,2488,"[3, 2, 0, 1]",6600,42.89650917053223,False,24.44567317458656,51,0.00498046875
1001111111,2489,"[3, 2, 0, 1]",6600,42.909860610961914,True,24.44567317458656,51,0.00498046875
1001111111,2490,"[3, 2, 0, 1]",6600,42.929649353027344,False,24.44567317458656,51,0.00498046875
1001111111,2491,"[3, 2, 0, 1]",6600,42.94300079345703,True,24.44567317458656,51,0.00498046875
1001111111,2492,"[3, 2, 0, 1]",6600,42.96231269836426,False,24.44567317458656,51,0.00498046875
1001111111,2493,"[3, 2, 0, 1]",6600,42.97518730163574,True,24.44567317458656,51,0.00498046875
1001111111,2494,"[3, 2, 0, 1]",6600,42.99283027648926,False,24.44567317458656,51,0.00498046875
1001111111,2495,"[3, 2, 0, 1]",6600,43.00546646118164,True,24.44567317458656,51,0.00498046875
1001111111,2496,"[3, 2, 0, 1]",6600,43.02239418029785,False,24.44567317458656,51,0.00498046875
1001111111,2497,"[3, 2, 0, 1]",6600,43.035030364990234,True,24.44567317458656,51,0.00498046875
1001111111,2498,"[3, 2, 0, 1]",6600,43.05243492126465,False,24.44567317458656,51,0.00498046875
1001111111,2499,"[3, 2, 0, 1]",6600,43.065547943115234,True,24.44567317458656,51,0.00498046875
1001111111,2500,"[3, 2, 0, 1]",6600,43.08295249938965,False,24.44567317458656,51,0.00498046875
1001111111,2501,"[3, 2, 0, 1]",6600,43.096065521240234,True,24.44567317458656,51,0.00498046875
1001111111,2502,"[3, 2, 0, 1]",6600,43.11347007751465,False,24.44567317458656,51,0.00498046875
1001111111,2503,"[3, 2, 0, 1]",6600,43.12610626220703,True,24.44567317458656,51,0.00498046875
1001111111,2504,"[3, 2, 0, 1]",6600,43.145179748535156,False,24.44567317458656,51,0.00498046875
1001111111,2505,"[3, 2, 0, 1]",6600,43.15829277038574,True,24.44567317458656,51,0.00498046875
0100010000,2506,"[2, 0, 3, 1]",6200,43.177127838134766,False,15.294739040945382,50,0.0048828125
0100010000,2507,"[2, 0, 1, 3]",500,43.19143295288086,True,15.294739040945382,50,0.0048828125
0100010000,2508,"[2, 0, 3, 1]",6200,43.20931434631348,False,15.294739040945382,50,0.0048828125
0100010000,2509,"[2, 0, 1, 3]",500,43.222904205322266,True,15.294739040945382,50,0.0048828125
0100010000,2510,"[2, 0, 3, 1]",6200,43.24078559875488,False,15.294739040945382,50,0.0048828125
0100010000,2511,"[2, 0, 1, 3]",500,43.25413703918457,True,15.294739040945382,50,0.0048828125
0100010000,2512,"[2, 0, 3, 1]",6200,43.27392578125,False,15.294739040945382,50,0.0048828125
0100010000,2513,"[2, 0, 1, 3]",500,43.28727722167969,True,15.294739040945382,50,0.0048828125
0100010000,2514,"[2, 0, 3, 1]",6200,43.3049201965332,False,15.294739040945382,50,0.0048828125
0100010000,2515,"[2, 0, 1, 3]",500,43.31827163696289,True,15.294739040945382,50,0.0048828125
0100010000,2516,"[2, 0, 3, 1]",6200,43.335676193237305,False,15.294739040945382,50,0.0048828125
0100010000,2517,"[2, 0, 1, 3]",500,43.34855079650879,True,15.294739040945382,50,0.0048828125
0100010000,2518,"[2, 0, 3, 1]",6200,43.366193771362305,False,15.294739040945382,50,0.0048828125
0100010000,2519,"[2, 0, 1, 3]",500,43.37954521179199,True,15.294739040945382,50,0.0048828125
0100010000,2520,"[2, 0, 3, 1]",6200,43.39718818664551,False,15.294739040945382,50,0.0048828125
0100010000,2521,"[2, 0, 1, 3]",500,43.410301208496094,True,15.294739040945382,50,0.0048828125
0100010000,2522,"[2, 0, 3, 1]",6200,43.42794418334961,False,15.294739040945382,50,0.0048828125
0100010000,2523,"[2, 0, 1, 3]",500,43.440818786621094,True,15.294739040945382,50,0.0048828125
0100010000,2524,"[2, 0, 3, 1]",6200,43.45846176147461,False,15.294739040945382,50,0.0048828125
0100010000,2525,"[2, 0, 1, 3]",500,43.471336364746094,True,15.294739040945382,50,0.0048828125
0100010000,2526,"[2, 0, 3, 1]",6200,43.48874092102051,False,15.294739040945382,50,0.0048828125
0100010000,2527,"[2, 0, 1, 3]",500,43.50161552429199,True,15.294739040945382,50,0.0048828125
0100010000,2528,"[2, 0, 3, 1]",6200,43.51925849914551,False,15.294739040945382,50,0.0048828125
0100010000,2529,"[2, 0, 1, 3]",500,43.53213310241699,True,15.294739040945382,50,0.0048828125
0100010000,2530,"[2, 0, 3, 1]",6200,43.549537658691406,False,15.294739040945382,50,0.0048828125
0100010000,2531,"[2, 0, 1, 3]",500,43.562889099121094,True,15.294739040945382,50,0.0048828125
0100010000,2532,"[2, 0, 3, 1]",6200,43.58220100402832,False,15.294739040945382,50,0.0048828125
0100010000,2533,"[2, 0, 1, 3]",500,43.595314025878906,True,15.294739040945382,50,0.0048828125
0100010000,2534,"[2, 0, 3, 1]",6200,43.61319541931152,False,15.294739040945382,50,0.0048828125
0100010000,2535,"[2, 0, 1, 3]",500,43.62630844116211,True,15.294739040945382,50,0.0048828125
0100010000,2536,"[2, 0, 3, 1]",6200,43.643951416015625,False,15.294739040945382,50,0.0048828125
0100010000,2537,"[2, 0, 1, 3]",500,43.65706443786621,True,15.294739040945382,50,0.0048828125
0100010000,2538,"[2, 0, 3, 1]",6200,43.67470741271973,False,15.294739040945382,50,0.0048828125
0100010000,2539,"[2, 0, 1, 3]",500,43.688058853149414,True,15.294739040945382,50,0.0048828125
0100010000,2540,"[2, 0, 3, 1]",6200,43.70594024658203,False,15.294739040945382,50,0.0048828125
0100010000,2541,"[2, 0, 1, 3]",500,43.71953010559082,True,15.294739040945382,50,0.0048828125
0100010000,2542,"[2, 0, 3, 1]",6200,43.73884201049805,False,15.294739040945382,50,0.0048828125
0100010000,2543,"[2, 0, 1, 3]",500,43.75195503234863,True,15.294739040945382,50,0.0048828125
0100010000,2544,"[2, 0, 3, 1]",6200,43.76983642578125,False,15.294739040945382,50,0.0048828125
0100010000,2545,"[2, 0, 1, 3]",500,43.78247261047363,True,15.294739040945382,50,0.0048828125
0100010000,2546,"[2, 0, 3, 1]",6200,43.80011558532715,False,15.294739040945382,50,0.0048828125
0100010000,2547,"[2, 0, 1, 3]",500,43.813228607177734,True,15.294739040945382,50,0.0048828125
0100010000,2548,"[2, 0, 3, 1]",6200,43.83087158203125,False,15.294739040945382,50,0.0048828125
0100010000,2549,"[2, 0, 1, 3]",500,43.847084045410156,True,15.294739040945382,50,0.0048828125
0100010000,2550,"[2, 0, 3, 1]",6200,43.865203857421875,False,15.294739040945382,50,0.0048828125
0100010000,2551,"[2, 0, 1, 3]",500,43.87831687927246,True,15.294739040945382,50,0.0048828125
0100010000,2552,"[2, 0, 3, 1]",6200,43.89595985412598,False,15.294739040945382,50,0.0048828125
0100010000,2553,"[2, 0, 1, 3]",500,43.90883445739746,True,15.294739040945382,50,0.0048828125
0100010000,2554,"[2, 0, 3, 1]",6200,43.927907943725586,False,15.294739040945382,50,0.0048828125
0100010000,2555,"[2, 0, 1, 3]",500,43.96510124206543,True,15.294739040945382,50,0.0048828125
0100010000,2556,"[2, 0, 3, 1]",6200,43.98345947265625,False,15.294739040945382,50,0.0048828125
0100010000,2557,"[2, 0, 1, 3]",500,43.996572494506836,True,15.294739040945382,50,0.0048828125
0100010000,2558,"[2, 0, 3, 1]",6200,44.01445388793945,False,15.294739040945382,50,0.0048828125
0100010000,2559,"[2, 0, 1, 3]",500,44.02756690979004,True,15.294739040945382,50,0.0048828125
0100010000,2560,"[2, 0, 3, 1]",6200,44.045448303222656,False,15.294739040945382,50,0.0048828125
0100010000,2561,"[2, 0, 1, 3]",500,44.058799743652344,True,15.294739040945382,50,0.0048828125
0100010000,2562,"[2, 0, 3, 1]",6200,44.07668113708496,False,15.294739040945382,50,0.0048828125
0100010000,2563,"[2, 0, 1, 3]",500,44.09003257751465,True,15.294739040945382,50,0.0048828125
0100010000,2564,"[2, 0, 3, 1]",6200,44.107675552368164,False,15.294739040945382,50,0.0048828125
0100010000,2565,"[2, 0, 1, 3]",500,44.12102699279785,True,15.294739040945382,50,0.0048828125
0100010000,2566,"[2, 0, 3, 1]",6200,44.138431549072266,False,15.294739040945382,50,0.0048828125
0100010000,2567,"[2, 0, 1, 3]",500,44.15154457092285,True,15.294739040945382,50,0.0048828125
0100010000,2568,"[2, 0, 3, 1]",6200,44.16918754577637,False,15.294739040945382,50,0.0048828125
0100010000,2569,"[2, 0, 1, 3]",500,44.18206214904785,True,15.294739040945382,50,0.0048828125
0100010000,2570,"[2, 0, 3, 1]",6200,44.199228286743164,False,15.294739040945382,50,0.0048828125
0100010000,2571,"[2, 0, 1, 3]",500,44.21234130859375,True,15.294739040945382,50,0.0048828125
0100010000,2572,"[2, 0, 3, 1]",6200,44.229745864868164,False,15.294739040945382,50,0.0048828125
0100010000,2573,"[2, 0, 1, 3]",500,44.24285888671875,True,15.294739040945382,50,0.0048828125
0100010000,2574,"[2, 0, 3, 1]",6200,44.26264762878418,False,15.294739040945382,50,0.0048828125
0100010000,2575,"[2, 0, 1, 3]",500,44.275522232055664,True,15.294739040945382,50,0.0048828125
0100010000,2576,"[2, 0, 3, 1]",6200,44.29364204406738,False,15.294739040945382,50,0.0048828125
0100010000,2577,"[2, 0, 1, 3]",500,44.306278228759766,True,15.294739040945382,50,0.0048828125
0100010000,2578,"[2, 0, 3, 1]",6200,44.32392120361328,False,15.294739040945382,50,0.0048828125
0100010000,2579,"[2, 0, 1, 3]",500,44.33703422546387,True,15.294739040945382,50,0.0048828125
0100010000,2580,"[2, 0, 3, 1]",6200,44.35467720031738,False,15.294739040945382,50,0.0048828125
0100010000,2581,"[2, 0, 1, 3]",500,44.36755180358887,True,15.294739040945382,50,0.0048828125
0100010000,2582,"[2, 0, 3, 1]",6200,44.38519477844238,False,15.294739040945382,50,0.0048828125
0100010000,2583,"[2, 0, 1, 3]",500,44.39830780029297,True,15.294739040945382,50,0.0048828125
0100010000,2584,"[2, 0, 3, 1]",6200,44.41571235656738,False,15.294739040945382,50,0.0048828125
0100010000,2585,"[2, 0, 1, 3]",500,44.428348541259766,True,15.294739040945382,50,0.0048828125
0100010000,2586,"[2, 0, 3, 1]",6200,44.44622993469238,False,15.294739040945382,50,0.0048828125
0100010000,2587,"[2, 0, 1, 3]",500,44.458866119384766,True,15.294739040945382,50,0.0048828125
0100010000,2588,"[2, 0, 3, 1]",6200,44.47627067565918,False,15.294739040945382,50,0.0048828125
0100010000,2589,"[2, 0, 1, 3]",500,44.489145278930664,True,15.294739040945382,50,0.0048828125
0100010000,2590,"[2, 0, 3, 1]",6200,44.50726509094238,False,15.294739040945382,50,0.0048828125
0100010000,2591,"[2, 0, 1, 3]",500,44.52085494995117,True,15.294739040945382,50,0.0048828125
0100010000,2592,"[2, 0, 3, 1]",6200,44.5406436920166,False,15.294739040945382,50,0.0048828125
0100010000,2593,"[2, 0, 1, 3]",500,44.55399513244629,True,15.294739040945382,50,0.0048828125
0100010000,2594,"[2, 0, 3, 1]",6200,44.571876525878906,False,15.294739040945382,50,0.0048828125
0100010000,2595,"[2, 0, 1, 3]",500,44.585227966308594,True,15.294739040945382,50,0.0048828125
0100010000,2596,"[2, 0, 3, 1]",6200,44.60453987121582,False,15.294739040945382,50,0.0048828125
0100010000,2597,"[2, 0, 1, 3]",500,44.617652893066406,True,15.294739040945382,50,0.0048828125
0100010000,2598,"[2, 0, 3, 1]",6200,44.63529586791992,False,15.294739040945382,50,0.0048828125
0100010000,2599,"[2, 0, 1, 3]",500,44.64840888977051,True,15.294739040945382,50,0.0048828125
0100010000,2600,"[2, 0, 3, 1]",6200,44.66605186462402,False,15.294739040945382,50,0.0048828125
0100010000,2601,"[2, 0, 1, 3]",500,44.67916488647461,True,15.294739040945382,50,0.0048828125
0100010000,2602,"[2, 0, 3, 1]",6200,44.69633102416992,False,15.294739040945382,50,0.0048828125
0100010000,2603,"[2, 0, 1, 3]",500,44.708967208862305,True,15.294739040945382,50,0.0048828125
0100010000,2604,"[2, 0, 3, 1]",6200,44.72661018371582,False,15.294739040945382,50,0.0048828125
0100010000,2605,"[2, 0, 1, 3]",500,44.739723205566406,True,15.294739040945382,50,0.0048828125
1100101110,2606,"[3, 0, 2, 1]",6300,44.759511947631836,False,21.85425408059212,50,0.0048828125
1100101110,2607,"[3, 0, 1, 2]",750,44.77429389953613,True,21.85425408059212,50,0.0048828125
1100101110,2608,"[3, 0, 2, 1]",6300,44.79265213012695,False,21.85425408059212,50,0.0048828125
1100101110,2609,"[3, 0, 1, 2]",750,44.806480407714844,True,21.85425408059212,50,0.0048828125
1100101110,2610,"[3, 0, 2, 1]",6300,44.82460021972656,False,21.85425408059212,50,0.0048828125
1100101110,2611,"[3, 0, 1, 2]",750,44.83747482299805,True,21.85425408059212,50,0.0048828125
1100101110,2612,"[3, 0, 2, 1]",6300,44.85511779785156,False,21.85425408059212,50,0.0048828125
1100101110,2613,"[3, 0, 1, 2]",750,44.86846923828125,True,21.85425408059212,50,0.0048828125
1100101110,2614,"[3, 0, 2, 1]",6300,44.886112213134766,False,21.85425408059212,50,0.0048828125
1100101110,2615,"[3, 0, 1, 2]",750,44.89922523498535,True,21.85425408059212,50,0.0048828125
1100101110,2616,"[3, 0, 2, 1]",6300,44.919729232788086,False,21.85425408059212,50,0.0048828125
1100101110,2617,"[3, 0, 1, 2]",750,44.93284225463867,True,21.85425408059212,50,0.0048828125
1100101110,2618,"[3, 0, 2, 1]",6300,44.95048522949219,False,21.85425408059212,50,0.0048828125
1100101110,2619,"[3, 0, 1, 2]",750,44.96359825134277,True,21.85425408059212,50,0.0048828125
1100101110,2620,"[3, 0, 2, 1]",6300,44.98147964477539,False,21.85425408059212,50,0.0048828125
1100101110,2621,"[3, 0, 1, 2]",750,44.994354248046875,True,21.85425408059212,50,0.0048828125
1100101110,2622,"[3, 0, 2, 1]",6300,45.01175880432129,False,21.85425408059212,50,0.0048828125
1100101110,2623,"[3, 0, 1, 2]",750,45.024871826171875,True,21.85425408059212,50,0.0048828125
1100101110,2624,"[3, 0, 2, 1]",6300,45.04275321960449,False,21.85425408059212,50,0.0048828125
1100101110,2625,"[3, 0, 1, 2]",750,45.05586624145508,True,21.85425408059212,50,0.0048828125
1100101110,2626,"[3, 0, 2, 1]",6300,45.07327079772949,False,21.85425408059212,50,0.0048828125
1100101110,2627,"[3, 0, 1, 2]",750,45.08662223815918,True,21.85425408059212,50,0.0048828125
1100101110,2628,"[3, 0, 2, 1]",6300,45.10378837585449,False,21.85425408059212,50,0.0048828125
1100101110,2629,"[3, 0, 1, 2]",750,45.11690139770508,True,21.85425408059212,50,0.0048828125
1100101110,2630,"[3, 0, 2, 1]",6300,45.134544372558594,False,21.85425408059212,50,0.0048828125
1100101110,2631,"[3, 0, 1, 2]",750,45.14765739440918,True,21.85425408059212,50,0.0048828125
1100101110,2632,"[3, 0, 2, 1]",6300,45.165061950683594,False,21.85425408059212,50,0.0048828125
1100101110,2633,"[3, 0, 1, 2]",750,45.17817497253418,True,21.85425408059212,50,0.0048828125
1100101110,2634,"[3, 0, 2, 1]",6300,45.195579528808594,False,21.85425408059212,50,0.0048828125
1100101110,2635,"[3, 0, 1, 2]",750,45.20916938781738,True,21.85425408059212,50,0.0048828125
1100101110,2636,"[3, 0, 2, 1]",6300,45.22871971130371,False,21.85425408059212,50,0.0048828125
1100101110,2637,"[3, 0, 1, 2]",750,45.2418327331543,True,21.85425408059212,50,0.0048828125
1100101110,2638,"[3, 0, 2, 1]",6300,45.25947570800781,False,21.85425408059212,50,0.0048828125
1100101110,2639,"[3, 0, 1, 2]",750,45.2728271484375,True,21.85425408059212,50,0.0048828125
1100101110,2640,"[3, 0, 2, 1]",6300,45.29094696044922,False,21.85425408059212,50,0.0048828125
1100101110,2641,"[3, 0, 1, 2]",750,45.304059982299805,True,21.85425408059212,50,0.0048828125
1100101110,2642,"[3, 0, 2, 1]",6300,45.32337188720703,False,21.85425408059212,50,0.0048828125
1100101110,2643,"[3, 0, 1, 2]",750,45.33648490905762,True,21.85425408059212,50,0.0048828125
1100101110,2644,"[3, 0, 2, 1]",6300,45.354366302490234,False,21.85425408059212,50,0.0048828125
1100101110,2645,"[3, 0, 1, 2]",750,45.36724090576172,True,21.85425408059212,50,0.0048828125
1100101110,2646,"[3, 0, 2, 1]",6300,45.38464546203613,False,21.85425408059212,50,0.0048828125
1100101110,2647,"[3, 0, 1, 2]",750,45.39775848388672,True,21.85425408059212,50,0.0048828125
1100101110,2648,"[3, 0, 2, 1]",6300,45.415401458740234,False,21.85425408059212,50,0.0048828125
1100101110,2649,"[3, 0, 1, 2]",750,45.42827606201172,True,21.85425408059212,50,0.0048828125
1100101110,2650,"[3, 0, 2, 1]",6300,45.44568061828613,False,21.85425408059212,50,0.0048828125
1100101110,2651,"[3, 0, 1, 2]",750,45.45903205871582,True,21.85425408059212,50,0.0048828125
1100101110,2652,"[3, 0, 2, 1]",6300,45.476675033569336,False,21.85425408059212,50,0.0048828125
1100101110,2653,"[3, 0, 1, 2]",750,45.48978805541992,True,21.85425408059212,50,0.0048828125
1100101110,2654,"[3, 0, 2, 1]",6300,45.50743103027344,False,21.85425408059212,50,0.0048828125
1100101110,2655,"[3, 0, 1, 2]",750,45.520782470703125,True,21.85425408059212,50,0.0048828125
1100101110,2656,"[3, 0, 2, 1]",6300,45.53842544555664,False,21.85425408059212,50,0.0048828125
1100101110,2657,"[3, 0, 1, 2]",750,45.55177688598633,True,21.85425408059212,50,0.0048828125
1100101110,2658,"[3, 0, 2, 1]",6300,45.571088790893555,False,21.85425408059212,50,0.0048828125
1100101110,2659,"[3, 0, 1, 2]",750,45.58420181274414,True,21.85425408059212,50,0.0048828125
1100101110,2660,"[3, 0, 2, 1]",6300,45.601844787597656,False,21.85425408059212,50,0.0048828125
1100101110,2661,"[3, 0, 1, 2]",750,45.61495780944824,True,21.85425408059212,50,0.0048828125
1100101110,2662,"[3, 0, 2, 1]",6300,45.63260078430176,False,21.85425408059212,50,0.0048828125
1100101110,2663,"[3, 0, 1, 2]",750,45.645952224731445,True,21.85425408059212,50,0.0048828125
1100101110,2664,"[3, 0, 2, 1]",6300,45.66359519958496,False,21.85425408059212,50,0.0048828125
1100101110,2665,"[3, 0, 1, 2]",750,45.67670822143555,True,21.85425408059212,50,0.0048828125
1100101110,2666,"[3, 0, 2, 1]",6300,45.69435119628906,False,21.85425408059212,50,0.0048828125
1100101110,2667,"[3, 0, 1, 2]",750,45.70794105529785,True,21.85425408059212,50,0.0048828125
1100101110,2668,"[3, 0, 2, 1]",6300,45.72558403015137,False,21.85425408059212,50,0.0048828125
1100101110,2669,"[3, 0, 1, 2]",750,45.739173889160156,True,21.85425408059212,50,0.0048828125
1100101110,2670,"[3, 0, 2, 1]",6300,45.75681686401367,False,21.85425408059212,50,0.0048828125
1100101110,2671,"[3, 0, 1, 2]",750,45.77016830444336,True,21.85425408059212,50,0.0048828125
1100101110,2672,"[3, 0, 2, 1]",6300,45.78971862792969,False,21.85425408059212,50,0.0048828125
1100101110,2673,"[3, 0, 1, 2]",750,45.80235481262207,True,21.85425408059212,50,0.0048828125
1100101110,2674,"[3, 0, 2, 1]",6300,45.819759368896484,False,21.85425408059212,50,0.0048828125
1100101110,2675,"[3, 0, 1, 2]",750,45.83287239074707,True,21.85425408059212,50,0.0048828125
1100101110,2676,"[3, 0, 2, 1]",6300,45.850276947021484,False,21.85425408059212,50,0.0048828125
1100101110,2677,"[3, 0, 1, 2]",750,45.86386680603027,True,21.85425408059212,50,0.0048828125
1100101110,2678,"[3, 0, 2, 1]",6300,45.8981990814209,False,21.85425408059212,50,0.0048828125
1100101110,2679,"[3, 0, 1, 2]",750,45.91202735900879,True,21.85425408059212,50,0.0048828125
1100101110,2680,"[3, 0, 2, 1]",6300,45.940399169921875,False,21.85425408059212,50,0.0048828125
1100101110,2681,"[3, 0, 1, 2]",750,45.953989028930664,True,21.85425408059212,50,0.0048828125
1100101110,2682,"[3, 0, 2, 1]",6300,45.98188400268555,False,21.85425408059212,50,0.0048828125
1100101110,2683,"[3, 0, 1, 2]",750,45.99571228027344,True,21.85425408059212,50,0.0048828125
1100101110,2684,"[3, 0, 2, 1]",6300,46.02336883544922,False,21.85425408059212,50,0.0048828125
1100101110,2685,"[3, 0, 1, 2]",750,46.03695869445801,True,21.85425408059212,50,0.0048828125
1100101110,2686,"[3, 0, 2, 1]",6300,46.06485366821289,False,21.85425408059212,50,0.0048828125
1100101110,2687,"[3, 0, 1, 2]",750,46.07844352722168,True,21.85425408059212,50,0.0048828125
1100101110,2688,"[3, 0, 2, 1]",6300,46.10633850097656,False,21.85425408059212,50,0.0048828125
1100101110,2689,"[3, 0, 1, 2]",750,46.11992835998535,True,21.85425408059212,50,0.0048828125
1100101110,2690,"[3, 0, 2, 1]",6300,46.14973068237305,False,21.85425408059212,50,0.0048828125
1100101110,2691,"[3, 0, 1, 2]",750,46.163320541381836,True,21.85425408059212,50,0.0048828125
1100101110,2692,"[3, 0, 2, 1]",6300,46.18382453918457,False,21.85425408059212,50,0.0048828125
1100101110,2693,"[3, 0, 1, 2]",750,46.196699142456055,True,21.85425408059212,50,0.0048828125
1100101110,2694,"[3, 0, 2, 1]",6300,46.21458053588867,False,21.85425408059212,50,0.0048828125
1100101110,2695,"[3, 0, 1, 2]",750,46.227455139160156,True,21.85425408059212,50,0.0048828125
1100101110,2696,"[3, 0, 2, 1]",6300,46.24533653259277,False,21.85425408059212,50,0.0048828125
1100101110,2697,"[3, 0, 1, 2]",750,46.257972717285156,True,21.85425408059212,50,0.0048828125
1100101110,2698,"[3, 0, 2, 1]",6300,46.276092529296875,False,21.85425408059212,50,0.0048828125
1100101110,2699,"[3, 0, 1, 2]",750,46.288490295410156,True,21.85425408059212,50,0.0048828125
1100101110,2700,"[3, 0, 2, 1]",6300,46.308040618896484,False,21.85425408059212,50,0.0048828125
1100101110,2701,"[3, 0, 1, 2]",750,46.32091522216797,True,21.85425408059212,50,0.0048828125
1100101110,2702,"[3, 0, 2, 1]",6300,46.338558197021484,False,21.85425408059212,50,0.0048828125
1100101110,2703,"[3, 0, 1, 2]",750,46.35119438171387,True,21.85425408059212,50,0.0048828125
1100101110,2704,"[3, 0, 2, 1]",6300,46.36859893798828,False,21.85425408059212,50,0.0048828125
1100101110,2705,"[3, 0, 1, 2]",750,46.381473541259766,True,21.85425408059212,50,0.0048828125
0110110010,2706,"[2, 1, 0, 3]",600,46.39935493469238,False,13.47662624208997,48,0.0046875
0110110010,2707,"[2, 1, 0, 3]",600,46.41294479370117,True,13.47662624208997,48,0.0046875
0110110010,2708,"[2, 1, 0, 3]",600,46.43058776855469,False,13.47662624208997,48,0.0046875
0110110010,2709,"[2, 1, 0, 3]",600,46.443939208984375,True,13.47662624208997,48,0.0046875
0110110010,2710,"[2, 1, 0, 3]",600,46.46110534667969,False,13.47662624208997,48,0.0046875
0110110010,2711,"[2, 1, 0, 3]",600,46.47469520568848,True,13.47662624208997,48,0.0046875
0110110010,2712,"[2, 1, 0, 3]",600,46.49209976196289,False,13.47662624208997,48,0.0046875
0110110010,2713,"[2, 1, 0, 3]",600,46.50568962097168,True,13.47662624208997,48,0.0046875
0110110010,2714,"[2, 1, 0, 3]",600,46.523094177246094,False,13.47662624208997,48,0.0046875
0110110010,2715,"[2, 1, 0, 3]",600,46.53620719909668,True,13.47662624208997,48,0.0046875
0110110010,2716,"[2, 1, 0, 3]",600,46.55313491821289,False,13.47662624208997,48,0.0046875
0110110010,2717,"[2, 1, 0, 3]",600,46.56624794006348,True,13.47662624208997,48,0.0046875
0110110010,2718,"[2, 1, 0, 3]",600,46.58365249633789,False,13.47662624208997,48,0.0046875
0110110010,2719,"[2, 1, 0, 3]",600,46.59676551818848,True,13.47662624208997,48,0.0046875
0110110010,2720,"[2, 1, 0, 3]",600,46.616315841674805,False,13.47662624208997,48,0.0046875
0110110010,2721,"[2, 1, 0, 3]",600,46.62942886352539,True,13.47662624208997,48,0.0046875
0110110010,2722,"[2, 1, 0, 3]",600,46.64731025695801,False,13.47662624208997,48,0.0046875
0110110010,2723,"[2, 1, 0, 3]",600,46.65994644165039,True,13.47662624208997,48,0.0046875
0110110010,2724,"[2, 1, 0, 3]",600,46.677589416503906,False,13.47662624208997,48,0.0046875
0110110010,2725,"[2, 1, 0, 3]",600,46.69070243835449,True,13.47662624208997,48,0.0046875
0110110010,2726,"[2, 1, 0, 3]",600,46.70834541320801,False,13.47662624208997,48,0.0046875
0110110010,2727,"[2, 1, 0, 3]",600,46.72098159790039,True,13.47662624208997,48,0.0046875
0110110010,2728,"[2, 1, 0, 3]",600,46.738624572753906,False,13.47662624208997,48,0.0046875
0110110010,2729,"[2, 1, 0, 3]",600,46.75173759460449,True,13.47662624208997,48,0.0046875
0110110010,2730,"[2, 1, 0, 3]",600,46.769142150878906,False,13.47662624208997,48,0.0046875
0110110010,2731,"[2, 1, 0, 3]",600,46.78177833557129,True,13.47662624208997,48,0.0046875
0110110010,2732,"[2, 1, 0, 3]",600,46.7991828918457,False,13.47662624208997,48,0.0046875
0110110010,2733,"[2, 1, 0, 3]",600,46.81229591369629,True,13.47662624208997,48,0.0046875
0110110010,2734,"[2, 1, 0, 3]",600,46.829938888549805,False,13.47662624208997,48,0.0046875
0110110010,2735,"[2, 1, 0, 3]",600,46.84281349182129,True,13.47662624208997,48,0.0046875
0110110010,2736,"[2, 1, 0, 3]",600,46.860456466674805,False,13.47662624208997,48,0.0046875
0110110010,2737,"[2, 1, 0, 3]",600,46.87356948852539,True,13.47662624208997,48,0.0046875
0110110010,2738,"[2, 1, 0, 3]",600,46.890974044799805,False,13.47662624208997,48,0.0046875
0110110010,2739,"[2, 1, 0, 3]",600,46.90432548522949,True,13.47662624208997,48,0.0046875
0110110010,2740,"[2, 1, 0, 3]",600,46.92435264587402,False,13.47662624208997,48,0.0046875
0110110010,2741,"[2, 1, 0, 3]",600,46.93794250488281,True,13.47662624208997,48,0.0046875
0110110010,2742,"[2, 1, 0, 3]",600,46.95773124694824,False,13.47662624208997,48,0.0046875
0110110010,2743,"[2, 1, 0, 3]",600,46.97108268737793,True,13.47662624208997,48,0.0046875
0110110010,2744,"[2, 1, 0, 3]",600,46.988725662231445,False,13.47662624208997,48,0.0046875
0110110010,2745,"[2, 1, 0, 3]",600,47.00183868408203,True,13.47662624208997,48,0.0046875
0110110010,2746,"[2, 1, 0, 3]",600,47.019243240356445,False,13.47662624208997,48,0.0046875
0110110010,2747,"[2, 1, 0, 3]",600,47.03259468078613,True,13.47662624208997,48,0.0046875
0110110010,2748,"[2, 1, 0, 3]",600,47.05023765563965,False,13.47662624208997,48,0.0046875
0110110010,2749,"[2, 1, 0, 3]",600,47.06311225891113,True,13.47662624208997,48,0.0046875
0110110010,2750,"[2, 1, 0, 3]",600,47.08075523376465,False,13.47662624208997,48,0.0046875
0110110010,2751,"[2, 1, 0, 3]",600,47.094106674194336,True,13.47662624208997,48,0.0046875
0110110010,2752,"[2, 1, 0, 3]",600,47.11151123046875,False,13.47662624208997,48,0.0046875
0110110010,2753,"[2, 1, 0, 3]",600,47.124624252319336,True,13.47662624208997,48,0.0046875
0110110010,2754,"[2, 1, 0, 3]",600,47.14226722717285,False,13.47662624208997,48,0.0046875
0110110010,2755,"[2, 1, 0, 3]",600,47.155141830444336,True,13.47662624208997,48,0.0046875
0110110010,2756,"[2, 1, 0, 3]",600,47.17254638671875,False,13.47662624208997,48,0.0046875
0110110010,2757,"[2, 1, 0, 3]",600,47.185659408569336,True,13.47662624208997,48,0.0046875
0110110010,2758,"[2, 1, 0, 3]",600,47.20330238342285,False,13.47662624208997,48,0.0046875
0110110010,2759,"[2, 1, 0, 3]",600,47.216176986694336,True,13.47662624208997,48,0.0046875
0110110010,2760,"[2, 1, 0, 3]",600,47.23381996154785,False,13.47662624208997,48,0.0046875
0110110010,2761,"[2, 1, 0, 3]",600,47.246694564819336,True,13.47662624208997,48,0.0046875
0110110010,2762,"[2, 1, 0, 3]",600,47.26600646972656,False,13.47662624208997,48,0.0046875
0110110010,2763,"[2, 1, 0, 3]",600,47.27935791015625,True,13.47662624208997,48,0.0046875
0110110010,2764,"[2, 1, 0, 3]",600,47.297000885009766,False,13.47662624208997,48,0.0046875
0110110010,2765,"[2, 1, 0, 3]",600,47.31035232543945,True,13.47662624208997,48,0.0046875
0110110010,2766,"[2, 1, 0, 3]",600,47.32799530029297,False,13.47662624208997,48,0.0046875
0110110010,2767,"[2, 1, 0, 3]",600,47.34086990356445,True,13.47662624208997,48,0.0046875
0110110010,2768,"[2, 1, 0, 3]",600,47.35898971557617,False,13.47662624208997,48,0.0046875
0110110010,2769,"[2, 1, 0, 3]",600,47.371864318847656,True,13.47662624208997,48,0.0046875
0110110010,2770,"[2, 1, 0, 3]",600,47.38950729370117,False,13.47662624208997,48,0.0046875
0110110010,2771,"[2, 1, 0, 3]",600,47.40262031555176,True,13.47662624208997,48,0.0046875
0110110010,2772,"[2, 1, 0, 3]",600,47.42026329040527,False,13.47662624208997,48,0.0046875
0110110010,2773,"[2, 1, 0, 3]",600,47.43337631225586,True,13.47662624208997,48,0.0046875
0110110010,2774,"[2, 1, 0, 3]",600,47.451019287109375,False,13.47662624208997,48,0.0046875
0110110010,2775,"[2, 1, 0, 3]",600,47.46413230895996,True,13.47662624208997,48,0.0046875
0110110010,2776,"[2, 1, 0, 3]",600,47.48177528381348,False,13.47662624208997,48,0.0046875
0110110010,2777,"[2, 1, 0, 3]",600,47.49464988708496,True,13.47662624208997,48,0.0046875
0110110010,2778,"[2, 1, 0, 3]",600,47.51229286193848,False,13.47662624208997,48,0.0046875
0110110010,2779,"[2, 1, 0, 3]",600,47.52516746520996,True,13.47662624208997,48,0.0046875
0110110010,2780,"[2, 1, 0, 3]",600,47.54304885864258,False,13.47662624208997,48,0.0046875
0110110010,2781,"[2, 1, 0, 3]",600,47.55568504333496,True,13.47662624208997,48,0.0046875
0110110010,2782,"[2, 1, 0, 3]",600,47.57332801818848,False,13.47662624208997,48,0.0046875
0110110010,2783,"[2, 1, 0, 3]",600,47.58644104003906,True,13.47662624208997,48,0.0046875
0110110010,2784,"[2, 1, 0, 3]",600,47.60575294494629,False,13.47662624208997,48,0.0046875
0110110010,2785,"[2, 1, 0, 3]",600,47.61862754821777,True,13.47662624208997,48,0.0046875
0110110010,2786,"[2, 1, 0, 3]",600,47.63627052307129,False,13.47662624208997,48,0.0046875
0110110010,2787,"[2, 1, 0, 3]",600,47.64914512634277,True,13.47662624208997,48,0.0046875
0110110010,2788,"[2, 1, 0, 3]",600,47.66678810119629,False,13.47662624208997,48,0.0046875
0110110010,2789,"[2, 1, 0, 3]",600,47.679901123046875,True,13.47662624208997,48,0.0046875
0110110010,2790,"[2, 1, 0, 3]",600,47.69754409790039,False,13.47662624208997,48,0.0046875
0110110010,2791,"[2, 1, 0, 3]",600,47.71113395690918,True,13.47662624208997,48,0.0046875
0110110010,2792,"[2, 1, 0, 3]",600,47.73092269897461,False,13.47662624208997,48,0.0046875
0110110010,2793,"[2, 1, 0, 3]",600,47.7442741394043,True,13.47662624208997,48,0.0046875
0110110010,2794,"[2, 1, 0, 3]",600,47.762155532836914,False,13.47662624208997,48,0.0046875
0110110010,2795,"[2, 1, 0, 3]",600,47.7755069732666,True,13.47662624208997,48,0.0046875
0110110010,2796,"[2, 1, 0, 3]",600,47.79314994812012,False,13.47662624208997,48,0.0046875
0110110010,2797,"[2, 1, 0, 3]",600,47.806739807128906,True,13.47662624208997,48,0.0046875
0110110010,2798,"[2, 1, 0, 3]",600,47.82414436340332,False,13.47662624208997,48,0.0046875
0110110010,2799,"[2, 1, 0, 3]",600,47.837257385253906,True,13.47662624208997,48,0.0046875
0110110010,2800,"[2, 1, 0, 3]",600,47.85943031311035,False,13.47662624208997,48,0.0046875
0110110010,2801,"[2, 1, 0, 3]",600,47.87278175354004,True,13.47662624208997,48,0.0046875
0110110100,2802,"[2, 1, 3, 0]",9300,47.890424728393555,False,22.4105565813594,48,0.0046875
0110110100,2803,"[2, 1, 0, 3]",600,47.90353775024414,True,22.4105565813594,48,0.0046875
0110110100,2804,"[2, 1, 3, 0]",9300,47.92332649230957,False,22.4105565813594,48,0.0046875
0110110100,2805,"[2, 1, 0, 3]",600,47.93691635131836,True,22.4105565813594,48,0.0046875
0110110100,2806,"[2, 1, 3, 0]",9300,47.95479774475098,False,22.4105565813594,48,0.0046875
0110110100,2807,"[2, 1, 0, 3]",600,47.968149185180664,True,22.4105565813594,48,0.0046875
0110110100,2808,"[2, 1, 3, 0]",9300,47.98579216003418,False,22.4105565813594,48,0.0046875
0110110100,2809,"[2, 1, 0, 3]",600,47.99914360046387,True,22.4105565813594,48,0.0046875
0110110100,2810,"[2, 1, 3, 0]",9300,48.01678657531738,False,22.4105565813594,48,0.0046875
0110110100,2811,"[2, 1, 0, 3]",600,48.02989959716797,True,22.4105565813594,48,0.0046875
0110110100,2812,"[2, 1, 3, 0]",9300,48.047542572021484,False,22.4105565813594,48,0.0046875
0110110100,2813,"[2, 1, 0, 3]",600,48.06065559387207,True,22.4105565813594,48,0.0046875
0110110100,2814,"[2, 1, 3, 0]",9300,48.078298568725586,False,22.4105565813594,48,0.0046875
0110110100,2815,"[2, 1, 0, 3]",600,48.09165000915527,True,22.4105565813594,48,0.0046875
0110110100,2816,"[2, 1, 3, 0]",9300,48.10953140258789,False,22.4105565813594,48,0.0046875
0110110100,2817,"[2, 1, 0, 3]",600,48.12264442443848,True,22.4105565813594,48,0.0046875
0110110100,2818,"[2, 1, 3, 0]",9300,48.140525817871094,False,22.4105565813594,48,0.0046875
0110110100,2819,"[2, 1, 0, 3]",600,48.15387725830078,True,22.4105565813594,48,0.0046875
0110110100,2820,"[2, 1, 3, 0]",9300,48.1717586517334,False,22.4105565813594,48,0.0046875
0110110100,2821,"[2, 1, 0, 3]",600,48.18534851074219,True,22.4105565813594,48,0.0046875
0110110100,2822,"[2, 1, 3, 0]",9300,48.2029914855957,False,22.4105565813594,48,0.0046875
0110110100,2823,"[2, 1, 0, 3]",600,48.21586608886719,True,22.4105565813594,48,0.0046875
0110110100,2824,"[2, 1, 3, 0]",9300,48.233985900878906,False,22.4105565813594,48,0.0046875
0110110100,2825,"[2, 1, 0, 3]",600,48.24709892272949,True,22.4105565813594,48,0.0046875
0110110100,2826,"[2, 1, 3, 0]",9300,48.26664924621582,False,22.4105565813594,48,0.0046875
0110110100,2827,"[2, 1, 0, 3]",600,48.28000068664551,True,22.4105565813594,48,0.0046875
0110110100,2828,"[2, 1, 3, 0]",9300,48.29764366149902,False,22.4105565813594,48,0.0046875
0110110100,2829,"[2, 1, 0, 3]",600,48.31075668334961,True,22.4105565813594,48,0.0046875
0110110100,2830,"[2, 1, 3, 0]",9300,48.328399658203125,False,22.4105565813594,48,0.0046875
0110110100,2831,"[2, 1, 0, 3]",600,48.34127426147461,True,22.4105565813594,48,0.0046875
0110110100,2832,"[2, 1, 3, 0]",9300,48.35915565490723,False,22.4105565813594,48,0.0046875
0110110100,2833,"[2, 1, 0, 3]",600,48.37203025817871,True,22.4105565813594,48,0.0046875
0110110100,2834,"[2, 1, 3, 0]",9300,48.39015007019043,False,22.4105565813594,48,0.0046875
0110110100,2835,"[2, 1, 0, 3]",600,48.40373992919922,True,22.4105565813594,48,0.0046875
0110110100,2836,"[2, 1, 3, 0]",9300,48.421621322631836,False,22.4105565813594,48,0.0046875
0110110100,2837,"[2, 1, 0, 3]",600,48.43544960021973,True,22.4105565813594,48,0.0046875
0110110100,2838,"[2, 1, 3, 0]",9300,48.453330993652344,False,22.4105565813594,48,0.0046875
0110110100,2839,"[2, 1, 0, 3]",600,48.46644401550293,True,22.4105565813594,48,0.0046875
0110110100,2840,"[2, 1, 3, 0]",9300,48.48647117614746,False,22.4105565813594,48,0.0046875
0110110100,2841,"[2, 1, 0, 3]",600,48.50006103515625,True,22.4105565813594,48,0.0046875
0110110100,2842,"[2, 1, 3, 0]",9300,48.51984977722168,False,22.4105565813594,48,0.0046875
0110110100,2843,"[2, 1, 0, 3]",600,48.53343963623047,True,22.4105565813594,48,0.0046875
0110110100,2844,"[2, 1, 3, 0]",9300,48.551321029663086,False,22.4105565813594,48,0.0046875
0110110100,2845,"[2, 1, 0, 3]",600,48.56467247009277,True,22.4105565813594,48,0.0046875
0110110100,2846,"[2, 1, 3, 0]",9300,48.583984375,False,22.4105565813594,48,0.0046875
0110110100,2847,"[2, 1, 0, 3]",600,48.59733581542969,True,22.4105565813594,48,0.0046875
0110110100,2848,"[2, 1, 3, 0]",9300,48.615217208862305,False,22.4105565813594,48,0.0046875
0110110100,2849,"[2, 1, 0, 3]",600,48.62856864929199,True,22.4105565813594,48,0.0046875
0110110100,2850,"[2, 1, 3, 0]",9300,48.64621162414551,False,22.4105565813594,48,0.0046875
0110110100,2851,"[2, 1, 0, 3]",600,48.6598014831543,True,22.4105565813594,48,0.0046875
0110110100,2852,"[2, 1, 3, 0]",9300,48.67744445800781,False,22.4105565813594,48,0.0046875
0110110100,2853,"[2, 1, 0, 3]",600,48.6905574798584,True,22.4105565813594,48,0.0046875
0110110100,2854,"[2, 1, 3, 0]",9300,48.708438873291016,False,22.4105565813594,48,0.0046875
0110110100,2855,"[2, 1, 0, 3]",600,48.7217903137207,True,22.4105565813594,48,0.0046875
0110110100,2856,"[2, 1, 3, 0]",9300,48.75540733337402,False,22.4105565813594,48,0.0046875
0110110100,2857,"[2, 1, 0, 3]",600,48.769235610961914,True,22.4105565813594,48,0.0046875
0110110100,2858,"[2, 1, 3, 0]",9300,48.787832260131836,False,22.4105565813594,48,0.0046875
0110110100,2859,"[2, 1, 0, 3]",600,48.80166053771973,True,22.4105565813594,48,0.0046875
0110110100,2860,"[2, 1, 3, 0]",9300,48.82049560546875,False,22.4105565813594,48,0.0046875
0110110100,2861,"[2, 1, 0, 3]",600,48.83432388305664,True,22.4105565813594,48,0.0046875
0110110100,2862,"[2, 1, 3, 0]",9300,48.85292053222656,False,22.4105565813594,48,0.0046875
0110110100,2863,"[2, 1, 0, 3]",600,48.86651039123535,True,22.4105565813594,48,0.0046875
0110110100,2864,"[2, 1, 3, 0]",9300,48.88486862182617,False,22.4105565813594,48,0.0046875
0110110100,2865,"[2, 1, 0, 3]",600,48.89869689941406,True,22.4105565813594,48,0.0046875
0110110100,2866,"[2, 1, 3, 0]",9300,48.917531967163086,False,22.4105565813594,48,0.0046875
0110110100,2867,"[2, 1, 0, 3]",600,48.931121826171875,True,22.4105565813594,48,0.0046875
0110110100,2868,"[2, 1, 3, 0]",9300,48.952579498291016,False,22.4105565813594,48,0.0046875
0110110100,2869,"[2, 1, 0, 3]",600,48.966169357299805,True,22.4105565813594,48,0.0046875
0110110100,2870,"[2, 1, 3, 0]",9300,48.984527587890625,False,22.4105565813594,48,0.0046875
0110110100,2871,"[2, 1, 0, 3]",600,48.998355865478516,True,22.4105565813594,48,0.0046875
0110110100,2872,"[2, 1, 3, 0]",9300,49.01695251464844,False,22.4105565813594,48,0.0046875
0110110100,2873,"[2, 1, 0, 3]",600,49.03078079223633,True,22.4105565813594,48,0.0046875
0110110100,2874,"[2, 1, 3, 0]",9300,49.04913902282715,False,22.4105565813594,48,0.0046875
0110110100,2875,"[2, 1, 0, 3]",600,49.06296730041504,True,22.4105565813594,48,0.0046875
0110110100,2876,"[2, 1, 3, 0]",9300,49.08180236816406,False,22.4105565813594,48,0.0046875
0110110100,2877,"[2, 1, 0, 3]",600,49.09563064575195,True,22.4105565813594,48,0.0046875
0110110100,2878,"[2, 1, 3, 0]",9300,49.11398887634277,False,22.4105565813594,48,0.0046875
0110110100,2879,"[2, 1, 0, 3]",600,49.127817153930664,True,22.4105565813594,48,0.0046875
0110110100,2880,"[2, 1, 3, 0]",9300,49.14665222167969,False,22.4105565813594,48,0.0046875
0110110100,2881,"[2, 1, 0, 3]",600,49.16024208068848,True,22.4105565813594,48,0.0046875
0110110100,2882,"[2, 1, 3, 0]",9300,49.1788387298584,False,22.4105565813594,48,0.0046875
0110110100,2883,"[2, 1, 0, 3]",600,49.19266700744629,True,22.4105565813594,48,0.0046875
0110110100,2884,"[2, 1, 3, 0]",9300,49.21102523803711,False,22.4105565813594,48,0.0046875
0110110100,2885,"[2, 1, 0, 3]",600,49.224853515625,True,22.4105565813594,48,0.0046875
0110110100,2886,"[2, 1, 3, 0]",9300,49.24321174621582,False,22.4105565813594,48,0.0046875
0110110100,2887,"[2, 1, 0, 3]",600,49.25704002380371,True,22.4105565813594,48,0.0046875
0110110100,2888,"[2, 1, 3, 0]",9300,49.277305603027344,False,22.4105565813594,48,0.0046875
0110110100,2889,"[2, 1, 0, 3]",600,49.29089546203613,True,22.4105565813594,48,0.0046875
0110110100,2890,"[2, 1, 3, 0]",9300,49.309492111206055,False,22.4105565813594,48,0.0046875
0110110100,2891,"[2, 1, 0, 3]",600,49.32379722595215,True,22.4105565813594,48,0.0046875
0110110100,2892,"[2, 1, 3, 0]",9300,49.34263229370117,False,22.4105565813594,48,0.0046875
0110110100,2893,"[2, 1, 0, 3]",600,49.35646057128906,True,22.4105565813594,48,0.0046875
0110110100,2894,"[2, 1, 3, 0]",9300,49.376726150512695,False,22.4105565813594,48,0.0046875
0110110100,2895,"[2, 1, 0, 3]",600,49.390554428100586,True,22.4105565813594,48,0.0046875
0110110100,2896,"[2, 1, 3, 0]",9300,49.408674240112305,False,22.4105565813594,48,0.0046875
0110110100,2897,"[2, 1, 0, 3]",600,49.422502517700195,True,22.4105565813594,48,0.0046875
1001011101,2898,"[3, 0, 2, 1]",6300,49.44109916687012,False,18.863678515162277,47,0.00458984375
1001011101,2899,"[3, 0, 1, 2]",750,49.45516586303711,True,18.863678515162277,47,0.00458984375
1001011101,2900,"[3, 0, 2, 1]",6300,49.47376251220703,False,18.863678515162277,47,0.00458984375
1001011101,2901,"[3, 0, 1, 2]",750,49.48782920837402,True,18.863678515162277,47,0.00458984375
1001011101,2902,"[3, 0, 2, 1]",6300,49.506187438964844,False,18.863678515162277,47,0.00458984375
1001011101,2903,"[3, 0, 1, 2]",750,49.54338073730469,True,18.863678515162277,47,0.00458984375
1001011101,2904,"[3, 0, 2, 1]",6300,49.562692642211914,False,18.863678515162277,47,0.00458984375
1001011101,2905,"[3, 0, 1, 2]",750,49.57723617553711,True,18.863678515162277,47,0.00458984375
1001011101,2906,"[3, 0, 2, 1]",6300,49.59583282470703,False,18.863678515162277,47,0.00458984375
1001011101,2907,"[3, 0, 1, 2]",750,49.61037635803223,True,18.863678515162277,47,0.00458984375
1001011101,2908,"[3, 0, 2, 1]",6300,49.62944984436035,False,18.863678515162277,47,0.00458984375
1001011101,2909,"[3, 0, 1, 2]",750,49.652814865112305,True,18.863678515162277,47,0.00458984375
1001011101,2910,"[3, 0, 2, 1]",6300,49.67236518859863,False,18.863678515162277,47,0.00458984375
1001011101,2911,"[3, 0, 1, 2]",750,49.68547821044922,True,18.863678515162277,47,0.00458984375
1001011101,2912,"[3, 0, 2, 1]",6300,49.703121185302734,False,18.863678515162277,47,0.00458984375
1001011101,2913,"[3, 0, 1, 2]",750,49.71623420715332,True,18.863678515162277,47,0.00458984375
1001011101,2914,"[3, 0, 2, 1]",6300,49.733877182006836,False,18.863678515162277,47,0.00458984375
1001011101,2915,"[3, 0, 1, 2]",750,49.74675178527832,True,18.863678515162277,47,0.00458984375
1001011101,2916,"[3, 0, 2, 1]",6300,49.76463317871094,False,18.863678515162277,47,0.00458984375
1001011101,2917,"[3, 0, 1, 2]",750,49.77726936340332,True,18.863678515162277,47,0.00458984375
1001011101,2918,"[3, 0, 2, 1]",6300,49.79515075683594,False,18.863678515162277,47,0.00458984375
1001011101,2919,"[3, 0, 1, 2]",750,49.80802536010742,True,18.863678515162277,47,0.00458984375
1001011101,2920,"[3, 0, 2, 1]",6300,49.82590675354004,False,18.863678515162277,47,0.00458984375
1001011101,2921,"[3, 0, 1, 2]",750,49.839019775390625,True,18.863678515162277,47,0.00458984375
1001011101,2922,"[3, 0, 2, 1]",6300,49.85666275024414,False,18.863678515162277,47,0.00458984375
1001011101,2923,"[3, 0, 1, 2]",750,49.869537353515625,True,18.863678515162277,47,0.00458984375
1001011101,2924,"[3, 0, 2, 1]",6300,49.88718032836914,False,18.863678515162277,47,0.00458984375
1001011101,2925,"[3, 0, 1, 2]",750,49.90029335021973,True,18.863678515162277,47,0.00458984375
1001011101,2926,"[3, 0, 2, 1]",6300,49.91769790649414,False,18.863678515162277,47,0.00458984375
1001011101,2927,"[3, 0, 1, 2]",750,49.930572509765625,True,18.863678515162277,47,0.00458984375
1001011101,2928,"[3, 0, 2, 1]",6300,49.94821548461914,False,18.863678515162277,47,0.00458984375
1001011101,2929,"[3, 0, 1, 2]",750,49.96156692504883,True,18.863678515162277,47,0.00458984375
1001011101,2930,"[3, 0, 2, 1]",6300,49.98064041137695,False,18.863678515162277,47,0.00458984375
1001011101,2931,"[3, 0, 1, 2]",750,49.99399185180664,True,18.863678515162277,47,0.00458984375
1001011101,2932,"[3, 0, 2, 1]",6300,50.011396408081055,False,18.863678515162277,47,0.00458984375
1001011101,2933,"[3, 0, 1, 2]",750,50.02427101135254,True,18.863678515162277,47,0.00458984375
1001011101,2934,"[3, 0, 2, 1]",6300,50.041913986206055,False,18.863678515162277,47,0.00458984375
1001011101,2935,"[3, 0, 1, 2]",750,50.05502700805664,True,18.863678515162277,47,0.00458984375
1001011101,2936,"[3, 0, 2, 1]",6300,50.072669982910156,False,18.863678515162277,47,0.00458984375
1001011101,2937,"[3, 0, 1, 2]",750,50.08578300476074,True,18.863678515162277,47,0.00458984375
1001011101,2938,"[3, 0, 2, 1]",6300,50.102949142456055,False,18.863678515162277,47,0.00458984375
1001011101,2939,"[3, 0, 1, 2]",750,50.11630058288574,True,18.863678515162277,47,0.00458984375
1001011101,2940,"[3, 0, 2, 1]",6300,50.133705139160156,False,18.863678515162277,47,0.00458984375
1001011101,2941,"[3, 0, 1, 2]",750,50.14681816101074,True,18.863678515162277,47,0.00458984375
1001011101,2942,"[3, 0, 2, 1]",6300,50.16446113586426,False,18.863678515162277,47,0.00458984375
1001011101,2943,"[3, 0, 1, 2]",750,50.177812576293945,True,18.863678515162277,47,0.00458984375
1001011101,2944,"[3, 0, 2, 1]",6300,50.19736289978027,False,18.863678515162277,47,0.00458984375
1001011101,2945,"[3, 0, 1, 2]",750,50.21071434020996,True,18.863678515162277,47,0.00458984375
1001011101,2946,"[3, 0, 2, 1]",6300,50.22835731506348,False,18.863678515162277,47,0.00458984375
1001011101,2947,"[3, 0, 1, 2]",750,50.24147033691406,True,18.863678515162277,47,0.00458984375
1001011101,2948,"[3, 0, 2, 1]",6300,50.25887489318848,False,18.863678515162277,47,0.00458984375
1001011101,2949,"[3, 0, 1, 2]",750,50.272226333618164,True,18.863678515162277,47,0.00458984375
1001011101,2950,"[3, 0, 2, 1]",6300,50.28986930847168,False,18.863678515162277,47,0.00458984375
1001011101,2951,"[3, 0, 1, 2]",750,50.302982330322266,True,18.863678515162277,47,0.00458984375
1001011101,2952,"[3, 0, 2, 1]",6300,50.32229423522949,False,18.863678515162277,47,0.00458984375
1001011101,2953,"[3, 0, 1, 2]",750,50.33516883850098,True,18.863678515162277,47,0.00458984375
1001011101,2954,"[3, 0, 2, 1]",6300,50.35281181335449,False,18.863678515162277,47,0.00458984375
1001011101,2955,"[3, 0, 1, 2]",750,50.36592483520508,True,18.863678515162277,47,0.00458984375
1001011101,2956,"[3, 0, 2, 1]",6300,50.383567810058594,False,18.863678515162277,47,0.00458984375
1001011101,2957,"[3, 0, 1, 2]",750,50.39668083190918,True,18.863678515162277,47,0.00458984375
1001011101,2958,"[3, 0, 2, 1]",6300,50.414085388183594,False,18.863678515162277,47,0.00458984375
1001011101,2959,"[3, 0, 1, 2]",750,50.42719841003418,True,18.863678515162277,47,0.00458984375
1001011101,2960,"[3, 0, 2, 1]",6300,50.444602966308594,False,18.863678515162277,47,0.00458984375
1001011101,2961,"[3, 0, 1, 2]",750,50.45795440673828,True,18.863678515162277,47,0.00458984375
1001011101,2962,"[3, 0, 2, 1]",6300,50.4755973815918,False,18.863678515162277,47,0.00458984375
1001011101,2963,"[3, 0, 1, 2]",750,50.488948822021484,True,18.863678515162277,47,0.00458984375
1001011101,2964,"[3, 0, 2, 1]",6300,50.5063533782959,False,18.863678515162277,47,0.00458984375
1001011101,2965,"[3, 0, 1, 2]",750,50.519466400146484,True,18.863678515162277,47,0.00458984375
1001011101,2966,"[3, 0, 2, 1]",6300,50.5368709564209,False,18.863678515162277,47,0.00458984375
1001011101,2967,"[3, 0, 1, 2]",750,50.549983978271484,True,18.863678515162277,47,0.00458984375
1001011101,2968,"[3, 0, 2, 1]",6300,50.567626953125,False,18.863678515162277,47,0.00458984375
1001011101,2969,"[3, 0, 1, 2]",750,50.580739974975586,True,18.863678515162277,47,0.00458984375
1001011101,2970,"[3, 0, 2, 1]",6300,50.59814453125,False,18.863678515162277,47,0.00458984375
1001011101,2971,"[3, 0, 1, 2]",750,50.611019134521484,True,18.863678515162277,47,0.00458984375
1001011101,2972,"[3, 0, 2, 1]",6300,50.630807876586914,False,18.863678515162277,47,0.00458984375
1001011101,2973,"[3, 0, 1, 2]",750,50.6441593170166,True,18.863678515162277,47,0.00458984375
1001011101,2974,"[3, 0, 2, 1]",6300,50.66180229187012,False,18.863678515162277,47,0.00458984375
1001011101,2975,"[3, 0, 1, 2]",750,50.6746768951416,True,18.863678515162277,47,0.00458984375
1001011101,2976,"[3, 0, 2, 1]",6300,50.69255828857422,False,18.863678515162277,47,0.00458984375
1001011101,2977,"[3, 0, 1, 2]",750,50.7054328918457,True,18.863678515162277,47,0.00458984375
1001011101,2978,"[3, 0, 2, 1]",6300,50.72331428527832,False,18.863678515162277,47,0.00458984375
1001011101,2979,"[3, 0, 1, 2]",750,50.7359504699707,True,18.863678515162277,47,0.00458984375
1001011101,2980,"[3, 0, 2, 1]",6300,50.75359344482422,False,18.863678515162277,47,0.00458984375
1001011101,2981,"[3, 0, 1, 2]",750,50.7664680480957,True,18.863678515162277,47,0.00458984375
1001011101,2982,"[3, 0, 2, 1]",6300,50.78411102294922,False,18.863678515162277,47,0.00458984375
1001011101,2983,"[3, 0, 1, 2]",750,50.7969856262207,True,18.863678515162277,47,0.00458984375
1001011101,2984,"[3, 0, 2, 1]",6300,50.81462860107422,False,18.863678515162277,47,0.00458984375
1001011101,2985,"[3, 0, 1, 2]",750,50.827741622924805,True,18.863678515162277,47,0.00458984375
1001011101,2986,"[3, 0, 2, 1]",6300,50.84538459777832,False,18.863678515162277,47,0.00458984375
1001011101,2987,"[3, 0, 1, 2]",750,50.858497619628906,True,18.863678515162277,47,0.00458984375
1001011101,2988,"[3, 0, 2, 1]",6300,50.87614059448242,False,18.863678515162277,47,0.00458984375
1001011101,2989,"[3, 0, 1, 2]",750,50.88949203491211,True,18.863678515162277,47,0.00458984375
1001011101,2990,"[3, 0, 2, 1]",6300,50.90737342834473,False,18.863678515162277,47,0.00458984375
1001011101,2991,"[3, 0, 1, 2]",750,50.92024803161621,True,18.863678515162277,47,0.00458984375
1100011010,2992,"[0, 3, 2, 1]",6300,50.94003677368164,False,13.47662624208997,45,0.00439453125
1100011010,2993,"[0, 1, 3, 2]",465,50.954580307006836,True,13.47662624208997,45,0.00439453125
1100011010,2994,"[0, 3, 2, 1]",6300,50.974130630493164,False,13.47662624208997,45,0.00439453125
1100011010,2995,"[0, 1, 3, 2]",465,50.98772048950195,True,13.47662624208997,45,0.00439453125
1100011010,2996,"[0, 3, 2, 1]",6300,51.00536346435547,False,13.47662624208997,45,0.00439453125
1100011010,2997,"[0, 1, 3, 2]",465,51.02896690368652,True,13.47662624208997,45,0.00439453125
1100011010,2998,"[0, 3, 2, 1]",6300,51.04875564575195,False,13.47662624208997,45,0.00439453125
1100011010,2999,"[0, 1, 3, 2]",465,51.06353759765625,True,13.47662624208997,45,0.00439453125
1100011010,3000,"[0, 3, 2, 1]",6300,51.084041595458984,False,13.47662624208997,45,0.00439453125
1100011010,3001,"[0, 1, 3, 2]",465,51.09906196594238,True,13.47662624208997,45,0.00439453125
1100011010,3002,"[0, 3, 2, 1]",6300,51.119327545166016,False,13.47662624208997,45,0.00439453125
1100011010,3003,"[0, 1, 3, 2]",465,51.134586334228516,True,13.47662624208997,45,0.00439453125
1100011010,3004,"[0, 3, 2, 1]",6300,51.15509033203125,False,13.47662624208997,45,0.00439453125
1100011010,3005,"[0, 1, 3, 2]",465,51.17011070251465,True,13.47662624208997,45,0.00439453125
1100011010,3006,"[0, 3, 2, 1]",6300,51.190853118896484,False,13.47662624208997,45,0.00439453125
1100011010,3007,"[0, 1, 3, 2]",465,51.20587348937988,True,13.47662624208997,45,0.00439453125
1100011010,3008,"[0, 3, 2, 1]",6300,51.22780799865723,False,13.47662624208997,45,0.00439453125
1100011010,3009,"[0, 1, 3, 2]",465,51.242828369140625,True,13.47662624208997,45,0.00439453125
1100011010,3010,"[0, 3, 2, 1]",6300,51.26309394836426,False,13.47662624208997,45,0.00439453125
1100011010,3011,"[0, 1, 3, 2]",465,51.27763748168945,True,13.47662624208997,45,0.00439453125
1100011010,3012,"[0, 3, 2, 1]",6300,51.29814147949219,False,13.47662624208997,45,0.00439453125
1100011010,3013,"[0, 1, 3, 2]",465,51.31340026855469,True,13.47662624208997,45,0.00439453125
1100011010,3014,"[0, 3, 2, 1]",6300,51.336050033569336,False,13.47662624208997,45,0.00439453125
1100011010,3015,"[0, 1, 3, 2]",465,51.351308822631836,True,13.47662624208997,45,0.00439453125
1100011010,3016,"[0, 3, 2, 1]",6300,51.371097564697266,False,13.47662624208997,45,0.00439453125
1100011010,3017,"[0, 1, 3, 2]",465,51.386356353759766,True,13.47662624208997,45,0.00439453125
1100011010,3018,"[0, 3, 2, 1]",6300,51.4063835144043,False,13.47662624208997,45,0.00439453125
1100011010,3019,"[0, 1, 3, 2]",465,51.4216423034668,True,13.47662624208997,45,0.00439453125
1100011010,3020,"[0, 3, 2, 1]",6300,51.44166946411133,False,13.47662624208997,45,0.00439453125
1100011010,3021,"[0, 1, 3, 2]",465,51.45668983459473,True,13.47662624208997,45,0.00439453125
1100011010,3022,"[0, 3, 2, 1]",6300,51.476478576660156,False,13.47662624208997,45,0.00439453125
1100011010,3023,"[0, 1, 3, 2]",465,51.49126052856445,True,13.47662624208997,45,0.00439453125
1100011010,3024,"[0, 3, 2, 1]",6300,51.51104927062988,False,13.47662624208997,45,0.00439453125
1100011010,3025,"[0, 1, 3, 2]",465,51.52583122253418,True,13.47662624208997,45,0.00439453125
1100011010,3026,"[0, 3, 2, 1]",6300,51.54609680175781,False,13.47662624208997,45,0.00439453125
1100011010,3027,"[0, 1, 3, 2]",465,51.560401916503906,True,13.47662624208997,45,0.00439453125
1100011010,3028,"[0, 3, 2, 1]",6300,51.58066749572754,False,13.47662624208997,45,0.00439453125
1100011010,3029,"[0, 1, 3, 2]",465,51.59473419189453,True,13.47662624208997,45,0.00439453125
1100011010,3030,"[0, 3, 2, 1]",6300,51.615238189697266,False,13.47662624208997,45,0.00439453125
1100011010,3031,"[0, 1, 3, 2]",465,51.62978172302246,True,13.47662624208997,45,0.00439453125
1100011010,3032,"[0, 3, 2, 1]",6300,51.64980888366699,False,13.47662624208997,45,0.00439453125
1100011010,3033,"[0, 1, 3, 2]",465,51.66459083557129,True,13.47662624208997,45,0.00439453125
1100011010,3034,"[0, 3, 2, 1]",6300,51.68485641479492,False,13.47662624208997,45,0.00439453125
1100011010,3035,"[0, 1, 3, 2]",465,51.70893669128418,True,13.47662624208997,45,0.00439453125
1100011010,3036,"[0, 3, 2, 1]",6300,51.72896385192871,False,13.47662624208997,45,0.00439453125
1100011010,3037,"[0, 1, 3, 2]",465,51.7425537109375,True,13.47662624208997,45,0.00439453125
1100011010,3038,"[0, 3, 2, 1]",6300,51.776885986328125,False,13.47662624208997,45,0.00439453125
1100011010,3039,"[0, 1, 3, 2]",465,51.790475845336914,True,13.47662624208997,45,0.00439453125
1100011010,3040,"[0, 3, 2, 1]",6300,51.80859565734863,False,13.47662624208997,45,0.00439453125
1100011010,3041,"[0, 1, 3, 2]",465,51.82218551635742,True,13.47662624208997,45,0.00439453125
1100011010,3042,"[0, 3, 2, 1]",6300,51.84602737426758,False,13.47662624208997,45,0.00439453125
1100011010,3043,"[0, 1, 3, 2]",465,51.860809326171875,True,13.47662624208997,45,0.00439453125
1100011010,3044,"[0, 3, 2, 1]",6300,51.88155174255371,False,13.47662624208997,45,0.00439453125
1100011010,3045,"[0, 1, 3, 2]",465,51.8953800201416,True,13.47662624208997,45,0.00439453125
1100011010,3046,"[0, 3, 2, 1]",6300,51.91373825073242,False,13.47662624208997,45,0.00439453125
1100011010,3047,"[0, 1, 3, 2]",465,51.92685127258301,True,13.47662624208997,45,0.00439453125
1100011010,3048,"[0, 3, 2, 1]",6300,51.94520950317383,False,13.47662624208997,45,0.00439453125
1100011010,3049,"[0, 1, 3, 2]",465,51.95879936218262,True,13.47662624208997,45,0.00439453125
1100011010,3050,"[0, 3, 2, 1]",6300,51.976919174194336,False,13.47662624208997,45,0.00439453125
1100011010,3051,"[0, 1, 3, 2]",465,51.99027061462402,True,13.47662624208997,45,0.00439453125
1100011010,3052,"[0, 3, 2, 1]",6300,52.008628845214844,False,13.47662624208997,45,0.00439453125
1100011010,3053,"[0, 1, 3, 2]",465,52.02198028564453,True,13.47662624208997,45,0.00439453125
1100011010,3054,"[0, 3, 2, 1]",6300,52.03986167907715,False,13.47662624208997,45,0.00439453125
1100011010,3055,"[0, 1, 3, 2]",465,52.05368995666504,True,13.47662624208997,45,0.00439453125
1100011010,3056,"[0, 3, 2, 1]",6300,52.07395553588867,False,13.47662624208997,45,0.00439453125
1100011010,3057,"[0, 1, 3, 2]",465,52.08754539489746,True,13.47662624208997,45,0.00439453125
1100011010,3058,"[0, 3, 2, 1]",6300,52.10566520690918,False,13.47662624208997,45,0.00439453125
1100011010,3059,"[0, 1, 3, 2]",465,52.11925506591797,True,13.47662624208997,45,0.00439453125
1100011010,3060,"[0, 3, 2, 1]",6300,52.13737487792969,False,13.47662624208997,45,0.00439453125
1100011010,3061,"[0, 1, 3, 2]",465,52.150726318359375,True,13.47662624208997,45,0.00439453125
1100011010,3062,"[0, 3, 2, 1]",6300,52.17909812927246,False,13.47662624208997,45,0.00439453125
1100011010,3063,"[0, 1, 3, 2]",465,52.19221115112305,True,13.47662624208997,45,0.00439453125
1100011010,3064,"[0, 3, 2, 1]",6300,52.20961570739746,False,13.47662624208997,45,0.00439453125
1100011010,3065,"[0, 1, 3, 2]",465,52.22272872924805,True,13.47662624208997,45,0.00439453125
1100011010,3066,"[0, 3, 2, 1]",6300,52.23989486694336,False,13.47662624208997,45,0.00439453125
1100011010,3067,"[0, 1, 3, 2]",465,52.25253105163574,True,13.47662624208997,45,0.00439453125
1100011010,3068,"[0, 3, 2, 1]",6300,52.269935607910156,False,13.47662624208997,45,0.00439453125
1100011010,3069,"[0, 1, 3, 2]",465,52.28304862976074,True,13.47662624208997,45,0.00439453125
1100011010,3070,"[0, 3, 2, 1]",6300,52.300453186035156,False,13.47662624208997,45,0.00439453125
1100011010,3071,"[0, 1, 3, 2]",465,52.31356620788574,True,13.47662624208997,45,0.00439453125
1100011010,3072,"[0, 3, 2, 1]",6300,52.330970764160156,False,13.47662624208997,45,0.00439453125
1100011010,3073,"[0, 1, 3, 2]",465,52.34408378601074,True,13.47662624208997,45,0.00439453125
1100011010,3074,"[0, 3, 2, 1]",6300,52.36101150512695,False,13.47662624208997,45,0.00439453125
1100011010,3075,"[0, 1, 3, 2]",465,52.37388610839844,True,13.47662624208997,45,0.00439453125
1100011010,3076,"[0, 3, 2, 1]",6300,52.39152908325195,False,13.47662624208997,45,0.00439453125
1100011010,3077,"[0, 1, 3, 2]",465,52.40464210510254,True,13.47662624208997,45,0.00439453125
1100011010,3078,"[0, 3, 2, 1]",6300,52.42490768432617,False,13.47662624208997,45,0.00439453125
1100011010,3079,"[0, 1, 3, 2]",465,52.437782287597656,True,13.47662624208997,45,0.00439453125
1100011010,3080,"[0, 3, 2, 1]",6300,52.45542526245117,False,13.47662624208997,45,0.00439453125
1100011010,3081,"[0, 1, 3, 2]",465,52.468061447143555,True,13.47662624208997,45,0.00439453125
0110100011,3082,"[2, 1, 0, 3]",600,52.48594284057617,False,18.18188720114459,45,0.00439453125
0110100011,3083,"[2, 1, 0, 3]",600,52.49977111816406,True,18.18188720114459,45,0.00439453125
0110100011,3084,"[2, 1, 0, 3]",600,52.51789093017578,False,18.18188720114459,45,0.00439453125
0110100011,3085,"[2, 1, 0, 3]",600,52.53100395202637,True,18.18188720114459,45,0.00439453125
0110100011,3086,"[2, 1, 0, 3]",600,52.548885345458984,False,18.18188720114459,45,0.00439453125
0110100011,3087,"[2, 1, 0, 3]",600,52.56175994873047,True,18.18188720114459,45,0.00439453125
0110100011,3088,"[2, 1, 0, 3]",600,52.58011817932129,False,18.18188720114459,45,0.00439453125
0110100011,3089,"[2, 1, 0, 3]",600,52.593231201171875,True,18.18188720114459,45,0.00439453125
0110100011,3090,"[2, 1, 0, 3]",600,52.61063575744629,False,18.18188720114459,45,0.00439453125
0110100011,3091,"[2, 1, 0, 3]",600,52.62351036071777,True,18.18188720114459,45,0.00439453125
0110100011,3092,"[2, 1, 0, 3]",600,52.64139175415039,False,18.18188720114459,45,0.00439453125
0110100011,3093,"[2, 1, 0, 3]",600,52.65522003173828,True,18.18188720114459,45,0.00439453125
0110100011,3094,"[2, 1, 0, 3]",600,52.67477035522461,False,18.18188720114459,45,0.00439453125
0110100011,3095,"[2, 1, 0, 3]",600,52.6881217956543,True,18.18188720114459,45,0.00439453125
0110100011,3096,"[2, 1, 0, 3]",600,52.70576477050781,False,18.18188720114459,45,0.00439453125
0110100011,3097,"[2, 1, 0, 3]",600,52.7193546295166,True,18.18188720114459,45,0.00439453125
0110100011,3098,"[2, 1, 0, 3]",600,52.74033546447754,False,18.18188720114459,45,0.00439453125
0110100011,3099,"[2, 1, 0, 3]",600,52.75368690490723,True,18.18188720114459,45,0.00439453125
0110100011,3100,"[2, 1, 0, 3]",600,52.77109146118164,False,18.18188720114459,45,0.00439453125
0110100011,3101,"[2, 1, 0, 3]",600,52.783966064453125,True,18.18188720114459,45,0.00439453125
0110100011,3102,"[2, 1, 0, 3]",600,52.80137062072754,False,18.18188720114459,45,0.00439453125
0110100011,3103,"[2, 1, 0, 3]",600,52.814483642578125,True,18.18188720114459,45,0.00439453125
0110100011,3104,"[2, 1, 0, 3]",600,52.83212661743164,False,18.18188720114459,45,0.00439453125
0110100011,3105,"[2, 1, 0, 3]",600,52.845001220703125,True,18.18188720114459,45,0.00439453125
0110100011,3106,"[2, 1, 0, 3]",600,52.86288261413574,False,18.18188720114459,45,0.00439453125
0110100011,3107,"[2, 1, 0, 3]",600,52.87575721740723,True,18.18188720114459,45,0.00439453125
0110100011,3108,"[2, 1, 0, 3]",600,52.89340019226074,False,18.18188720114459,45,0.00439453125
0110100011,3109,"[2, 1, 0, 3]",600,52.906036376953125,True,18.18188720114459,45,0.00439453125
0110100011,3110,"[2, 1, 0, 3]",600,52.92391777038574,False,18.18188720114459,45,0.00439453125
0110100011,3111,"[2, 1, 0, 3]",600,52.936553955078125,True,18.18188720114459,45,0.00439453125
0110100011,3112,"[2, 1, 0, 3]",600,52.95395851135254,False,18.18188720114459,45,0.00439453125
0110100011,3113,"[2, 1, 0, 3]",600,52.96683311462402,True,18.18188720114459,45,0.00439453125
0110100011,3114,"[2, 1, 0, 3]",600,52.98423767089844,False,18.18188720114459,45,0.00439453125
0110100011,3115,"[2, 1, 0, 3]",600,52.99687385559082,True,18.18188720114459,45,0.00439453125
0110100011,3116,"[2, 1, 0, 3]",600,53.014516830444336,False,18.18188720114459,45,0.00439453125
0110100011,3117,"[2, 1, 0, 3]",600,53.02715301513672,True,18.18188720114459,45,0.00439453125
0110100011,3118,"[2, 1, 0, 3]",600,53.04455757141113,False,18.18188720114459,45,0.00439453125
0110100011,3119,"[2, 1, 0, 3]",600,53.05790901184082,True,18.18188720114459,45,0.00439453125
0110100011,3120,"[2, 1, 0, 3]",600,53.07722091674805,False,18.18188720114459,45,0.00439453125
0110100011,3121,"[2, 1, 0, 3]",600,53.09009552001953,True,18.18188720114459,45,0.00439453125
0110100011,3122,"[2, 1, 0, 3]",600,53.10773849487305,False,18.18188720114459,45,0.00439453125
0110100011,3123,"[2, 1, 0, 3]",600,53.12085151672363,True,18.18188720114459,45,0.00439453125
0110100011,3124,"[2, 1, 0, 3]",600,53.13849449157715,False,18.18188720114459,45,0.00439453125
0110100011,3125,"[2, 1, 0, 3]",600,53.151607513427734,True,18.18188720114459,45,0.00439453125
0110100011,3126,"[2, 1, 0, 3]",600,53.16948890686035,False,18.18188720114459,45,0.00439453125
0110100011,3127,"[2, 1, 0, 3]",600,53.18260192871094,True,18.18188720114459,45,0.00439453125
0110100011,3128,"[2, 1, 0, 3]",600,53.20000648498535,False,18.18188720114459,45,0.00439453125
0110100011,3129,"[2, 1, 0, 3]",600,53.21335792541504,True,18.18188720114459,45,0.00439453125
0110100011,3130,"[2, 1, 0, 3]",600,53.23076248168945,False,18.18188720114459,45,0.00439453125
0110100011,3131,"[2, 1, 0, 3]",600,53.24387550354004,True,18.18188720114459,45,0.00439453125
0110100011,3132,"[2, 1, 0, 3]",600,53.26128005981445,False,18.18188720114459,45,0.00439453125
0110100011,3133,"[2, 1, 0, 3]",600,53.27439308166504,True,18.18188720114459,45,0.00439453125
0110100011,3134,"[2, 1, 0, 3]",600,53.292036056518555,False,18.18188720114459,45,0.00439453125
0110100011,3135,"[2, 1, 0, 3]",600,53.30467224121094,True,18.18188720114459,45,0.00439453125
0110100011,3136,"[2, 1, 0, 3]",600,53.32231521606445,False,18.18188720114459,45,0.00439453125
0110100011,3137,"[2, 1, 0, 3]",600,53.33542823791504,True,18.18188720114459,45,0.00439453125
0110100011,3138,"[2, 1, 0, 3]",600,53.35283279418945,False,18.18188720114459,45,0.00439453125
0110100011,3139,"[2, 1, 0, 3]",600,53.36594581604004,True,18.18188720114459,45,0.00439453125
0110100011,3140,"[2, 1, 0, 3]",600,53.38573455810547,False,18.18188720114459,45,0.00439453125
0110100011,3141,"[2, 1, 0, 3]",600,53.39860916137695,True,18.18188720114459,45,0.00439453125
0110100011,3142,"[2, 1, 0, 3]",600,53.41601371765137,False,18.18188720114459,45,0.00439453125
0110100011,3143,"[2, 1, 0, 3]",600,53.429365158081055,True,18.18188720114459,45,0.00439453125
0110100011,3144,"[2, 1, 0, 3]",600,53.44724655151367,False,18.18188720114459,45,0.00439453125
0110100011,3145,"[2, 1, 0, 3]",600,53.46035957336426,True,18.18188720114459,45,0.00439453125
0110100011,3146,"[2, 1, 0, 3]",600,53.479909896850586,False,18.18188720114459,45,0.00439453125
0110100011,3147,"[2, 1, 0, 3]",600,53.49326133728027,True,18.18188720114459,45,0.00439453125
0110100011,3148,"[2, 1, 0, 3]",600,53.51090431213379,False,18.18188720114459,45,0.00439453125
0110100011,3149,"[2, 1, 0, 3]",600,53.52449417114258,True,18.18188720114459,45,0.00439453125
0110100011,3150,"[2, 1, 0, 3]",600,53.54189872741699,False,18.18188720114459,45,0.00439453125
0110100011,3151,"[2, 1, 0, 3]",600,53.55501174926758,True,18.18188720114459,45,0.00439453125
0110100011,3152,"[2, 1, 0, 3]",600,53.5731315612793,False,18.18188720114459,45,0.00439453125
0110100011,3153,"[2, 1, 0, 3]",600,53.58624458312988,True,18.18188720114459,45,0.00439453125
0110100011,3154,"[2, 1, 0, 3]",600,53.6036491394043,False,18.18188720114459,45,0.00439453125
0110100011,3155,"[2, 1, 0, 3]",600,53.617000579833984,True,18.18188720114459,45,0.00439453125
0110100011,3156,"[2, 1, 0, 3]",600,53.6346435546875,False,18.18188720114459,45,0.00439453125
0110100011,3157,"[2, 1, 0, 3]",600,53.64799499511719,True,18.18188720114459,45,0.00439453125
0110100011,3158,"[2, 1, 0, 3]",600,53.6651611328125,False,18.18188720114459,45,0.00439453125
0110100011,3159,"[2, 1, 0, 3]",600,53.678274154663086,True,18.18188720114459,45,0.00439453125
0110100011,3160,"[2, 1, 0, 3]",600,53.6959171295166,False,18.18188720114459,45,0.00439453125
0110100011,3161,"[2, 1, 0, 3]",600,53.70926856994629,True,18.18188720114459,45,0.00439453125
0110100011,3162,"[2, 1, 0, 3]",600,53.728342056274414,False,18.18188720114459,45,0.00439453125
0110100011,3163,"[2, 1, 0, 3]",600,53.741455078125,True,18.18188720114459,45,0.00439453125
0110100011,3164,"[2, 1, 0, 3]",600,53.759098052978516,False,18.18188720114459,45,0.00439453125
0110100011,3165,"[2, 1, 0, 3]",600,53.7724494934082,True,18.18188720114459,45,0.00439453125
0110100011,3166,"[2, 1, 0, 3]",600,53.78985404968262,False,18.18188720114459,45,0.00439453125
0110100011,3167,"[2, 1, 0, 3]",600,53.8029670715332,True,18.18188720114459,45,0.00439453125
0110100011,3168,"[2, 1, 0, 3]",600,53.82037162780762,False,18.18188720114459,45,0.00439453125
0110100011,3169,"[2, 1, 0, 3]",600,53.8334846496582,True,18.18188720114459,45,0.00439453125
0110100011,3170,"[2, 1, 0, 3]",600,53.85088920593262,False,18.18188720114459,45,0.00439453125
0110100011,3171,"[2, 1, 0, 3]",600,53.86471748352051,True,18.18188720114459,45,0.00439453125
0010010010,3172,"[1, 2, 3, 0]",9300,53.88212203979492,False,15.723687181133235,45,0.00439453125
0010010010,3173,"[1, 0, 2, 3]",315,53.896188735961914,True,15.723687181133235,45,0.00439453125
0010010010,3174,"[1, 2, 3, 0]",9300,53.91383171081543,False,15.723687181133235,45,0.00439453125
0010010010,3175,"[1, 0, 2, 3]",315,53.92742156982422,True,15.723687181133235,45,0.00439453125
0010010010,3176,"[1, 2, 3, 0]",9300,53.946495056152344,False,15.723687181133235,45,0.00439453125
0010010010,3177,"[1, 0, 2, 3]",315,53.96008491516113,True,15.723687181133235,45,0.00439453125
0010010010,3178,"[1, 2, 3, 0]",9300,53.97772789001465,False,15.723687181133235,45,0.00439453125
0010010010,3179,"[1, 0, 2, 3]",315,53.99131774902344,True,15.723687181133235,45,0.00439453125
0010010010,3180,"[1, 2, 3, 0]",9300,54.00896072387695,False,15.723687181133235,45,0.00439453125
0010010010,3181,"[1, 0, 2, 3]",315,54.02255058288574,True,15.723687181133235,45,0.00439453125
0010010010,3182,"[1, 2, 3, 0]",9300,54.04233932495117,False,15.723687181133235,45,0.00439453125
0010010010,3183,"[1, 0, 2, 3]",315,54.05592918395996,True,15.723687181133235,45,0.00439453125
0010010010,3184,"[1, 2, 3, 0]",9300,54.07357215881348,False,15.723687181133235,45,0.00439453125
0010010010,3185,"[1, 0, 2, 3]",315,54.086923599243164,True,15.723687181133235,45,0.00439453125
0010010010,3186,"[1, 2, 3, 0]",9300,54.10456657409668,False,15.723687181133235,45,0.00439453125
0010010010,3187,"[1, 0, 2, 3]",315,54.117441177368164,True,15.723687181133235,45,0.00439453125
0010010010,3188,"[1, 2, 3, 0]",9300,54.13484573364258,False,15.723687181133235,45,0.00439453125
0010010010,3189,"[1, 0, 2, 3]",315,54.148197174072266,True,15.723687181133235,45,0.00439453125
0010010010,3190,"[1, 2, 3, 0]",9300,54.16584014892578,False,15.723687181133235,45,0.00439453125
0010010010,3191,"[1, 0, 2, 3]",315,54.178714752197266,True,15.723687181133235,45,0.00439453125
0010010010,3192,"[1, 2, 3, 0]",9300,54.19635772705078,False,15.723687181133235,45,0.00439453125
0010010010,3193,"[1, 0, 2, 3]",315,54.209232330322266,True,15.723687181133235,45,0.00439453125
0010010010,3194,"[1, 2, 3, 0]",9300,54.22711372375488,False,15.723687181133235,45,0.00439453125
0010010010,3195,"[1, 0, 2, 3]",315,54.24022674560547,True,15.723687181133235,45,0.00439453125
0010010010,3196,"[1, 2, 3, 0]",9300,54.259538650512695,False,15.723687181133235,45,0.00439453125
0010010010,3197,"[1, 0, 2, 3]",315,54.27265167236328,True,15.723687181133235,45,0.00439453125
0010010010,3198,"[1, 2, 3, 0]",9300,54.2905330657959,False,15.723687181133235,45,0.00439453125
0010010010,3199,"[1, 0, 2, 3]",315,54.30340766906738,True,15.723687181133235,45,0.00439453125
0010010010,3200,"[1, 2, 3, 0]",9300,54.3208122253418,False,15.723687181133235,45,0.00439453125
0010010010,3201,"[1, 0, 2, 3]",315,54.33368682861328,True,15.723687181133235,45,0.00439453125
0010010010,3202,"[1, 2, 3, 0]",9300,54.3513298034668,False,15.723687181133235,45,0.00439453125
0010010010,3203,"[1, 0, 2, 3]",315,54.36444282531738,True,15.723687181133235,45,0.00439453125
0010010010,3204,"[1, 2, 3, 0]",9300,54.38375473022461,False,15.723687181133235,45,0.00439453125
0010010010,3205,"[1, 0, 2, 3]",315,54.396629333496094,True,15.723687181133235,45,0.00439453125
0010010010,3206,"[1, 2, 3, 0]",9300,54.41427230834961,False,15.723687181133235,45,0.00439453125
0010010010,3207,"[1, 0, 2, 3]",315,54.427385330200195,True,15.723687181133235,45,0.00439453125
0010010010,3208,"[1, 2, 3, 0]",9300,54.44502830505371,False,15.723687181133235,45,0.00439453125
0010010010,3209,"[1, 0, 2, 3]",315,54.457902908325195,True,15.723687181133235,45,0.00439453125
0010010010,3210,"[1, 2, 3, 0]",9300,54.476022720336914,False,15.723687181133235,45,0.00439453125
0010010010,3211,"[1, 0, 2, 3]",315,54.4891357421875,True,15.723687181133235,45,0.00439453125
0010010010,3212,"[1, 2, 3, 0]",9300,54.50701713562012,False,15.723687181133235,45,0.00439453125
0010010010,3213,"[1, 0, 2, 3]",315,54.5201301574707,True,15.723687181133235,45,0.00439453125
0010010010,3214,"[1, 2, 3, 0]",9300,54.53801155090332,False,15.723687181133235,45,0.00439453125
0010010010,3215,"[1, 0, 2, 3]",315,54.550886154174805,True,15.723687181133235,45,0.00439453125
0010010010,3216,"[1, 2, 3, 0]",9300,54.56852912902832,False,15.723687181133235,45,0.00439453125
0010010010,3217,"[1, 0, 2, 3]",315,54.581403732299805,True,15.723687181133235,45,0.00439453125
0010010010,3218,"[1, 2, 3, 0]",9300,54.59904670715332,False,15.723687181133235,45,0.00439453125
0010010010,3219,"[1, 0, 2, 3]",315,54.612159729003906,True,15.723687181133235,45,0.00439453125
0010010010,3220,"[1, 2, 3, 0]",9300,54.62980270385742,False,15.723687181133235,45,0.00439453125
0010010010,3221,"[1, 0, 2, 3]",315,54.64315414428711,True,15.723687181133235,45,0.00439453125
0010010010,3222,"[1, 2, 3, 0]",9300,54.660797119140625,False,15.723687181133235,45,0.00439453125
0010010010,3223,"[1, 0, 2, 3]",315,54.67414855957031,True,15.723687181133235,45,0.00439453125
0010010010,3224,"[1, 2, 3, 0]",9300,54.69369888305664,False,15.723687181133235,45,0.00439453125
0010010010,3225,"[1, 0, 2, 3]",315,54.70705032348633,True,15.723687181133235,45,0.00439453125
0010010010,3226,"[1, 2, 3, 0]",9300,54.72445487976074,False,15.723687181133235,45,0.00439453125
0010010010,3227,"[1, 0, 2, 3]",315,54.73756790161133,True,15.723687181133235,45,0.00439453125
0010010010,3228,"[1, 2, 3, 0]",9300,54.75497245788574,False,15.723687181133235,45,0.00439453125
0010010010,3229,"[1, 0, 2, 3]",315,54.76808547973633,True,15.723687181133235,45,0.00439453125
0010010010,3230,"[1, 2, 3, 0]",9300,54.78549003601074,False,15.723687181133235,45,0.00439453125
0010010010,3231,"[1, 0, 2, 3]",315,54.79860305786133,True,15.723687181133235,45,0.00439453125
0010010010,3232,"[1, 2, 3, 0]",9300,54.816246032714844,False,15.723687181133235,45,0.00439453125
0010010010,3233,"[1, 0, 2, 3]",315,54.82912063598633,True,15.723687181133235,45,0.00439453125
0010010010,3234,"[1, 2, 3, 0]",9300,54.84652519226074,False,15.723687181133235,45,0.00439453125
0010010010,3235,"[1, 0, 2, 3]",315,54.85987663269043,True,15.723687181133235,45,0.00439453125
0010010010,3236,"[1, 2, 3, 0]",9300,54.877281188964844,False,15.723687181133235,45,0.00439453125
0010010010,3237,"[1, 0, 2, 3]",315,54.89039421081543,True,15.723687181133235,45,0.00439453125
0010010010,3238,"[1, 2, 3, 0]",9300,54.907798767089844,False,15.723687181133235,45,0.00439453125
0010010010,3239,"[1, 0, 2, 3]",315,54.92091178894043,True,15.723687181133235,45,0.00439453125
0010010010,3240,"[1, 2, 3, 0]",9300,54.938554763793945,False,15.723687181133235,45,0.00439453125
0010010010,3241,"[1, 0, 2, 3]",315,54.95166778564453,True,15.723687181133235,45,0.00439453125
0010010010,3242,"[1, 2, 3, 0]",9300,54.969072341918945,False,15.723687181133235,45,0.00439453125
0010010010,3243,"[1, 0, 2, 3]",315,54.98170852661133,True,15.723687181133235,45,0.00439453125
0010010010,3244,"[1, 2, 3, 0]",9300,55.001258850097656,False,15.723687181133235,45,0.00439453125
0010010010,3245,"[1, 0, 2, 3]",315,55.014848709106445,True,15.723687181133235,45,0.00439453125
0010010010,3246,"[1, 2, 3, 0]",9300,55.034637451171875,False,15.723687181133235,45,0.00439453125
0010010010,3247,"[1, 0, 2, 3]",315,55.04798889160156,True,15.723687181133235,45,0.00439453125
0010010010,3248,"[1, 2, 3, 0]",9300,55.06587028503418,False,15.723687181133235,45,0.00439453125
0010010010,3249,"[1, 0, 2, 3]",315,55.078983306884766,True,15.723687181133235,45,0.00439453125
0010010010,3250,"[1, 2, 3, 0]",9300,55.09662628173828,False,15.723687181133235,45,0.00439453125
0010010010,3251,"[1, 0, 2, 3]",315,55.132150650024414,True,15.723687181133235,45,0.00439453125
0010010010,3252,"[1, 2, 3, 0]",9300,55.15003204345703,False,15.723687181133235,45,0.00439453125
0010010010,3253,"[1, 0, 2, 3]",315,55.16409873962402,True,15.723687181133235,45,0.00439453125
0010010010,3254,"[1, 2, 3, 0]",9300,55.18174171447754,False,15.723687181133235,45,0.00439453125
0010010010,3255,"[1, 0, 2, 3]",315,55.194854736328125,True,15.723687181133235,45,0.00439453125
0010010010,3256,"[1, 2, 3, 0]",9300,55.21249771118164,False,15.723687181133235,45,0.00439453125
0010010010,3257,"[1, 0, 2, 3]",315,55.22561073303223,True,15.723687181133235,45,0.00439453125
0010010010,3258,"[1, 2, 3, 0]",9300,55.24301528930664,False,15.723687181133235,45,0.00439453125
0010010010,3259,"[1, 0, 2, 3]",315,55.255889892578125,True,15.723687181133235,45,0.00439453125
0010010010,3260,"[1, 2, 3, 0]",9300,55.27329444885254,False,15.723687181133235,45,0.00439453125
0010010010,3261,"[1, 0, 2, 3]",315,55.28616905212402,True,15.723687181133235,45,0.00439453125
0011110101,3262,"[2, 1, 3, 0]",9300,55.30381202697754,False,16.863678515162277,43,0.00419921875
0011110101,3263,"[2, 1, 0, 3]",600,55.31740188598633,True,16.863678515162277,43,0.00419921875
0011110101,3264,"[2, 1, 3, 0]",9300,55.335044860839844,False,16.863678515162277,43,0.00419921875
0011110101,3265,"[2, 1, 0, 3]",600,55.348873138427734,True,16.863678515162277,43,0.00419921875
0011110101,3266,"[2, 1, 3, 0]",9300,55.36842346191406,False,16.863678515162277,43,0.00419921875
0011110101,3267,"[2, 1, 0, 3]",600,55.38225173950195,True,16.863678515162277,43,0.00419921875
0011110101,3268,"[2, 1, 3, 0]",9300,55.40013313293457,False,16.863678515162277,43,0.00419921875
0011110101,3269,"[2, 1, 0, 3]",600,55.41372299194336,True,16.863678515162277,43,0.00419921875
0011110101,3270,"[2, 1, 3, 0]",9300,55.431365966796875,False,16.863678515162277,43,0.00419921875
0011110101,3271,"[2, 1, 0, 3]",600,55.444955825805664,True,16.863678515162277,43,0.00419921875
0011110101,3272,"[2, 1, 3, 0]",9300,55.46259880065918,False,16.863678515162277,43,0.00419921875
0011110101,3273,"[2, 1, 0, 3]",600,55.47595024108887,True,16.863678515162277,43,0.00419921875
0011110101,3274,"[2, 1, 3, 0]",9300,55.49335479736328,False,16.863678515162277,43,0.00419921875
0011110101,3275,"[2, 1, 0, 3]",600,55.50670623779297,True,16.863678515162277,43,0.00419921875
0011110101,3276,"[2, 1, 3, 0]",9300,55.52411079406738,False,16.863678515162277,43,0.00419921875
0011110101,3277,"[2, 1, 0, 3]",600,55.53722381591797,True,16.863678515162277,43,0.00419921875
0011110101,3278,"[2, 1, 3, 0]",9300,55.55462837219238,False,16.863678515162277,43,0.00419921875
0011110101,3279,"[2, 1, 0, 3]",600,55.56774139404297,True,16.863678515162277,43,0.00419921875
0011110101,3280,"[2, 1, 3, 0]",9300,55.585384368896484,False,16.863678515162277,43,0.00419921875
0011110101,3281,"[2, 1, 0, 3]",600,55.59849739074707,True,16.863678515162277,43,0.00419921875
0011110101,3282,"[2, 1, 3, 0]",9300,55.616140365600586,False,16.863678515162277,43,0.00419921875
0011110101,3283,"[2, 1, 0, 3]",600,55.62925338745117,True,16.863678515162277,43,0.00419921875
0011110101,3284,"[2, 1, 3, 0]",9300,55.64713478088379,False,16.863678515162277,43,0.00419921875
0011110101,3285,"[2, 1, 0, 3]",600,55.66048622131348,True,16.863678515162277,43,0.00419921875
0011110101,3286,"[2, 1, 3, 0]",9300,55.678367614746094,False,16.863678515162277,43,0.00419921875
0011110101,3287,"[2, 1, 0, 3]",600,55.69148063659668,True,16.863678515162277,43,0.00419921875
0011110101,3288,"[2, 1, 3, 0]",9300,55.71174621582031,False,16.863678515162277,43,0.00419921875
0011110101,3289,"[2, 1, 0, 3]",600,55.7248592376709,True,16.863678515162277,43,0.00419921875
0011110101,3290,"[2, 1, 3, 0]",9300,55.742740631103516,False,16.863678515162277,43,0.00419921875
0011110101,3291,"[2, 1, 0, 3]",600,55.7558536529541,True,16.863678515162277,43,0.00419921875
0011110101,3292,"[2, 1, 3, 0]",9300,55.77349662780762,False,16.863678515162277,43,0.00419921875
0011110101,3293,"[2, 1, 0, 3]",600,55.786848068237305,True,16.863678515162277,43,0.00419921875
0011110101,3294,"[2, 1, 3, 0]",9300,55.80472946166992,False,16.863678515162277,43,0.00419921875
0011110101,3295,"[2, 1, 0, 3]",600,55.819034576416016,True,16.863678515162277,43,0.00419921875
0011110101,3296,"[2, 1, 3, 0]",9300,55.838584899902344,False,16.863678515162277,43,0.00419921875
0011110101,3297,"[2, 1, 0, 3]",600,55.855751037597656,True,16.863678515162277,43,0.00419921875
0011110101,3298,"[2, 1, 3, 0]",9300,55.873870849609375,False,16.863678515162277,43,0.00419921875
0011110101,3299,"[2, 1, 0, 3]",600,55.88722229003906,True,16.863678515162277,43,0.00419921875
0011110101,3300,"[2, 1, 3, 0]",9300,55.90510368347168,False,16.863678515162277,43,0.00419921875
0011110101,3301,"[2, 1, 0, 3]",600,55.91869354248047,True,16.863678515162277,43,0.00419921875
0011110101,3302,"[2, 1, 3, 0]",9300,55.93609809875488,False,16.863678515162277,43,0.00419921875
0011110101,3303,"[2, 1, 0, 3]",600,55.94944953918457,True,16.863678515162277,43,0.00419921875
0011110101,3304,"[2, 1, 3, 0]",9300,55.966854095458984,False,16.863678515162277,43,0.00419921875
0011110101,3305,"[2, 1, 0, 3]",600,55.98020553588867,True,16.863678515162277,43,0.00419921875
0011110101,3306,"[2, 1, 3, 0]",9300,55.997610092163086,False,16.863678515162277,43,0.00419921875
0011110101,3307,"[2, 1, 0, 3]",600,56.011199951171875,True,16.863678515162277,43,0.00419921875
0011110101,3308,"[2, 1, 3, 0]",9300,56.0305118560791,False,16.863678515162277,43,0.00419921875
0011110101,3309,"[2, 1, 0, 3]",600,56.04386329650879,True,16.863678515162277,43,0.00419921875
0011110101,3310,"[2, 1, 3, 0]",9300,56.061506271362305,False,16.863678515162277,43,0.00419921875
0011110101,3311,"[2, 1, 0, 3]",600,56.07461929321289,True,16.863678515162277,43,0.00419921875
0011110101,3312,"[2, 1, 3, 0]",9300,56.092262268066406,False,16.863678515162277,43,0.00419921875
0011110101,3313,"[2, 1, 0, 3]",600,56.10537528991699,True,16.863678515162277,43,0.00419921875
0011110101,3314,"[2, 1, 3, 0]",9300,56.12301826477051,False,16.863678515162277,43,0.00419921875
0011110101,3315,"[2, 1, 0, 3]",600,56.13589286804199,True,16.863678515162277,43,0.00419921875
0011110101,3316,"[2, 1, 3, 0]",9300,56.153297424316406,False,16.863678515162277,43,0.00419921875
0011110101,3317,"[2, 1, 0, 3]",600,56.16617202758789,True,16.863678515162277,43,0.00419921875
0011110101,3318,"[2, 1, 3, 0]",9300,56.183815002441406,False,16.863678515162277,43,0.00419921875
0011110101,3319,"[2, 1, 0, 3]",600,56.19668960571289,True,16.863678515162277,43,0.00419921875
0011110101,3320,"[2, 1, 3, 0]",9300,56.214094161987305,False,16.863678515162277,43,0.00419921875
0011110101,3321,"[2, 1, 0, 3]",600,56.22744560241699,True,16.863678515162277,43,0.00419921875
0011110101,3322,"[2, 1, 3, 0]",9300,56.24508857727051,False,16.863678515162277,43,0.00419921875
0011110101,3323,"[2, 1, 0, 3]",600,56.258440017700195,True,16.863678515162277,43,0.00419921875
0011110101,3324,"[2, 1, 3, 0]",9300,56.27632141113281,False,16.863678515162277,43,0.00419921875
0011110101,3325,"[2, 1, 0, 3]",600,56.2896728515625,True,16.863678515162277,43,0.00419921875
0011110101,3326,"[2, 1, 3, 0]",9300,56.30779266357422,False,16.863678515162277,43,0.00419921875
0011110101,3327,"[2, 1, 0, 3]",600,56.321144104003906,True,16.863678515162277,43,0.00419921875
0011110101,3328,"[2, 1, 3, 0]",9300,56.33878707885742,False,16.863678515162277,43,0.00419921875
0011110101,3329,"[2, 1, 0, 3]",600,56.35237693786621,True,16.863678515162277,43,0.00419921875
0011110101,3330,"[2, 1, 3, 0]",9300,56.37168884277344,False,16.863678515162277,43,0.00419921875
0011110101,3331,"[2, 1, 0, 3]",600,56.385040283203125,True,16.863678515162277,43,0.00419921875
0011110101,3332,"[2, 1, 3, 0]",9300,56.40268325805664,False,16.863678515162277,43,0.00419921875
0011110101,3333,"[2, 1, 0, 3]",600,56.415557861328125,True,16.863678515162277,43,0.00419921875
0011110101,3334,"[2, 1, 3, 0]",9300,56.43296241760254,False,16.863678515162277,43,0.00419921875
0011110101,3335,"[2, 1, 0, 3]",600,56.44631385803223,True,16.863678515162277,43,0.00419921875
0011110101,3336,"[2, 1, 3, 0]",9300,56.46395683288574,False,16.863678515162277,43,0.00419921875
0011110101,3337,"[2, 1, 0, 3]",600,56.47730827331543,True,16.863678515162277,43,0.00419921875
0011110101,3338,"[2, 1, 3, 0]",9300,56.494951248168945,False,16.863678515162277,43,0.00419921875
0011110101,3339,"[2, 1, 0, 3]",600,56.508541107177734,True,16.863678515162277,43,0.00419921875
0011110101,3340,"[2, 1, 3, 0]",9300,56.52642250061035,False,16.863678515162277,43,0.00419921875
0011110101,3341,"[2, 1, 0, 3]",600,56.54001235961914,True,16.863678515162277,43,0.00419921875
0011110101,3342,"[2, 1, 3, 0]",9300,56.557655334472656,False,16.863678515162277,43,0.00419921875
0011110101,3343,"[2, 1, 0, 3]",600,56.571006774902344,True,16.863678515162277,43,0.00419921875
0011110101,3344,"[2, 1, 3, 0]",9300,56.59031867980957,False,16.863678515162277,43,0.00419921875
0011110101,3345,"[2, 1, 0, 3]",600,56.60390853881836,True,16.863678515162277,43,0.00419921875
0011110101,3346,"[2, 1, 3, 0]",9300,56.62345886230469,False,16.863678515162277,43,0.00419921875
0011110101,3347,"[2, 1, 0, 3]",600,56.636810302734375,True,16.863678515162277,43,0.00419921875
0110000110,3348,"[1, 3, 0, 2]",900,56.654930114746094,False,14.16713784209973,43,0.00419921875
0110000110,3349,"[1, 0, 3, 2]",465,56.668758392333984,True,14.16713784209973,43,0.00419921875
0110000110,3350,"[1, 3, 0, 2]",900,56.68830871582031,False,14.16713784209973,43,0.00419921875
0110000110,3351,"[1, 0, 3, 2]",465,56.7021369934082,True,14.16713784209973,43,0.00419921875
0110000110,3352,"[1, 3, 0, 2]",900,56.72001838684082,False,14.16713784209973,43,0.00419921875
0110000110,3353,"[1, 0, 3, 2]",465,56.73336982727051,True,14.16713784209973,43,0.00419921875
0110000110,3354,"[1, 3, 0, 2]",900,56.75101280212402,False,14.16713784209973,43,0.00419921875
0110000110,3355,"[1, 0, 3, 2]",465,56.76412582397461,True,14.16713784209973,43,0.00419921875
0110000110,3356,"[1, 3, 0, 2]",900,56.78153038024902,False,14.16713784209973,43,0.00419921875
0110000110,3357,"[1, 0, 3, 2]",465,56.79464340209961,True,14.16713784209973,43,0.00419921875
0110000110,3358,"[1, 3, 0, 2]",900,56.81204795837402,False,14.16713784209973,43,0.00419921875
0110000110,3359,"[1, 0, 3, 2]",465,56.82492256164551,True,14.16713784209973,43,0.00419921875
0110000110,3360,"[1, 3, 0, 2]",900,56.84232711791992,False,14.16713784209973,43,0.00419921875
0110000110,3361,"[1, 0, 3, 2]",465,56.85544013977051,True,14.16713784209973,43,0.00419921875
0110000110,3362,"[1, 3, 0, 2]",900,56.87308311462402,False,14.16713784209973,43,0.00419921875
0110000110,3363,"[1, 0, 3, 2]",465,56.88595771789551,True,14.16713784209973,43,0.00419921875
0110000110,3364,"[1, 3, 0, 2]",900,56.90360069274902,False,14.16713784209973,43,0.00419921875
0110000110,3365,"[1, 0, 3, 2]",465,56.91671371459961,True,14.16713784209973,43,0.00419921875
0110000110,3366,"[1, 3, 0, 2]",900,56.93411827087402,False,14.16713784209973,43,0.00419921875
0110000110,3367,"[1, 0, 3, 2]",465,56.946754455566406,True,14.16713784209973,43,0.00419921875
0110000110,3368,"[1, 3, 0, 2]",900,56.96415901184082,False,14.16713784209973,43,0.00419921875
0110000110,3369,"[1, 0, 3, 2]",465,56.977033615112305,True,14.16713784209973,43,0.00419921875
0110000110,3370,"[1, 3, 0, 2]",900,56.99443817138672,False,14.16713784209973,43,0.00419921875
0110000110,3371,"[1, 0, 3, 2]",465,57.007551193237305,True,14.16713784209973,43,0.00419921875
0110000110,3372,"[1, 3, 0, 2]",900,57.02662467956543,False,14.16713784209973,43,0.00419921875
0110000110,3373,"[1, 0, 3, 2]",465,57.039737701416016,True,14.16713784209973,43,0.00419921875
0110000110,3374,"[1, 3, 0, 2]",900,57.05714225769043,False,14.16713784209973,43,0.00419921875
0110000110,3375,"[1, 0, 3, 2]",465,57.070255279541016,True,14.16713784209973,43,0.00419921875
0110000110,3376,"[1, 3, 0, 2]",900,57.08789825439453,False,14.16713784209973,43,0.00419921875
0110000110,3377,"[1, 0, 3, 2]",465,57.10124969482422,True,14.16713784209973,43,0.00419921875
0110000110,3378,"[1, 3, 0, 2]",900,57.11865425109863,False,14.16713784209973,43,0.00419921875
0110000110,3379,"[1, 0, 3, 2]",465,57.13224411010742,True,14.16713784209973,43,0.00419921875
0110000110,3380,"[1, 3, 0, 2]",900,57.14988708496094,False,14.16713784209973,43,0.00419921875
0110000110,3381,"[1, 0, 3, 2]",465,57.16300010681152,True,14.16713784209973,43,0.00419921875
0110000110,3382,"[1, 3, 0, 2]",900,57.18064308166504,False,14.16713784209973,43,0.00419921875
0110000110,3383,"[1, 0, 3, 2]",465,57.193756103515625,True,14.16713784209973,43,0.00419921875
0110000110,3384,"[1, 3, 0, 2]",900,57.21116065979004,False,14.16713784209973,43,0.00419921875
0110000110,3385,"[1, 0, 3, 2]",465,57.22451210021973,True,14.16713784209973,43,0.00419921875
0110000110,3386,"[1, 3, 0, 2]",900,57.24191665649414,False,14.16713784209973,43,0.00419921875
0110000110,3387,"[1, 0, 3, 2]",465,57.25526809692383,True,14.16713784209973,43,0.00419921875
0110000110,3388,"[1, 3, 0, 2]",900,57.27267265319824,False,14.16713784209973,43,0.00419921875
0110000110,3389,"[1, 0, 3, 2]",465,57.28602409362793,True,14.16713784209973,43,0.00419921875
0110000110,3390,"[1, 3, 0, 2]",900,57.303667068481445,False,14.16713784209973,43,0.00419921875
0110000110,3391,"[1, 0, 3, 2]",465,57.31701850891113,True,14.16713784209973,43,0.00419921875
0110000110,3392,"[1, 3, 0, 2]",900,57.337045669555664,False,14.16713784209973,43,0.00419921875
0110000110,3393,"[1, 0, 3, 2]",465,57.35039710998535,True,14.16713784209973,43,0.00419921875
0110000110,3394,"[1, 3, 0, 2]",900,57.36804008483887,False,14.16713784209973,43,0.00419921875
0110000110,3395,"[1, 0, 3, 2]",465,57.381391525268555,True,14.16713784209973,43,0.00419921875
0110000110,3396,"[1, 3, 0, 2]",900,57.39927291870117,False,14.16713784209973,43,0.00419921875
0110000110,3397,"[1, 0, 3, 2]",465,57.41262435913086,True,14.16713784209973,43,0.00419921875
0110000110,3398,"[1, 3, 0, 2]",900,57.431697845458984,False,14.16713784209973,43,0.00419921875
0110000110,3399,"[1, 0, 3, 2]",465,57.44504928588867,True,14.16713784209973,43,0.00419921875
0110000110,3400,"[1, 3, 0, 2]",900,57.462453842163086,False,14.16713784209973,43,0.00419921875
0110000110,3401,"[1, 0, 3, 2]",465,57.47556686401367,True,14.16713784209973,43,0.00419921875
0110000110,3402,"[1, 3, 0, 2]",900,57.49320983886719,False,14.16713784209973,43,0.00419921875
0110000110,3403,"[1, 0, 3, 2]",465,57.50584602355957,True,14.16713784209973,43,0.00419921875
0110000110,3404,"[1, 3, 0, 2]",900,57.52372741699219,False,14.16713784209973,43,0.00419921875
0110000110,3405,"[1, 0, 3, 2]",465,57.53684043884277,True,14.16713784209973,43,0.00419921875
0110000110,3406,"[1, 3, 0, 2]",900,57.55424499511719,False,14.16713784209973,43,0.00419921875
0110000110,3407,"[1, 0, 3, 2]",465,57.567596435546875,True,14.16713784209973,43,0.00419921875
0110000110,3408,"[1, 3, 0, 2]",900,57.58547782897949,False,14.16713784209973,43,0.00419921875
0110000110,3409,"[1, 0, 3, 2]",465,57.59859085083008,True,14.16713784209973,43,0.00419921875
0110000110,3410,"[1, 3, 0, 2]",900,57.61575698852539,False,14.16713784209973,43,0.00419921875
0110000110,3411,"[1, 0, 3, 2]",465,57.62910842895508,True,14.16713784209973,43,0.00419921875
0110000110,3412,"[1, 3, 0, 2]",900,57.646751403808594,False,14.16713784209973,43,0.00419921875
0110000110,3413,"[1, 0, 3, 2]",465,57.66010284423828,True,14.16713784209973,43,0.00419921875
0110000110,3414,"[1, 3, 0, 2]",900,57.678937911987305,False,14.16713784209973,43,0.00419921875
0110000110,3415,"[1, 0, 3, 2]",465,57.69228935241699,True,14.16713784209973,43,0.00419921875
0110000110,3416,"[1, 3, 0, 2]",900,57.70993232727051,False,14.16713784209973,43,0.00419921875
0110000110,3417,"[1, 0, 3, 2]",465,57.723045349121094,True,14.16713784209973,43,0.00419921875
0110000110,3418,"[1, 3, 0, 2]",900,57.74068832397461,False,14.16713784209973,43,0.00419921875
0110000110,3419,"[1, 0, 3, 2]",465,57.7540397644043,True,14.16713784209973,43,0.00419921875
0110000110,3420,"[1, 3, 0, 2]",900,57.771921157836914,False,14.16713784209973,43,0.00419921875
0110000110,3421,"[1, 0, 3, 2]",465,57.7850341796875,True,14.16713784209973,43,0.00419921875
0110000110,3422,"[1, 3, 0, 2]",900,57.802438735961914,False,14.16713784209973,43,0.00419921875
0110000110,3423,"[1, 0, 3, 2]",465,57.8155517578125,True,14.16713784209973,43,0.00419921875
0110000110,3424,"[1, 3, 0, 2]",900,57.833194732666016,False,14.16713784209973,43,0.00419921875
0110000110,3425,"[1, 0, 3, 2]",465,57.8458309173584,True,14.16713784209973,43,0.00419921875
0110000110,3426,"[1, 3, 0, 2]",900,57.863473892211914,False,14.16713784209973,43,0.00419921875
0110000110,3427,"[1, 0, 3, 2]",465,57.8765869140625,True,14.16713784209973,43,0.00419921875
0110000110,3428,"[1, 3, 0, 2]",900,57.893991470336914,False,14.16713784209973,43,0.00419921875
0110000110,3429,"[1, 0, 3, 2]",465,57.9073429107666,True,14.16713784209973,43,0.00419921875
0110000110,3430,"[1, 3, 0, 2]",900,57.924747467041016,False,14.16713784209973,43,0.00419921875
0110000110,3431,"[1, 0, 3, 2]",465,57.9380989074707,True,14.16713784209973,43,0.00419921875
0110000110,3432,"[1, 3, 0, 2]",900,57.95550346374512,False,14.16713784209973,43,0.00419921875
0110000110,3433,"[1, 0, 3, 2]",465,57.9686164855957,True,14.16713784209973,43,0.00419921875
1100101000,3434,"[0, 3, 2, 1]",6300,57.98792839050293,False,29.274426870775493,41,0.00400390625
1100101000,3435,"[0, 1, 3, 2]",465,58.00175666809082,True,29.274426870775493,41,0.00400390625
1100101000,3436,"[0, 3, 2, 1]",6300,58.019399642944336,False,29.274426870775493,41,0.00400390625
1100101000,3437,"[0, 1, 3, 2]",465,58.03275108337402,True,29.274426870775493,41,0.00400390625
1100101000,3438,"[0, 3, 2, 1]",6300,58.05015563964844,False,29.274426870775493,41,0.00400390625
1100101000,3439,"[0, 1, 3, 2]",465,58.06326866149902,True,29.274426870775493,41,0.00400390625
1100101000,3440,"[0, 3, 2, 1]",6300,58.08091163635254,False,29.274426870775493,41,0.00400390625
1100101000,3441,"[0, 1, 3, 2]",465,58.09378623962402,True,29.274426870775493,41,0.00400390625
1100101000,3442,"[0, 3, 2, 1]",6300,58.110952377319336,False,29.274426870775493,41,0.00400390625
1100101000,3443,"[0, 1, 3, 2]",465,58.12382698059082,True,29.274426870775493,41,0.00400390625
1100101000,3444,"[0, 3, 2, 1]",6300,58.141231536865234,False,29.274426870775493,41,0.00400390625
1100101000,3445,"[0, 1, 3, 2]",465,58.15434455871582,True,29.274426870775493,41,0.00400390625
1100101000,3446,"[0, 3, 2, 1]",6300,58.171749114990234,False,29.274426870775493,41,0.00400390625
1100101000,3447,"[0, 1, 3, 2]",465,58.18486213684082,True,29.274426870775493,41,0.00400390625
1100101000,3448,"[0, 3, 2, 1]",6300,58.20441246032715,False,29.274426870775493,41,0.00400390625
1100101000,3449,"[0, 1, 3, 2]",465,58.217525482177734,True,29.274426870775493,41,0.00400390625
1100101000,3450,"[0, 3, 2, 1]",6300,58.23540687561035,False,29.274426870775493,41,0.00400390625
1100101000,3451,"[0, 1, 3, 2]",465,58.248281478881836,True,29.274426870775493,41,0.00400390625
1100101000,3452,"[0, 3, 2, 1]",6300,58.26568603515625,False,29.274426870775493,41,0.00400390625
1100101000,3453,"[0, 1, 3, 2]",465,58.278799057006836,True,29.274426870775493,41,0.00400390625
1100101000,3454,"[0, 3, 2, 1]",6300,58.29644203186035,False,29.274426870775493,41,0.00400390625
1100101000,3455,"[0, 1, 3, 2]",465,58.30955505371094,True,29.274426870775493,41,0.00400390625
1100101000,3456,"[0, 3, 2, 1]",6300,58.329105377197266,False,29.274426870775493,41,0.00400390625
1100101000,3457,"[0, 1, 3, 2]",465,58.34174156188965,True,29.274426870775493,41,0.00400390625
1100101000,3458,"[0, 3, 2, 1]",6300,58.359622955322266,False,29.274426870775493,41,0.00400390625
1100101000,3459,"[0, 1, 3, 2]",465,58.37273597717285,True,29.274426870775493,41,0.00400390625
1100101000,3460,"[0, 3, 2, 1]",6300,58.39037895202637,False,29.274426870775493,41,0.00400390625
1100101000,3461,"[0, 1, 3, 2]",465,58.40349197387695,True,29.274426870775493,41,0.00400390625
1100101000,3462,"[0, 3, 2, 1]",6300,58.42113494873047,False,29.274426870775493,41,0.00400390625
1100101000,3463,"[0, 1, 3, 2]",465,58.434486389160156,True,29.274426870775493,41,0.00400390625
1100101000,3464,"[0, 3, 2, 1]",6300,58.45189094543457,False,29.274426870775493,41,0.00400390625
1100101000,3465,"[0, 1, 3, 2]",465,58.465003967285156,True,29.274426870775493,41,0.00400390625
1100101000,3466,"[0, 3, 2, 1]",6300,58.48217010498047,False,29.274426870775493,41,0.00400390625
1100101000,3467,"[0, 1, 3, 2]",465,58.49480628967285,True,29.274426870775493,41,0.00400390625
1100101000,3468,"[0, 3, 2, 1]",6300,58.512210845947266,False,29.274426870775493,41,0.00400390625
1100101000,3469,"[0, 1, 3, 2]",465,58.52508544921875,True,29.274426870775493,41,0.00400390625
1100101000,3470,"[0, 3, 2, 1]",6300,58.542728424072266,False,29.274426870775493,41,0.00400390625
1100101000,3471,"[0, 1, 3, 2]",465,58.55536460876465,True,29.274426870775493,41,0.00400390625
1100101000,3472,"[0, 3, 2, 1]",6300,58.573007583618164,False,29.274426870775493,41,0.00400390625
1100101000,3473,"[0, 1, 3, 2]",465,58.585405349731445,True,29.274426870775493,41,0.00400390625
1100101000,3474,"[0, 3, 2, 1]",6300,58.60280990600586,False,29.274426870775493,41,0.00400390625
1100101000,3475,"[0, 1, 3, 2]",465,58.615684509277344,True,29.274426870775493,41,0.00400390625
1100101000,3476,"[0, 3, 2, 1]",6300,58.63499641418457,False,29.274426870775493,41,0.00400390625
1100101000,3477,"[0, 1, 3, 2]",465,58.647871017456055,True,29.274426870775493,41,0.00400390625
1100101000,3478,"[0, 3, 2, 1]",6300,58.66503715515137,False,29.274426870775493,41,0.00400390625
1100101000,3479,"[0, 1, 3, 2]",465,58.67767333984375,True,29.274426870775493,41,0.00400390625
1100101000,3480,"[0, 3, 2, 1]",6300,58.695077896118164,False,29.274426870775493,41,0.00400390625
1100101000,3481,"[0, 1, 3, 2]",465,58.70771408081055,True,29.274426870775493,41,0.00400390625
1100101000,3482,"[0, 3, 2, 1]",6300,58.72488021850586,False,29.274426870775493,41,0.00400390625
1100101000,3483,"[0, 1, 3, 2]",465,58.73751640319824,True,29.274426870775493,41,0.00400390625
1100101000,3484,"[0, 3, 2, 1]",6300,58.754920959472656,False,29.274426870775493,41,0.00400390625
1100101000,3485,"[0, 1, 3, 2]",465,58.76779556274414,True,29.274426870775493,41,0.00400390625
1100101000,3486,"[0, 3, 2, 1]",6300,58.785200119018555,False,29.274426870775493,41,0.00400390625
1100101000,3487,"[0, 1, 3, 2]",465,58.79807472229004,True,29.274426870775493,41,0.00400390625
1100101000,3488,"[0, 3, 2, 1]",6300,58.815717697143555,False,29.274426870775493,41,0.00400390625
1100101000,3489,"[0, 1, 3, 2]",465,58.82835388183594,True,29.274426870775493,41,0.00400390625
1100101000,3490,"[0, 3, 2, 1]",6300,58.846235275268555,False,29.274426870775493,41,0.00400390625
1100101000,3491,"[0, 1, 3, 2]",465,58.85887145996094,True,29.274426870775493,41,0.00400390625
1100101000,3492,"[0, 3, 2, 1]",6300,58.87627601623535,False,29.274426870775493,41,0.00400390625
1100101000,3493,"[0, 1, 3, 2]",465,58.88938903808594,True,29.274426870775493,41,0.00400390625
1100101000,3494,"[0, 3, 2, 1]",6300,58.90655517578125,False,29.274426870775493,41,0.00400390625
1100101000,3495,"[0, 1, 3, 2]",465,58.91919136047363,True,29.274426870775493,41,0.00400390625
1100101000,3496,"[0, 3, 2, 1]",6300,58.939218521118164,False,29.274426870775493,41,0.00400390625
1100101000,3497,"[0, 1, 3, 2]",465,58.95280838012695,True,29.274426870775493,41,0.00400390625
1100101000,3498,"[0, 3, 2, 1]",6300,58.97235870361328,False,29.274426870775493,41,0.00400390625
1100101000,3499,"[0, 1, 3, 2]",465,58.985233306884766,True,29.274426870775493,41,0.00400390625
1100101000,3500,"[0, 3, 2, 1]",6300,59.00311470031738,False,29.274426870775493,41,0.00400390625
1100101000,3501,"[0, 1, 3, 2]",465,59.015750885009766,True,29.274426870775493,41,0.00400390625
1100101000,3502,"[0, 3, 2, 1]",6300,59.03339385986328,False,29.274426870775493,41,0.00400390625
1100101000,3503,"[0, 1, 3, 2]",465,59.046268463134766,True,29.274426870775493,41,0.00400390625
1100101000,3504,"[0, 3, 2, 1]",6300,59.06391143798828,False,29.274426870775493,41,0.00400390625
1100101000,3505,"[0, 1, 3, 2]",465,59.076786041259766,True,29.274426870775493,41,0.00400390625
1100101000,3506,"[0, 3, 2, 1]",6300,59.09442901611328,False,29.274426870775493,41,0.00400390625
1100101000,3507,"[0, 1, 3, 2]",465,59.10778045654297,True,29.274426870775493,41,0.00400390625
1100101000,3508,"[0, 3, 2, 1]",6300,59.12518501281738,False,29.274426870775493,41,0.00400390625
1100101000,3509,"[0, 1, 3, 2]",465,59.13853645324707,True,29.274426870775493,41,0.00400390625
1100101000,3510,"[0, 3, 2, 1]",6300,59.156179428100586,False,29.274426870775493,41,0.00400390625
1100101000,3511,"[0, 1, 3, 2]",465,59.16929244995117,True,29.274426870775493,41,0.00400390625
1100101000,3512,"[0, 3, 2, 1]",6300,59.188127517700195,False,29.274426870775493,41,0.00400390625
1100101000,3513,"[0, 1, 3, 2]",465,59.20100212097168,True,29.274426870775493,41,0.00400390625
1100101000,3514,"[0, 3, 2, 1]",6300,59.218645095825195,False,29.274426870775493,41,0.00400390625
1100101000,3515,"[0, 1, 3, 2]",465,59.23128128051758,True,29.274426870775493,41,0.00400390625
0000010001,3516,"[2, 3, 1, 0]",9600,59.249162673950195,False,20.090619058289455,41,0.00400390625
0000010001,3517,"[2, 3, 1, 0]",9600,59.26322937011719,True,20.090619058289455,41,0.00400390625
0000010001,3518,"[2, 3, 1, 0]",9600,59.282779693603516,False,20.090619058289455,41,0.00400390625
0000010001,3519,"[2, 3, 1, 0]",9600,59.2961311340332,True,20.090619058289455,41,0.00400390625
0000010001,3520,"[2, 3, 1, 0]",9600,59.31401252746582,False,20.090619058289455,41,0.00400390625
0000010001,3521,"[2, 3, 1, 0]",9600,59.326887130737305,True,20.090619058289455,41,0.00400390625
0000010001,3522,"[2, 3, 1, 0]",9600,59.34476852416992,False,20.090619058289455,41,0.00400390625
0000010001,3523,"[2, 3, 1, 0]",9600,59.357643127441406,True,20.090619058289455,41,0.00400390625
0000010001,3524,"[2, 3, 1, 0]",9600,59.37504768371582,False,20.090619058289455,41,0.00400390625
0000010001,3525,"[2, 3, 1, 0]",9600,59.387922286987305,True,20.090619058289455,41,0.00400390625
0000010001,3526,"[2, 3, 1, 0]",9600,59.40532684326172,False,20.090619058289455,41,0.00400390625
0000010001,3527,"[2, 3, 1, 0]",9600,59.4179630279541,True,20.090619058289455,41,0.00400390625
0000010001,3528,"[2, 3, 1, 0]",9600,59.43560600280762,False,20.090619058289455,41,0.00400390625
0000010001,3529,"[2, 3, 1, 0]",9600,59.4484806060791,True,20.090619058289455,41,0.00400390625
0000010001,3530,"[2, 3, 1, 0]",9600,59.465885162353516,False,20.090619058289455,41,0.00400390625
0000010001,3531,"[2, 3, 1, 0]",9600,59.478759765625,True,20.090619058289455,41,0.00400390625
0000010001,3532,"[2, 3, 1, 0]",9600,59.49592590332031,False,20.090619058289455,41,0.00400390625
0000010001,3533,"[2, 3, 1, 0]",9600,59.508323669433594,True,20.090619058289455,41,0.00400390625
0000010001,3534,"[2, 3, 1, 0]",9600,59.52572822570801,False,20.090619058289455,41,0.00400390625
0000010001,3535,"[2, 3, 1, 0]",9600,59.53860282897949,True,20.090619058289455,41,0.00400390625
0000010001,3536,"[2, 3, 1, 0]",9600,59.555768966674805,False,20.090619058289455,41,0.00400390625
0000010001,3537,"[2, 3, 1, 0]",9600,59.56888198852539,True,20.090619058289455,41,0.00400390625
0000010001,3538,"[2, 3, 1, 0]",9600,59.586286544799805,False,20.090619058289455,41,0.00400390625
0000010001,3539,"[2, 3, 1, 0]",9600,59.59916114807129,True,20.090619058289455,41,0.00400390625
0000010001,3540,"[2, 3, 1, 0]",9600,59.618473052978516,False,20.090619058289455,41,0.00400390625
0000010001,3541,"[2, 3, 1, 0]",9600,59.6315860748291,True,20.090619058289455,41,0.00400390625
0000010001,3542,"[2, 3, 1, 0]",9600,59.648990631103516,False,20.090619058289455,41,0.00400390625
0000010001,3543,"[2, 3, 1, 0]",9600,59.6616268157959,True,20.090619058289455,41,0.00400390625
0000010001,3544,"[2, 3, 1, 0]",9600,59.67903137207031,False,20.090619058289455,41,0.00400390625
0000010001,3545,"[2, 3, 1, 0]",9600,59.6919059753418,True,20.090619058289455,41,0.00400390625
0000010001,3546,"[2, 3, 1, 0]",9600,59.70931053161621,False,20.090619058289455,41,0.00400390625
0000010001,3547,"[2, 3, 1, 0]",9600,59.722900390625,True,20.090619058289455,41,0.00400390625
0000010001,3548,"[2, 3, 1, 0]",9600,59.766292572021484,False,20.090619058289455,41,0.00400390625
0000010001,3549,"[2, 3, 1, 0]",9600,59.780120849609375,True,20.090619058289455,41,0.00400390625
0000010001,3550,"[2, 3, 1, 0]",9600,59.81326103210449,False,20.090619058289455,41,0.00400390625
0000010001,3551,"[2, 3, 1, 0]",9600,59.82637405395508,True,20.090619058289455,41,0.00400390625
0000010001,3552,"[2, 3, 1, 0]",9600,59.862375259399414,False,20.090619058289455,41,0.00400390625
0000010001,3553,"[2, 3, 1, 0]",9600,59.8757266998291,True,20.090619058289455,41,0.00400390625
0000010001,3554,"[2, 3, 1, 0]",9600,59.90767478942871,False,20.090619058289455,41,0.00400390625
0000010001,3555,"[2, 3, 1, 0]",9600,59.9210262298584,True,20.090619058289455,41,0.00400390625
0000010001,3556,"[2, 3, 1, 0]",9600,59.952735900878906,False,20.090619058289455,41,0.00400390625
0000010001,3557,"[2, 3, 1, 0]",9600,59.96584892272949,True,20.090619058289455,41,0.00400390625
0000010001,3558,"[2, 3, 1, 0]",9600,59.99755859375,False,20.090619058289455,41,0.00400390625
0000010001,3559,"[2, 3, 1, 0]",9600,60.03165245056152,True,20.090619058289455,41,0.00400390625
0000010001,3560,"[2, 3, 1, 0]",9600,60.05501747131348,False,20.090619058289455,41,0.00400390625
0000010001,3561,"[2, 3, 1, 0]",9600,60.068368911743164,True,20.090619058289455,41,0.00400390625
0000010001,3562,"[2, 3, 1, 0]",9600,60.08601188659668,False,20.090619058289455,41,0.00400390625
0000010001,3563,"[2, 3, 1, 0]",9600,60.09864807128906,True,20.090619058289455,41,0.00400390625
0000010001,3564,"[2, 3, 1, 0]",9600,60.11605262756348,False,20.090619058289455,41,0.00400390625
0000010001,3565,"[2, 3, 1, 0]",9600,60.12916564941406,True,20.090619058289455,41,0.00400390625
0000010001,3566,"[2, 3, 1, 0]",9600,60.14657020568848,False,20.090619058289455,41,0.00400390625
0000010001,3567,"[2, 3, 1, 0]",9600,60.15968322753906,True,20.090619058289455,41,0.00400390625
0000010001,3568,"[2, 3, 1, 0]",9600,60.176849365234375,False,20.090619058289455,41,0.00400390625
0000010001,3569,"[2, 3, 1, 0]",9600,60.18972396850586,True,20.090619058289455,41,0.00400390625
0000010001,3570,"[2, 3, 1, 0]",9600,60.20641326904297,False,20.090619058289455,41,0.00400390625
0000010001,3571,"[2, 3, 1, 0]",9600,60.219526290893555,True,20.090619058289455,41,0.00400390625
0000010001,3572,"[2, 3, 1, 0]",9600,60.23669242858887,False,20.090619058289455,41,0.00400390625
0000010001,3573,"[2, 3, 1, 0]",9600,60.24956703186035,True,20.090619058289455,41,0.00400390625
0000010001,3574,"[2, 3, 1, 0]",9600,60.266733169555664,False,20.090619058289455,41,0.00400390625
0000010001,3575,"[2, 3, 1, 0]",9600,60.27936935424805,True,20.090619058289455,41,0.00400390625
0000010001,3576,"[2, 3, 1, 0]",9600,60.29677391052246,False,20.090619058289455,41,0.00400390625
0000010001,3577,"[2, 3, 1, 0]",9600,60.309648513793945,True,20.090619058289455,41,0.00400390625
0000010001,3578,"[2, 3, 1, 0]",9600,60.32705307006836,False,20.090619058289455,41,0.00400390625
0000010001,3579,"[2, 3, 1, 0]",9600,60.339927673339844,True,20.090619058289455,41,0.00400390625
0000010001,3580,"[2, 3, 1, 0]",9600,60.35733222961426,False,20.090619058289455,41,0.00400390625
0000010001,3581,"[2, 3, 1, 0]",9600,60.36972999572754,True,20.090619058289455,41,0.00400390625
0000010001,3582,"[2, 3, 1, 0]",9600,60.389041900634766,False,20.090619058289455,41,0.00400390625
0000010001,3583,"[2, 3, 1, 0]",9600,60.40191650390625,True,20.090619058289455,41,0.00400390625
0000010001,3584,"[2, 3, 1, 0]",9600,60.41908264160156,False,20.090619058289455,41,0.00400390625
0000010001,3585,"[2, 3, 1, 0]",9600,60.431718826293945,True,20.090619058289455,41,0.00400390625
0000010001,3586,"[2, 3, 1, 0]",9600,60.44912338256836,False,20.090619058289455,41,0.00400390625
0000010001,3587,"[2, 3, 1, 0]",9600,60.461997985839844,True,20.090619058289455,41,0.00400390625
0000010001,3588,"[2, 3, 1, 0]",9600,60.47940254211426,False,20.090619058289455,41,0.00400390625
0000010001,3589,"[2, 3, 1, 0]",9600,60.492515563964844,True,20.090619058289455,41,0.00400390625
0000010001,3590,"[2, 3, 1, 0]",9600,60.509681701660156,False,20.090619058289455,41,0.00400390625
0000010001,3591,"[2, 3, 1, 0]",9600,60.52255630493164,True,20.090619058289455,41,0.00400390625
0000010001,3592,"[2, 3, 1, 0]",9600,60.539960861206055,False,20.090619058289455,41,0.00400390625
0000010001,3593,"[2, 3, 1, 0]",9600,60.55283546447754,True,20.090619058289455,41,0.00400390625
0000010001,3594,"[2, 3, 1, 0]",9600,60.57000160217285,False,20.090619058289455,41,0.00400390625
0000010001,3595,"[2, 3, 1, 0]",9600,60.582876205444336,True,20.090619058289455,41,0.00400390625
0000010001,3596,"[2, 3, 1, 0]",9600,60.60028076171875,False,20.090619058289455,41,0.00400390625
0000010001,3597,"[2, 3, 1, 0]",9600,60.61363220214844,True,20.090619058289455,41,0.00400390625
0001110101,3598,"[2, 3, 1, 0]",9600,60.63127517700195,False,14.42022785419578,41,0.00400390625
0001110101,3599,"[2, 3, 1, 0]",9600,60.6684684753418,True,14.42022785419578,41,0.00400390625
0001110101,3600,"[2, 3, 1, 0]",9600,60.68849563598633,False,14.42022785419578,41,0.00400390625
0001110101,3601,"[2, 3, 1, 0]",9600,60.70208549499512,True,14.42022785419578,41,0.00400390625
0001110101,3602,"[2, 3, 1, 0]",9600,60.72115898132324,False,14.42022785419578,41,0.00400390625
0001110101,3603,"[2, 3, 1, 0]",9600,60.733795166015625,True,14.42022785419578,41,0.00400390625
0001110101,3604,"[2, 3, 1, 0]",9600,60.75119972229004,False,14.42022785419578,41,0.00400390625
0001110101,3605,"[2, 3, 1, 0]",9600,60.76383590698242,True,14.42022785419578,41,0.00400390625
0001110101,3606,"[2, 3, 1, 0]",9600,60.781002044677734,False,14.42022785419578,41,0.00400390625
0001110101,3607,"[2, 3, 1, 0]",9600,60.79387664794922,True,14.42022785419578,41,0.00400390625
0001110101,3608,"[2, 3, 1, 0]",9600,60.81128120422363,False,14.42022785419578,41,0.00400390625
0001110101,3609,"[2, 3, 1, 0]",9600,60.823678970336914,True,14.42022785419578,41,0.00400390625
0001110101,3610,"[2, 3, 1, 0]",9600,60.84084510803223,False,14.42022785419578,41,0.00400390625
0001110101,3611,"[2, 3, 1, 0]",9600,60.85395812988281,True,14.42022785419578,41,0.00400390625
0001110101,3612,"[2, 3, 1, 0]",9600,60.871124267578125,False,14.42022785419578,41,0.00400390625
0001110101,3613,"[2, 3, 1, 0]",9600,60.88423728942871,True,14.42022785419578,41,0.00400390625
0001110101,3614,"[2, 3, 1, 0]",9600,60.90140342712402,False,14.42022785419578,41,0.00400390625
0001110101,3615,"[2, 3, 1, 0]",9600,60.914039611816406,True,14.42022785419578,41,0.00400390625
0001110101,3616,"[2, 3, 1, 0]",9600,60.93120574951172,False,14.42022785419578,41,0.00400390625
0001110101,3617,"[2, 3, 1, 0]",9600,60.9440803527832,True,14.42022785419578,41,0.00400390625
0001110101,3618,"[2, 3, 1, 0]",9600,60.961008071899414,False,14.42022785419578,41,0.00400390625
0001110101,3619,"[2, 3, 1, 0]",9600,60.973405838012695,True,14.42022785419578,41,0.00400390625
0001110101,3620,"[2, 3, 1, 0]",9600,60.99057197570801,False,14.42022785419578,41,0.00400390625
0001110101,3621,"[2, 3, 1, 0]",9600,61.00344657897949,True,14.42022785419578,41,0.00400390625
0001110101,3622,"[2, 3, 1, 0]",9600,61.020851135253906,False,14.42022785419578,41,0.00400390625
0001110101,3623,"[2, 3, 1, 0]",9600,61.03348731994629,True,14.42022785419578,41,0.00400390625
0001110101,3624,"[2, 3, 1, 0]",9600,61.052560806274414,False,14.42022785419578,41,0.00400390625
0001110101,3625,"[2, 3, 1, 0]",9600,61.0651969909668,True,14.42022785419578,41,0.00400390625
0001110101,3626,"[2, 3, 1, 0]",9600,61.08260154724121,False,14.42022785419578,41,0.00400390625
0001110101,3627,"[2, 3, 1, 0]",9600,61.09476089477539,True,14.42022785419578,41,0.00400390625
0001110101,3628,"[2, 3, 1, 0]",9600,61.112165451049805,False,14.42022785419578,41,0.00400390625
0001110101,3629,"[2, 3, 1, 0]",9600,61.12480163574219,True,14.42022785419578,41,0.00400390625
0001110101,3630,"[2, 3, 1, 0]",9600,61.1419677734375,False,14.42022785419578,41,0.00400390625
0001110101,3631,"[2, 3, 1, 0]",9600,61.15436553955078,True,14.42022785419578,41,0.00400390625
0001110101,3632,"[2, 3, 1, 0]",9600,61.171770095825195,False,14.42022785419578,41,0.00400390625
0001110101,3633,"[2, 3, 1, 0]",9600,61.18464469909668,True,14.42022785419578,41,0.00400390625
0001110101,3634,"[2, 3, 1, 0]",9600,61.20181083679199,False,14.42022785419578,41,0.00400390625
0001110101,3635,"[2, 3, 1, 0]",9600,61.21492385864258,True,14.42022785419578,41,0.00400390625
0001110101,3636,"[2, 3, 1, 0]",9600,61.23232841491699,False,14.42022785419578,41,0.00400390625
0001110101,3637,"[2, 3, 1, 0]",9600,61.24472618103027,True,14.42022785419578,41,0.00400390625
0001110101,3638,"[2, 3, 1, 0]",9600,61.261892318725586,False,14.42022785419578,41,0.00400390625
0001110101,3639,"[2, 3, 1, 0]",9600,61.27476692199707,True,14.42022785419578,41,0.00400390625
0001110101,3640,"[2, 3, 1, 0]",9600,61.29193305969238,False,14.42022785419578,41,0.00400390625
0001110101,3641,"[2, 3, 1, 0]",9600,61.30480766296387,True,14.42022785419578,41,0.00400390625
0001110101,3642,"[2, 3, 1, 0]",9600,61.32197380065918,False,14.42022785419578,41,0.00400390625
0001110101,3643,"[2, 3, 1, 0]",9600,61.334848403930664,True,14.42022785419578,41,0.00400390625
0001110101,3644,"[2, 3, 1, 0]",9600,61.35392189025879,False,14.42022785419578,41,0.00400390625
0001110101,3645,"[2, 3, 1, 0]",9600,61.36679649353027,True,14.42022785419578,41,0.00400390625
0001110101,3646,"[2, 3, 1, 0]",9600,61.38420104980469,False,14.42022785419578,41,0.00400390625
0001110101,3647,"[2, 3, 1, 0]",9600,61.39683723449707,True,14.42022785419578,41,0.00400390625
0001110101,3648,"[2, 3, 1, 0]",9600,61.414480209350586,False,14.42022785419578,41,0.00400390625
0001110101,3649,"[2, 3, 1, 0]",9600,61.42735481262207,True,14.42022785419578,41,0.00400390625
0001110101,3650,"[2, 3, 1, 0]",9600,61.446428298950195,False,14.42022785419578,41,0.00400390625
0001110101,3651,"[2, 3, 1, 0]",9600,61.45882606506348,True,14.42022785419578,41,0.00400390625
0001110101,3652,"[2, 3, 1, 0]",9600,61.47599220275879,False,14.42022785419578,41,0.00400390625
0001110101,3653,"[2, 3, 1, 0]",9600,61.48862838745117,True,14.42022785419578,41,0.00400390625
0001110101,3654,"[2, 3, 1, 0]",9600,61.505794525146484,False,14.42022785419578,41,0.00400390625
0001110101,3655,"[2, 3, 1, 0]",9600,61.518192291259766,True,14.42022785419578,41,0.00400390625
0001110101,3656,"[2, 3, 1, 0]",9600,61.53559684753418,False,14.42022785419578,41,0.00400390625
0001110101,3657,"[2, 3, 1, 0]",9600,61.548471450805664,True,14.42022785419578,41,0.00400390625
0001110101,3658,"[2, 3, 1, 0]",9600,61.56587600708008,False,14.42022785419578,41,0.00400390625
0001110101,3659,"[2, 3, 1, 0]",9600,61.57851219177246,True,14.42022785419578,41,0.00400390625
0001110101,3660,"[2, 3, 1, 0]",9600,61.595916748046875,False,14.42022785419578,41,0.00400390625
0001110101,3661,"[2, 3, 1, 0]",9600,61.608314514160156,True,14.42022785419578,41,0.00400390625
0001110101,3662,"[2, 3, 1, 0]",9600,61.62548065185547,False,14.42022785419578,41,0.00400390625
0001110101,3663,"[2, 3, 1, 0]",9600,61.63835525512695,True,14.42022785419578,41,0.00400390625
0001110101,3664,"[2, 3, 1, 0]",9600,61.65575981140137,False,14.42022785419578,41,0.00400390625
0001110101,3665,"[2, 3, 1, 0]",9600,61.66863441467285,True,14.42022785419578,41,0.00400390625
0001110101,3666,"[2, 3, 1, 0]",9600,61.68770790100098,False,14.42022785419578,41,0.00400390625
0001110101,3667,"[2, 3, 1, 0]",9600,61.70034408569336,True,14.42022785419578,41,0.00400390625
0001110101,3668,"[2, 3, 1, 0]",9600,61.71774864196777,False,14.42022785419578,41,0.00400390625
0001110101,3669,"[2, 3, 1, 0]",9600,61.72990798950195,True,14.42022785419578,41,0.00400390625
0001110101,3670,"[2, 3, 1, 0]",9600,61.74731254577637,False,14.42022785419578,41,0.00400390625
0001110101,3671,"[2, 3, 1, 0]",9600,61.75994873046875,True,14.42022785419578,41,0.00400390625
0001110101,3672,"[2, 3, 1, 0]",9600,61.777353286743164,False,14.42022785419578,41,0.00400390625
0001110101,3673,"[2, 3, 1, 0]",9600,61.79022789001465,True,14.42022785419578,41,0.00400390625
0001110101,3674,"[2, 3, 1, 0]",9600,61.80715560913086,False,14.42022785419578,41,0.00400390625
0001110101,3675,"[2, 3, 1, 0]",9600,61.82050704956055,True,14.42022785419578,41,0.00400390625
0001110101,3676,"[2, 3, 1, 0]",9600,61.83791160583496,False,14.42022785419578,41,0.00400390625
0001110101,3677,"[2, 3, 1, 0]",9600,61.85102462768555,True,14.42022785419578,41,0.00400390625
0001110101,3678,"[2, 3, 1, 0]",9600,61.86842918395996,False,14.42022785419578,41,0.00400390625
0001110101,3679,"[2, 3, 1, 0]",9600,61.88178062438965,True,14.42022785419578,41,0.00400390625
0000010101,3680,"[3, 2, 1, 0]",9600,61.90085411071777,False,17.161821869240917,41,0.00400390625
0000010101,3681,"[3, 2, 1, 0]",9600,61.91396713256836,True,17.161821869240917,41,0.00400390625
0000010101,3682,"[3, 2, 1, 0]",9600,61.93137168884277,False,17.161821869240917,41,0.00400390625
0000010101,3683,"[3, 2, 1, 0]",9600,61.94448471069336,True,17.161821869240917,41,0.00400390625
0000010101,3684,"[3, 2, 1, 0]",9600,61.96165084838867,False,17.161821869240917,41,0.00400390625
0000010101,3685,"[3, 2, 1, 0]",9600,61.97500228881836,True,17.161821869240917,41,0.00400390625
0000010101,3686,"[3, 2, 1, 0]",9600,61.99383735656738,False,17.161821869240917,41,0.00400390625
0000010101,3687,"[3, 2, 1, 0]",9600,62.00671195983887,True,17.161821869240917,41,0.00400390625
0000010101,3688,"[3, 2, 1, 0]",9600,62.024593353271484,False,17.161821869240917,41,0.00400390625
0000010101,3689,"[3, 2, 1, 0]",9600,62.03746795654297,True,17.161821869240917,41,0.00400390625
0000010101,3690,"[3, 2, 1, 0]",9600,62.05487251281738,False,17.161821869240917,41,0.00400390625
0000010101,3691,"[3, 2, 1, 0]",9600,62.067508697509766,True,17.161821869240917,41,0.00400390625
0000010101,3692,"[3, 2, 1, 0]",9600,62.08539009094238,False,17.161821869240917,41,0.00400390625
0000010101,3693,"[3, 2, 1, 0]",9600,62.097787857055664,True,17.161821869240917,41,0.00400390625
0000010101,3694,"[3, 2, 1, 0]",9600,62.11495399475098,False,17.161821869240917,41,0.00400390625
0000010101,3695,"[3, 2, 1, 0]",9600,62.12782859802246,True,17.161821869240917,41,0.00400390625
0000010101,3696,"[3, 2, 1, 0]",9600,62.14499473571777,False,17.161821869240917,41,0.00400390625
0000010101,3697,"[3, 2, 1, 0]",9600,62.157392501831055,True,17.161821869240917,41,0.00400390625
0000010101,3698,"[3, 2, 1, 0]",9600,62.17503547668457,False,17.161821869240917,41,0.00400390625
0000010101,3699,"[3, 2, 1, 0]",9600,62.18838691711426,True,17.161821869240917,41,0.00400390625
0000010101,3700,"[3, 2, 1, 0]",9600,62.20746040344238,False,17.161821869240917,41,0.00400390625
0000010101,3701,"[3, 2, 1, 0]",9600,62.22033500671387,True,17.161821869240917,41,0.00400390625
0000010101,3702,"[3, 2, 1, 0]",9600,62.23750114440918,False,17.161821869240917,41,0.00400390625
0000010101,3703,"[3, 2, 1, 0]",9600,62.250375747680664,True,17.161821869240917,41,0.00400390625
0000010101,3704,"[3, 2, 1, 0]",9600,62.26754188537598,False,17.161821869240917,41,0.00400390625
0000010101,3705,"[3, 2, 1, 0]",9600,62.28065490722656,True,17.161821869240917,41,0.00400390625
0000010101,3706,"[3, 2, 1, 0]",9600,62.29829788208008,False,17.161821869240917,41,0.00400390625
0000010101,3707,"[3, 2, 1, 0]",9600,62.311410903930664,True,17.161821869240917,41,0.00400390625
0000010101,3708,"[3, 2, 1, 0]",9600,62.33072280883789,False,17.161821869240917,41,0.00400390625
0000010101,3709,"[3, 2, 1, 0]",9600,62.34383583068848,True,17.161821869240917,41,0.00400390625
0000010101,3710,"[3, 2, 1, 0]",9600,62.36124038696289,False,17.161821869240917,41,0.00400390625
0000010101,3711,"[3, 2, 1, 0]",9600,62.37435340881348,True,17.161821869240917,41,0.00400390625
0000010101,3712,"[3, 2, 1, 0]",9600,62.39151954650879,False,17.161821869240917,41,0.00400390625
0000010101,3713,"[3, 2, 1, 0]",9600,62.40415573120117,True,17.161821869240917,41,0.00400390625
0000010101,3714,"[3, 2, 1, 0]",9600,62.421560287475586,False,17.161821869240917,41,0.00400390625
0000010101,3715,"[3, 2, 1, 0]",9600,62.43443489074707,True,17.161821869240917,41,0.00400390625
0000010101,3716,"[3, 2, 1, 0]",9600,62.451839447021484,False,17.161821869240917,41,0.00400390625
0000010101,3717,"[3, 2, 1, 0]",9600,62.46471405029297,True,17.161821869240917,41,0.00400390625
0000010101,3718,"[3, 2, 1, 0]",9600,62.48211860656738,False,17.161821869240917,41,0.00400390625
0000010101,3719,"[3, 2, 1, 0]",9600,62.494516372680664,True,17.161821869240917,41,0.00400390625
0000010101,3720,"[3, 2, 1, 0]",9600,62.51239776611328,False,17.161821869240917,41,0.00400390625
0000010101,3721,"[3, 2, 1, 0]",9600,62.52479553222656,True,17.161821869240917,41,0.00400390625
0000010101,3722,"[3, 2, 1, 0]",9600,62.54220008850098,False,17.161821869240917,41,0.00400390625
0000010101,3723,"[3, 2, 1, 0]",9600,62.55483627319336,True,17.161821869240917,41,0.00400390625
0000010101,3724,"[3, 2, 1, 0]",9600,62.57224082946777,False,17.161821869240917,41,0.00400390625
0000010101,3725,"[3, 2, 1, 0]",9600,62.58511543273926,True,17.161821869240917,41,0.00400390625
0000010101,3726,"[3, 2, 1, 0]",9600,62.60251998901367,False,17.161821869240917,41,0.00400390625
0000010101,3727,"[3, 2, 1, 0]",9600,62.61563301086426,True,17.161821869240917,41,0.00400390625
0000010101,3728,"[3, 2, 1, 0]",9600,62.635183334350586,False,17.161821869240917,41,0.00400390625
0000010101,3729,"[3, 2, 1, 0]",9600,62.64829635620117,True,17.161821869240917,41,0.00400390625
0000010101,3730,"[3, 2, 1, 0]",9600,62.665700912475586,False,17.161821869240917,41,0.00400390625
0000010101,3731,"[3, 2, 1, 0]",9600,62.67857551574707,True,17.161821869240917,41,0.00400390625
0000010101,3732,"[3, 2, 1, 0]",9600,62.69645690917969,False,17.161821869240917,41,0.00400390625
0000010101,3733,"[3, 2, 1, 0]",9600,62.70933151245117,True,17.161821869240917,41,0.00400390625
0000010101,3734,"[3, 2, 1, 0]",9600,62.726736068725586,False,17.161821869240917,41,0.00400390625
0000010101,3735,"[3, 2, 1, 0]",9600,62.73961067199707,True,17.161821869240917,41,0.00400390625
0000010101,3736,"[3, 2, 1, 0]",9600,62.757015228271484,False,17.161821869240917,41,0.00400390625
0000010101,3737,"[3, 2, 1, 0]",9600,62.76988983154297,True,17.161821869240917,41,0.00400390625
0000010101,3738,"[3, 2, 1, 0]",9600,62.78729438781738,False,17.161821869240917,41,0.00400390625
0000010101,3739,"[3, 2, 1, 0]",9600,62.799930572509766,True,17.161821869240917,41,0.00400390625
0000010101,3740,"[3, 2, 1, 0]",9600,62.81733512878418,False,17.161821869240917,41,0.00400390625
0000010101,3741,"[3, 2, 1, 0]",9600,62.830448150634766,True,17.161821869240917,41,0.00400390625
0000010101,3742,"[3, 2, 1, 0]",9600,62.84809112548828,False,17.161821869240917,41,0.00400390625
0000010101,3743,"[3, 2, 1, 0]",9600,62.860965728759766,True,17.161821869240917,41,0.00400390625
0000010101,3744,"[3, 2, 1, 0]",9600,62.87837028503418,False,17.161821869240917,41,0.00400390625
0000010101,3745,"[3, 2, 1, 0]",9600,62.891483306884766,True,17.161821869240917,41,0.00400390625
0000010101,3746,"[3, 2, 1, 0]",9600,62.90888786315918,False,17.161821869240917,41,0.00400390625
0000010101,3747,"[3, 2, 1, 0]",9600,62.922000885009766,True,17.161821869240917,41,0.00400390625
0000010101,3748,"[3, 2, 1, 0]",9600,62.941789627075195,False,17.161821869240917,41,0.00400390625
0000010101,3749,"[3, 2, 1, 0]",9600,62.955379486083984,True,17.161821869240917,41,0.00400390625
0000010101,3750,"[3, 2, 1, 0]",9600,62.97492980957031,False,17.161821869240917,41,0.00400390625
0000010101,3751,"[3, 2, 1, 0]",9600,62.98828125,True,17.161821869240917,41,0.00400390625
0000010101,3752,"[3, 2, 1, 0]",9600,63.005685806274414,False,17.161821869240917,41,0.00400390625
0000010101,3753,"[3, 2, 1, 0]",9600,63.0185604095459,True,17.161821869240917,41,0.00400390625
0000010101,3754,"[3, 2, 1, 0]",9600,63.03596496582031,False,17.161821869240917,41,0.00400390625
0000010101,3755,"[3, 2, 1, 0]",9600,63.0488395690918,True,17.161821869240917,41,0.00400390625
0000010101,3756,"[3, 2, 1, 0]",9600,63.06624412536621,False,17.161821869240917,41,0.00400390625
0000010101,3757,"[3, 2, 1, 0]",9600,63.079118728637695,True,17.161821869240917,41,0.00400390625
0000010101,3758,"[3, 2, 1, 0]",9600,63.097238540649414,False,17.161821869240917,41,0.00400390625
0000010101,3759,"[3, 2, 1, 0]",9600,63.1098747253418,True,17.161821869240917,41,0.00400390625
0000010101,3760,"[3, 2, 1, 0]",9600,63.12751770019531,False,17.161821869240917,41,0.00400390625
0000010101,3761,"[3, 2, 1, 0]",9600,63.1406307220459,True,17.161821869240917,41,0.00400390625
0001000101,3762,"[3, 1, 2, 0]",9450,63.15803527832031,False,14.73311161570339,41,0.00400390625
0001000101,3763,"[3, 1, 0, 2]",900,63.1718635559082,True,14.73311161570339,41,0.00400390625
0001000101,3764,"[3, 1, 2, 0]",9450,63.18998336791992,False,14.73311161570339,41,0.00400390625
0001000101,3765,"[3, 1, 0, 2]",900,63.20357322692871,True,14.73311161570339,41,0.00400390625
0001000101,3766,"[3, 1, 2, 0]",9450,63.22145462036133,False,14.73311161570339,41,0.00400390625
0001000101,3767,"[3, 1, 0, 2]",900,63.234806060791016,True,14.73311161570339,41,0.00400390625
0001000101,3768,"[3, 1, 2, 0]",9450,63.25268745422363,False,14.73311161570339,41,0.00400390625
0001000101,3769,"[3, 1, 0, 2]",900,63.26651573181152,True,14.73311161570339,41,0.00400390625
0001000101,3770,"[3, 1, 2, 0]",9450,63.28582763671875,False,14.73311161570339,41,0.00400390625
0001000101,3771,"[3, 1, 0, 2]",900,63.29941749572754,True,14.73311161570339,41,0.00400390625
0001000101,3772,"[3, 1, 2, 0]",9450,63.317298889160156,False,14.73311161570339,41,0.00400390625
0001000101,3773,"[3, 1, 0, 2]",900,63.330650329589844,True,14.73311161570339,41,0.00400390625
0001000101,3774,"[3, 1, 2, 0]",9450,63.34829330444336,False,14.73311161570339,41,0.00400390625
0001000101,3775,"[3, 1, 0, 2]",900,63.361406326293945,True,14.73311161570339,41,0.00400390625
0001000101,3776,"[3, 1, 2, 0]",9450,63.37904930114746,False,14.73311161570339,41,0.00400390625
0001000101,3777,"[3, 1, 0, 2]",900,63.39216232299805,True,14.73311161570339,41,0.00400390625
0001000101,3778,"[3, 1, 2, 0]",9450,63.40980529785156,False,14.73311161570339,41,0.00400390625
0001000101,3779,"[3, 1, 0, 2]",900,63.42315673828125,True,14.73311161570339,41,0.00400390625
0001000101,3780,"[3, 1, 2, 0]",9450,63.440799713134766,False,14.73311161570339,41,0.00400390625
0001000101,3781,"[3, 1, 0, 2]",900,63.454389572143555,True,14.73311161570339,41,0.00400390625
0001000101,3782,"[3, 1, 2, 0]",9450,63.47227096557617,False,14.73311161570339,41,0.00400390625
0001000101,3783,"[3, 1, 0, 2]",900,63.48562240600586,True,14.73311161570339,41,0.00400390625
0001000101,3784,"[3, 1, 2, 0]",9450,63.50350379943848,False,14.73311161570339,41,0.00400390625
0001000101,3785,"[3, 1, 0, 2]",900,63.516855239868164,True,14.73311161570339,41,0.00400390625
0001000101,3786,"[3, 1, 2, 0]",9450,63.53425979614258,False,14.73311161570339,41,0.00400390625
0001000101,3787,"[3, 1, 0, 2]",900,63.547372817993164,True,14.73311161570339,41,0.00400390625
0001000101,3788,"[3, 1, 2, 0]",9450,63.56501579284668,False,14.73311161570339,41,0.00400390625
0001000101,3789,"[3, 1, 0, 2]",900,63.578128814697266,True,14.73311161570339,41,0.00400390625
0001000101,3790,"[3, 1, 2, 0]",9450,63.59601020812988,False,14.73311161570339,41,0.00400390625
0001000101,3791,"[3, 1, 0, 2]",900,63.60936164855957,True,14.73311161570339,41,0.00400390625
0001000101,3792,"[3, 1, 2, 0]",9450,63.6289119720459,False,14.73311161570339,41,0.00400390625
0001000101,3793,"[3, 1, 0, 2]",900,63.642024993896484,True,14.73311161570339,41,0.00400390625
0001000101,3794,"[3, 1, 2, 0]",9450,63.65966796875,False,14.73311161570339,41,0.00400390625
0001000101,3795,"[3, 1, 0, 2]",900,63.672780990600586,True,14.73311161570339,41,0.00400390625
0001000101,3796,"[3, 1, 2, 0]",9450,63.6904239654541,False,14.73311161570339,41,0.00400390625
0001000101,3797,"[3, 1, 0, 2]",900,63.70353698730469,True,14.73311161570339,41,0.00400390625
0001000101,3798,"[3, 1, 2, 0]",9450,63.721418380737305,False,14.73311161570339,41,0.00400390625
0001000101,3799,"[3, 1, 0, 2]",900,63.735008239746094,True,14.73311161570339,41,0.00400390625
0001000101,3800,"[3, 1, 2, 0]",9450,63.75432014465332,False,14.73311161570339,41,0.00400390625
0001000101,3801,"[3, 1, 0, 2]",900,63.767433166503906,True,14.73311161570339,41,0.00400390625
0001000101,3802,"[3, 1, 2, 0]",9450,63.78531455993652,False,14.73311161570339,41,0.00400390625
0001000101,3803,"[3, 1, 0, 2]",900,63.79842758178711,True,14.73311161570339,41,0.00400390625
0001000101,3804,"[3, 1, 2, 0]",9450,63.816070556640625,False,14.73311161570339,41,0.00400390625
0001000101,3805,"[3, 1, 0, 2]",900,63.82942199707031,True,14.73311161570339,41,0.00400390625
0001000101,3806,"[3, 1, 2, 0]",9450,63.85087966918945,False,14.73311161570339,41,0.00400390625
0001000101,3807,"[3, 1, 0, 2]",900,63.86446952819824,True,14.73311161570339,41,0.00400390625
0001000101,3808,"[3, 1, 2, 0]",9450,63.88235092163086,False,14.73311161570339,41,0.00400390625
0001000101,3809,"[3, 1, 0, 2]",900,63.89594078063965,True,14.73311161570339,41,0.00400390625
0001000101,3810,"[3, 1, 2, 0]",9450,63.91334533691406,False,14.73311161570339,41,0.00400390625
0001000101,3811,"[3, 1, 0, 2]",900,63.927412033081055,True,14.73311161570339,41,0.00400390625
0001000101,3812,"[3, 1, 2, 0]",9450,63.94696235656738,False,14.73311161570339,41,0.00400390625
0001000101,3813,"[3, 1, 0, 2]",900,63.96055221557617,True,14.73311161570339,41,0.00400390625
0001000101,3814,"[3, 1, 2, 0]",9450,63.97819519042969,False,14.73311161570339,41,0.00400390625
0001000101,3815,"[3, 1, 0, 2]",900,63.99178504943848,True,14.73311161570339,41,0.00400390625
0001000101,3816,"[3, 1, 2, 0]",9450,64.00942802429199,False,14.73311161570339,41,0.00400390625
0001000101,3817,"[3, 1, 0, 2]",900,64.02277946472168,True,14.73311161570339,41,0.00400390625
0001000101,3818,"[3, 1, 2, 0]",9450,64.0404224395752,False,14.73311161570339,41,0.00400390625
0001000101,3819,"[3, 1, 0, 2]",900,64.05377388000488,True,14.73311161570339,41,0.00400390625
0001000101,3820,"[3, 1, 2, 0]",9450,64.0718936920166,False,14.73311161570339,41,0.00400390625
0001000101,3821,"[3, 1, 0, 2]",900,64.08548355102539,True,14.73311161570339,41,0.00400390625
0001000101,3822,"[3, 1, 2, 0]",9450,64.10336494445801,False,14.73311161570339,41,0.00400390625
0001000101,3823,"[3, 1, 0, 2]",900,64.1167163848877,True,14.73311161570339,41,0.00400390625
0001000101,3824,"[3, 1, 2, 0]",9450,64.13435935974121,False,14.73311161570339,41,0.00400390625
0001000101,3825,"[3, 1, 0, 2]",900,64.1477108001709,True,14.73311161570339,41,0.00400390625
0001000101,3826,"[3, 1, 2, 0]",9450,64.16535377502441,False,14.73311161570339,41,0.00400390625
0001000101,3827,"[3, 1, 0, 2]",900,64.1787052154541,True,14.73311161570339,41,0.00400390625
0001000101,3828,"[3, 1, 2, 0]",9450,64.19634819030762,False,14.73311161570339,41,0.00400390625
0001000101,3829,"[3, 1, 0, 2]",900,64.2094612121582,True,14.73311161570339,41,0.00400390625
0001000101,3830,"[3, 1, 2, 0]",9450,64.22734260559082,False,14.73311161570339,41,0.00400390625
0001000101,3831,"[3, 1, 0, 2]",900,64.2404556274414,True,14.73311161570339,41,0.00400390625
0001000101,3832,"[3, 1, 2, 0]",9450,64.25857543945312,False,14.73311161570339,41,0.00400390625
0001000101,3833,"[3, 1, 0, 2]",900,64.27192687988281,True,14.73311161570339,41,0.00400390625
0001000101,3834,"[3, 1, 2, 0]",9450,64.29123878479004,False,14.73311161570339,41,0.00400390625
0001000101,3835,"[3, 1, 0, 2]",900,64.30482864379883,True,14.73311161570339,41,0.00400390625
0001000101,3836,"[3, 1, 2, 0]",9450,64.32247161865234,False,14.73311161570339,41,0.00400390625
0001000101,3837,"[3, 1, 0, 2]",900,64.33606147766113,True,14.73311161570339,41,0.00400390625
0001000101,3838,"[3, 1, 2, 0]",9450,64.35370445251465,False,14.73311161570339,41,0.00400390625
0001000101,3839,"[3, 1, 0, 2]",900,64.36729431152344,True,14.73311161570339,41,0.00400390625
0001000101,3840,"[3, 1, 2, 0]",9450,64.38493728637695,False,14.73311161570339,41,0.00400390625
0001000101,3841,"[3, 1, 0, 2]",900,64.39852714538574,True,14.73311161570339,41,0.00400390625
0001000101,3842,"[3, 1, 2, 0]",9450,64.41640853881836,False,14.73311161570339,41,0.00400390625
0001000101,3843,"[3, 1, 0, 2]",900,64.42999839782715,True,14.73311161570339,41,0.00400390625
0010000111,3844,"[1, 3, 2, 0]",9450,64.44764137268066,False,18.25865282322108,41,0.00400390625
0010000111,3845,"[1, 0, 3, 2]",465,64.46194648742676,True,18.25865282322108,41,0.00400390625
0010000111,3846,"[1, 3, 2, 0]",9450,64.47958946228027,False,18.25865282322108,41,0.00400390625
0010000111,3847,"[1, 0, 3, 2]",465,64.49341773986816,True,18.25865282322108,41,0.00400390625
0010000111,3848,"[1, 3, 2, 0]",9450,64.51296806335449,False,18.25865282322108,41,0.00400390625
0010000111,3849,"[1, 0, 3, 2]",465,64.52703475952148,True,18.25865282322108,41,0.00400390625
0010000111,3850,"[1, 3, 2, 0]",9450,64.54610824584961,False,18.25865282322108,41,0.00400390625
0010000111,3851,"[1, 0, 3, 2]",465,64.5599365234375,True,18.25865282322108,41,0.00400390625
0010000111,3852,"[1, 3, 2, 0]",9450,64.57734107971191,False,18.25865282322108,41,0.00400390625
0010000111,3853,"[1, 0, 3, 2]",465,64.5909309387207,True,18.25865282322108,41,0.00400390625
0010000111,3854,"[1, 3, 2, 0]",9450,64.61024284362793,False,18.25865282322108,41,0.00400390625
0010000111,3855,"[1, 0, 3, 2]",465,64.62359428405762,True,18.25865282322108,41,0.00400390625
0010000111,3856,"[1, 3, 2, 0]",9450,64.64123725891113,False,18.25865282322108,41,0.00400390625
0010000111,3857,"[1, 0, 3, 2]",465,64.65458869934082,True,18.25865282322108,41,0.00400390625
0010000111,3858,"[1, 3, 2, 0]",9450,64.67199325561523,False,18.25865282322108,41,0.00400390625
0010000111,3859,"[1, 0, 3, 2]",465,64.68510627746582,True,18.25865282322108,41,0.00400390625
0010000111,3860,"[1, 3, 2, 0]",9450,64.70298767089844,False,18.25865282322108,41,0.00400390625
0010000111,3861,"[1, 0, 3, 2]",465,64.71633911132812,True,18.25865282322108,41,0.00400390625
0010000111,3862,"[1, 3, 2, 0]",9450,64.73374366760254,False,18.25865282322108,41,0.00400390625
0010000111,3863,"[1, 0, 3, 2]",465,64.74733352661133,True,18.25865282322108,41,0.00400390625
0010000111,3864,"[1, 3, 2, 0]",9450,64.76497650146484,False,18.25865282322108,41,0.00400390625
0010000111,3865,"[1, 0, 3, 2]",465,64.77880477905273,True,18.25865282322108,41,0.00400390625
0010000111,3866,"[1, 3, 2, 0]",9450,64.79597091674805,False,18.25865282322108,41,0.00400390625
0010000111,3867,"[1, 0, 3, 2]",465,64.80956077575684,True,18.25865282322108,41,0.00400390625
0010000111,3868,"[1, 3, 2, 0]",9450,64.82696533203125,False,18.25865282322108,41,0.00400390625
0010000111,3869,"[1, 0, 3, 2]",465,64.84007835388184,True,18.25865282322108,41,0.00400390625
0010000111,3870,"[1, 3, 2, 0]",9450,64.85724449157715,False,18.25865282322108,41,0.00400390625
0010000111,3871,"[1, 0, 3, 2]",465,64.87059593200684,True,18.25865282322108,41,0.00400390625
0010000111,3872,"[1, 3, 2, 0]",9450,64.88776206970215,False,18.25865282322108,41,0.00400390625
0010000111,3873,"[1, 0, 3, 2]",465,64.90111351013184,True,18.25865282322108,41,0.00400390625
0010000111,3874,"[1, 3, 2, 0]",9450,64.91875648498535,False,18.25865282322108,41,0.00400390625
0010000111,3875,"[1, 0, 3, 2]",465,64.93210792541504,True,18.25865282322108,41,0.00400390625
0010000111,3876,"[1, 3, 2, 0]",9450,64.95118141174316,False,18.25865282322108,41,0.00400390625
0010000111,3877,"[1, 0, 3, 2]",465,64.96429443359375,True,18.25865282322108,41,0.00400390625
0010000111,3878,"[1, 3, 2, 0]",9450,64.98169898986816,False,18.25865282322108,41,0.00400390625
0010000111,3879,"[1, 0, 3, 2]",465,64.99481201171875,True,18.25865282322108,41,0.00400390625
0010000111,3880,"[1, 3, 2, 0]",9450,65.01221656799316,False,18.25865282322108,41,0.00400390625
0010000111,3881,"[1, 0, 3, 2]",465,65.02485275268555,True,18.25865282322108,41,0.00400390625
0010000111,3882,"[1, 3, 2, 0]",9450,65.04201889038086,False,18.25865282322108,41,0.00400390625
0010000111,3883,"[1, 0, 3, 2]",465,65.05489349365234,True,18.25865282322108,41,0.00400390625
0010000111,3884,"[1, 3, 2, 0]",9450,65.07253646850586,False,18.25865282322108,41,0.00400390625
0010000111,3885,"[1, 0, 3, 2]",465,65.08564949035645,True,18.25865282322108,41,0.00400390625
0010000111,3886,"[1, 3, 2, 0]",9450,65.10305404663086,False,18.25865282322108,41,0.00400390625
0010000111,3887,"[1, 0, 3, 2]",465,65.11616706848145,True,18.25865282322108,41,0.00400390625
0010000111,3888,"[1, 3, 2, 0]",9450,65.13381004333496,False,18.25865282322108,41,0.00400390625
0010000111,3889,"[1, 0, 3, 2]",465,65.14716148376465,True,18.25865282322108,41,0.00400390625
0010000111,3890,"[1, 3, 2, 0]",9450,65.16456604003906,False,18.25865282322108,41,0.00400390625
0010000111,3891,"[1, 0, 3, 2]",465,65.17767906188965,True,18.25865282322108,41,0.00400390625
0010000111,3892,"[1, 3, 2, 0]",9450,65.19508361816406,False,18.25865282322108,41,0.00400390625
0010000111,3893,"[1, 0, 3, 2]",465,65.20867347717285,True,18.25865282322108,41,0.00400390625
0010000111,3894,"[1, 3, 2, 0]",9450,65.22607803344727,False,18.25865282322108,41,0.00400390625
0010000111,3895,"[1, 0, 3, 2]",465,65.23966789245605,True,18.25865282322108,41,0.00400390625
0010000111,3896,"[1, 3, 2, 0]",9450,65.25897979736328,False,18.25865282322108,41,0.00400390625
0010000111,3897,"[1, 0, 3, 2]",465,65.27233123779297,True,18.25865282322108,41,0.00400390625
0010000111,3898,"[1, 3, 2, 0]",9450,65.28973579406738,False,18.25865282322108,41,0.00400390625
0010000111,3899,"[1, 0, 3, 2]",465,65.30284881591797,True,18.25865282322108,41,0.00400390625
0010000111,3900,"[1, 3, 2, 0]",9450,65.32096862792969,False,18.25865282322108,41,0.00400390625
0010000111,3901,"[1, 0, 3, 2]",465,65.33384323120117,True,18.25865282322108,41,0.00400390625
0010000111,3902,"[1, 3, 2, 0]",9450,65.3536319732666,False,18.25865282322108,41,0.00400390625
0010000111,3903,"[1, 0, 3, 2]",465,65.36698341369629,True,18.25865282322108,41,0.00400390625
0010000111,3904,"[1, 3, 2, 0]",9450,65.3848648071289,False,18.25865282322108,41,0.00400390625
0010000111,3905,"[1, 0, 3, 2]",465,65.39797782897949,True,18.25865282322108,41,0.00400390625
0010000111,3906,"[1, 3, 2, 0]",9450,65.41562080383301,False,18.25865282322108,41,0.00400390625
0010000111,3907,"[1, 0, 3, 2]",465,65.4289722442627,True,18.25865282322108,41,0.00400390625
0010000111,3908,"[1, 3, 2, 0]",9450,65.44637680053711,False,18.25865282322108,41,0.00400390625
0010000111,3909,"[1, 0, 3, 2]",465,65.4592514038086,True,18.25865282322108,41,0.00400390625
0010000111,3910,"[1, 3, 2, 0]",9450,65.47665596008301,False,18.25865282322108,41,0.00400390625
0010000111,3911,"[1, 0, 3, 2]",465,65.4897689819336,True,18.25865282322108,41,0.00400390625
0010000111,3912,"[1, 3, 2, 0]",9450,65.50741195678711,False,18.25865282322108,41,0.00400390625
0010000111,3913,"[1, 0, 3, 2]",465,65.5207633972168,True,18.25865282322108,41,0.00400390625
0010000111,3914,"[1, 3, 2, 0]",9450,65.53816795349121,False,18.25865282322108,41,0.00400390625
0010000111,3915,"[1, 0, 3, 2]",465,65.5512809753418,True,18.25865282322108,41,0.00400390625
0010000111,3916,"[1, 3, 2, 0]",9450,65.56916236877441,False,18.25865282322108,41,0.00400390625
0010000111,3917,"[1, 0, 3, 2]",465,65.582275390625,True,18.25865282322108,41,0.00400390625
0010000111,3918,"[1, 3, 2, 0]",9450,65.60158729553223,False,18.25865282322108,41,0.00400390625
0010000111,3919,"[1, 0, 3, 2]",465,65.61493873596191,True,18.25865282322108,41,0.00400390625
0010000111,3920,"[1, 3, 2, 0]",9450,65.63234329223633,False,18.25865282322108,41,0.00400390625
0010000111,3921,"[1, 0, 3, 2]",465,65.64545631408691,True,18.25865282322108,41,0.00400390625
0010000111,3922,"[1, 3, 2, 0]",9450,65.66309928894043,False,18.25865282322108,41,0.00400390625
0010000111,3923,"[1, 0, 3, 2]",465,65.67621231079102,True,18.25865282322108,41,0.00400390625
0010000111,3924,"[1, 3, 2, 0]",9450,65.69361686706543,False,18.25865282322108,41,0.00400390625
0010000111,3925,"[1, 0, 3, 2]",465,65.70672988891602,True,18.25865282322108,41,0.00400390625
1011110111,3926,"[2, 1, 0, 3]",600,65.72461128234863,False,20.863678515162277,40,0.00390625
1011110111,3927,"[2, 1, 0, 3]",600,65.73820114135742,True,20.863678515162277,40,0.00390625
1011110111,3928,"[2, 1, 0, 3]",600,65.75560569763184,False,20.863678515162277,40,0.00390625
1011110111,3929,"[2, 1, 0, 3]",600,65.76895713806152,True,20.863678515162277,40,0.00390625
1011110111,3930,"[2, 1, 0, 3]",600,65.78636169433594,False,20.863678515162277,40,0.00390625
1011110111,3931,"[2, 1, 0, 3]",600,65.79947471618652,True,20.863678515162277,40,0.00390625
1011110111,3932,"[2, 1, 0, 3]",600,65.81735610961914,False,20.863678515162277,40,0.00390625
1011110111,3933,"[2, 1, 0, 3]",600,65.82999229431152,True,20.863678515162277,40,0.00390625
1011110111,3934,"[2, 1, 0, 3]",600,65.84763526916504,False,20.863678515162277,40,0.00390625
1011110111,3935,"[2, 1, 0, 3]",600,65.86050987243652,True,20.863678515162277,40,0.00390625
1011110111,3936,"[2, 1, 0, 3]",600,65.87791442871094,False,20.863678515162277,40,0.00390625
1011110111,3937,"[2, 1, 0, 3]",600,65.89126586914062,True,20.863678515162277,40,0.00390625
1011110111,3938,"[2, 1, 0, 3]",600,65.91033935546875,False,20.863678515162277,40,0.00390625
1011110111,3939,"[2, 1, 0, 3]",600,65.92345237731934,True,20.863678515162277,40,0.00390625
1011110111,3940,"[2, 1, 0, 3]",600,65.94109535217285,False,20.863678515162277,40,0.00390625
1011110111,3941,"[2, 1, 0, 3]",600,65.95444679260254,True,20.863678515162277,40,0.00390625
1011110111,3942,"[2, 1, 0, 3]",600,65.97185134887695,False,20.863678515162277,40,0.00390625
1011110111,3943,"[2, 1, 0, 3]",600,65.98496437072754,True,20.863678515162277,40,0.00390625
1011110111,3944,"[2, 1, 0, 3]",600,66.00213050842285,False,20.863678515162277,40,0.00390625
1011110111,3945,"[2, 1, 0, 3]",600,66.01548194885254,True,20.863678515162277,40,0.00390625
1011110111,3946,"[2, 1, 0, 3]",600,66.03312492370605,False,20.863678515162277,40,0.00390625
1011110111,3947,"[2, 1, 0, 3]",600,66.06841087341309,True,20.863678515162277,40,0.00390625
1011110111,3948,"[2, 1, 0, 3]",600,66.0865306854248,False,20.863678515162277,40,0.00390625
1011110111,3949,"[2, 1, 0, 3]",600,66.1008358001709,True,20.863678515162277,40,0.00390625
1011110111,3950,"[2, 1, 0, 3]",600,66.11919403076172,False,20.863678515162277,40,0.00390625
1011110111,3951,"[2, 1, 0, 3]",600,66.1323070526123,True,20.863678515162277,40,0.00390625
1011110111,3952,"[2, 1, 0, 3]",600,66.15352630615234,False,20.863678515162277,40,0.00390625
1011110111,3953,"[2, 1, 0, 3]",600,66.16711616516113,True,20.863678515162277,40,0.00390625
1011110111,3954,"[2, 1, 0, 3]",600,66.18475914001465,False,20.863678515162277,40,0.00390625
1011110111,3955,"[2, 1, 0, 3]",600,66.19834899902344,True,20.863678515162277,40,0.00390625
1011110111,3956,"[2, 1, 0, 3]",600,66.21599197387695,False,20.863678515162277,40,0.00390625
1011110111,3957,"[2, 1, 0, 3]",600,66.22958183288574,True,20.863678515162277,40,0.00390625
1011110111,3958,"[2, 1, 0, 3]",600,66.24770164489746,False,20.863678515162277,40,0.00390625
1011110111,3959,"[2, 1, 0, 3]",600,66.26057624816895,True,20.863678515162277,40,0.00390625
1011110111,3960,"[2, 1, 0, 3]",600,66.28179550170898,False,20.863678515162277,40,0.00390625
1011110111,3961,"[2, 1, 0, 3]",600,66.29514694213867,True,20.863678515162277,40,0.00390625
1011110111,3962,"[2, 1, 0, 3]",600,66.31278991699219,False,20.863678515162277,40,0.00390625
1011110111,3963,"[2, 1, 0, 3]",600,66.32614135742188,True,20.863678515162277,40,0.00390625
1011110111,3964,"[2, 1, 0, 3]",600,66.34378433227539,False,20.863678515162277,40,0.00390625
1011110111,3965,"[2, 1, 0, 3]",600,66.35713577270508,True,20.863678515162277,40,0.00390625
1011110111,3966,"[2, 1, 0, 3]",600,66.3747787475586,False,20.863678515162277,40,0.00390625
1011110111,3967,"[2, 1, 0, 3]",600,66.38789176940918,True,20.863678515162277,40,0.00390625
1011110111,3968,"[2, 1, 0, 3]",600,66.4052963256836,False,20.863678515162277,40,0.00390625
1011110111,3969,"[2, 1, 0, 3]",600,66.43438339233398,True,20.863678515162277,40,0.00390625
1011110111,3970,"[2, 1, 0, 3]",600,66.45321846008301,False,20.863678515162277,40,0.00390625
1011110111,3971,"[2, 1, 0, 3]",600,66.4668083190918,True,20.863678515162277,40,0.00390625
1011110111,3972,"[2, 1, 0, 3]",600,66.48516654968262,False,20.863678515162277,40,0.00390625
1011110111,3973,"[2, 1, 0, 3]",600,66.49923324584961,True,20.863678515162277,40,0.00390625
1011110111,3974,"[2, 1, 0, 3]",600,66.51759147644043,False,20.863678515162277,40,0.00390625
1011110111,3975,"[2, 1, 0, 3]",600,66.53165817260742,True,20.863678515162277,40,0.00390625
1011110111,3976,"[2, 1, 0, 3]",600,66.55025482177734,False,20.863678515162277,40,0.00390625
1011110111,3977,"[2, 1, 0, 3]",600,66.56408309936523,True,20.863678515162277,40,0.00390625
1011110111,3978,"[2, 1, 0, 3]",600,66.58244132995605,False,20.863678515162277,40,0.00390625
1011110111,3979,"[2, 1, 0, 3]",600,66.59650802612305,True,20.863678515162277,40,0.00390625
1011110111,3980,"[2, 1, 0, 3]",600,66.61725044250488,False,20.863678515162277,40,0.00390625
1011110111,3981,"[2, 1, 0, 3]",600,66.63131713867188,True,20.863678515162277,40,0.00390625
1011110111,3982,"[2, 1, 0, 3]",600,66.6494369506836,False,20.863678515162277,40,0.00390625
1011110111,3983,"[2, 1, 0, 3]",600,66.66326522827148,True,20.863678515162277,40,0.00390625
1011110111,3984,"[2, 1, 0, 3]",600,66.6818618774414,False,20.863678515162277,40,0.00390625
1011110111,3985,"[2, 1, 0, 3]",600,66.6956901550293,True,20.863678515162277,40,0.00390625
1011110111,3986,"[2, 1, 0, 3]",600,66.71404838562012,False,20.863678515162277,40,0.00390625
1011110111,3987,"[2, 1, 0, 3]",600,66.72787666320801,True,20.863678515162277,40,0.00390625
1011110111,3988,"[2, 1, 0, 3]",600,66.74647331237793,False,20.863678515162277,40,0.00390625
1011110111,3989,"[2, 1, 0, 3]",600,66.76006317138672,True,20.863678515162277,40,0.00390625
1011110111,3990,"[2, 1, 0, 3]",600,66.77889823913574,False,20.863678515162277,40,0.00390625
1011110111,3991,"[2, 1, 0, 3]",600,66.79224967956543,True,20.863678515162277,40,0.00390625
1011110111,3992,"[2, 1, 0, 3]",600,66.82062149047852,False,20.863678515162277,40,0.00390625
1011110111,3993,"[2, 1, 0, 3]",600,66.8332576751709,True,20.863678515162277,40,0.00390625
1011110111,3994,"[2, 1, 0, 3]",600,66.85090065002441,False,20.863678515162277,40,0.00390625
1011110111,3995,"[2, 1, 0, 3]",600,66.864013671875,True,20.863678515162277,40,0.00390625
1011110111,3996,"[2, 1, 0, 3]",600,66.88165664672852,False,20.863678515162277,40,0.00390625
1011110111,3997,"[2, 1, 0, 3]",600,66.8942928314209,True,20.863678515162277,40,0.00390625
1011110111,3998,"[2, 1, 0, 3]",600,66.91193580627441,False,20.863678515162277,40,0.00390625
1011110111,3999,"[2, 1, 0, 3]",600,66.925048828125,True,20.863678515162277,40,0.00390625
1011110111,4000,"[2, 1, 0, 3]",600,66.94459915161133,False,20.863678515162277,40,0.00390625
1011110111,4001,"[2, 1, 0, 3]",600,66.95818901062012,True,20.863678515162277,40,0.00390625
1011110111,4002,"[2, 1, 0, 3]",600,66.97773933410645,False,20.863678515162277,40,0.00390625
1011110111,4003,"[2, 1, 0, 3]",600,66.99132919311523,True,20.863678515162277,40,0.00390625
1011110111,4004,"[2, 1, 0, 3]",600,67.00897216796875,False,20.863678515162277,40,0.00390625
1011110111,4005,"[2, 1, 0, 3]",600,67.02232360839844,True,20.863678515162277,40,0.00390625
0111100011,4006,"[1, 2, 0, 3]",600,67.03996658325195,False,9.565077850771768,39,0.00380859375
0111100011,4007,"[1, 0, 2, 3]",315,67.05403327941895,True,9.565077850771768,39,0.00380859375
0111100011,4008,"[1, 2, 0, 3]",600,67.07167625427246,False,9.565077850771768,39,0.00380859375
0111100011,4009,"[1, 0, 2, 3]",315,67.08526611328125,True,9.565077850771768,39,0.00380859375
0111100011,4010,"[1, 2, 0, 3]",600,67.10267066955566,False,9.565077850771768,39,0.00380859375
0111100011,4011,"[1, 0, 2, 3]",315,67.11626052856445,True,9.565077850771768,39,0.00380859375
0111100011,4012,"[1, 2, 0, 3]",600,67.13414192199707,False,9.565077850771768,39,0.00380859375
0111100011,4013,"[1, 0, 2, 3]",315,67.14773178100586,True,9.565077850771768,39,0.00380859375
0111100011,4014,"[1, 2, 0, 3]",600,67.16537475585938,False,9.565077850771768,39,0.00380859375
0111100011,4015,"[1, 0, 2, 3]",315,67.17896461486816,True,9.565077850771768,39,0.00380859375
0111100011,4016,"[1, 2, 0, 3]",600,67.19827651977539,False,9.565077850771768,39,0.00380859375
0111100011,4017,"[1, 0, 2, 3]",315,67.21162796020508,True,9.565077850771768,39,0.00380859375
0111100011,4018,"[1, 2, 0, 3]",600,67.2292709350586,False,9.565077850771768,39,0.00380859375
0111100011,4019,"[1, 0, 2, 3]",315,67.24238395690918,True,9.565077850771768,39,0.00380859375
0111100011,4020,"[1, 2, 0, 3]",600,67.2597885131836,False,9.565077850771768,39,0.00380859375
0111100011,4021,"[1, 0, 2, 3]",315,67.27313995361328,True,9.565077850771768,39,0.00380859375
0111100011,4022,"[1, 2, 0, 3]",600,67.2922134399414,False,9.565077850771768,39,0.00380859375
0111100011,4023,"[1, 0, 2, 3]",315,67.3055648803711,True,9.565077850771768,39,0.00380859375
0111100011,4024,"[1, 2, 0, 3]",600,67.32296943664551,False,9.565077850771768,39,0.00380859375
0111100011,4025,"[1, 0, 2, 3]",315,67.3363208770752,True,9.565077850771768,39,0.00380859375
0111100011,4026,"[1, 2, 0, 3]",600,67.35372543334961,False,9.565077850771768,39,0.00380859375
0111100011,4027,"[1, 0, 2, 3]",315,67.3668384552002,True,9.565077850771768,39,0.00380859375
0111100011,4028,"[1, 2, 0, 3]",600,67.38448143005371,False,9.565077850771768,39,0.00380859375
0111100011,4029,"[1, 0, 2, 3]",315,67.413330078125,True,9.565077850771768,39,0.00380859375
0111100011,4030,"[1, 2, 0, 3]",600,67.43192672729492,False,9.565077850771768,39,0.00380859375
0111100011,4031,"[1, 0, 2, 3]",315,67.44599342346191,True,9.565077850771768,39,0.00380859375
0111100011,4032,"[1, 2, 0, 3]",600,67.46411323547363,False,9.565077850771768,39,0.00380859375
0111100011,4033,"[1, 0, 2, 3]",315,67.47817993164062,True,9.565077850771768,39,0.00380859375
0111100011,4034,"[1, 2, 0, 3]",600,67.49653816223145,False,9.565077850771768,39,0.00380859375
0111100011,4035,"[1, 0, 2, 3]",315,67.51036643981934,True,9.565077850771768,39,0.00380859375
0111100011,4036,"[1, 2, 0, 3]",600,67.52896308898926,False,9.565077850771768,39,0.00380859375
0111100011,4037,"[1, 0, 2, 3]",315,67.54279136657715,True,9.565077850771768,39,0.00380859375
0111100011,4038,"[1, 2, 0, 3]",600,67.56091117858887,False,9.565077850771768,39,0.00380859375
0111100011,4039,"[1, 0, 2, 3]",315,67.57473945617676,True,9.565077850771768,39,0.00380859375
0111100011,4040,"[1, 2, 0, 3]",600,67.59285926818848,False,9.565077850771768,39,0.00380859375
0111100011,4041,"[1, 0, 2, 3]",315,67.60668754577637,True,9.565077850771768,39,0.00380859375
0111100011,4042,"[1, 2, 0, 3]",600,67.62480735778809,False,9.565077850771768,39,0.00380859375
0111100011,4043,"[1, 0, 2, 3]",315,67.64912605285645,True,9.565077850771768,39,0.00380859375
0111100011,4044,"[1, 2, 0, 3]",600,67.66867637634277,False,9.565077850771768,39,0.00380859375
0111100011,4045,"[1, 0, 2, 3]",315,67.68226623535156,True,9.565077850771768,39,0.00380859375
0111100011,4046,"[1, 2, 0, 3]",600,67.69990921020508,False,9.565077850771768,39,0.00380859375
0111100011,4047,"[1, 0, 2, 3]",315,67.71302223205566,True,9.565077850771768,39,0.00380859375
0111100011,4048,"[1, 2, 0, 3]",600,67.73066520690918,False,9.565077850771768,39,0.00380859375
0111100011,4049,"[1, 0, 2, 3]",315,67.74401664733887,True,9.565077850771768,39,0.00380859375
0111100011,4050,"[1, 2, 0, 3]",600,67.76165962219238,False,9.565077850771768,39,0.00380859375
0111100011,4051,"[1, 0, 2, 3]",315,67.77524948120117,True,9.565077850771768,39,0.00380859375
0111100011,4052,"[1, 2, 0, 3]",600,67.7945613861084,False,9.565077850771768,39,0.00380859375
0111100011,4053,"[1, 0, 2, 3]",315,67.80767440795898,True,9.565077850771768,39,0.00380859375
0111100011,4054,"[1, 2, 0, 3]",600,67.8253173828125,False,9.565077850771768,39,0.00380859375
0111100011,4055,"[1, 0, 2, 3]",315,67.83843040466309,True,9.565077850771768,39,0.00380859375
0111100011,4056,"[1, 2, 0, 3]",600,67.85964965820312,False,9.565077850771768,39,0.00380859375
0111100011,4057,"[1, 0, 2, 3]",315,67.87300109863281,True,9.565077850771768,39,0.00380859375
0111100011,4058,"[1, 2, 0, 3]",600,67.89088249206543,False,9.565077850771768,39,0.00380859375
0111100011,4059,"[1, 0, 2, 3]",315,67.90423393249512,True,9.565077850771768,39,0.00380859375
0111100011,4060,"[1, 2, 0, 3]",600,67.92187690734863,False,9.565077850771768,39,0.00380859375
0111100011,4061,"[1, 0, 2, 3]",315,67.93522834777832,True,9.565077850771768,39,0.00380859375
0111100011,4062,"[1, 2, 0, 3]",600,67.95263290405273,False,9.565077850771768,39,0.00380859375
0111100011,4063,"[1, 0, 2, 3]",315,67.96622276306152,True,9.565077850771768,39,0.00380859375
0111100011,4064,"[1, 2, 0, 3]",600,67.98577308654785,False,9.565077850771768,39,0.00380859375
0111100011,4065,"[1, 0, 2, 3]",315,67.99912452697754,True,9.565077850771768,39,0.00380859375
0111100011,4066,"[1, 2, 0, 3]",600,68.01652908325195,False,9.565077850771768,39,0.00380859375
0111100011,4067,"[1, 0, 2, 3]",315,68.02964210510254,True,9.565077850771768,39,0.00380859375
0111100011,4068,"[1, 2, 0, 3]",600,68.04728507995605,False,9.565077850771768,39,0.00380859375
0111100011,4069,"[1, 0, 2, 3]",315,68.06039810180664,True,9.565077850771768,39,0.00380859375
0111100011,4070,"[1, 2, 0, 3]",600,68.07851791381836,False,9.565077850771768,39,0.00380859375
0111100011,4071,"[1, 0, 2, 3]",315,68.09163093566895,True,9.565077850771768,39,0.00380859375
0111100011,4072,"[1, 2, 0, 3]",600,68.10951232910156,False,9.565077850771768,39,0.00380859375
0111100011,4073,"[1, 0, 2, 3]",315,68.12262535095215,True,9.565077850771768,39,0.00380859375
0111100011,4074,"[1, 2, 0, 3]",600,68.14026832580566,False,9.565077850771768,39,0.00380859375
0111100011,4075,"[1, 0, 2, 3]",315,68.15314292907715,True,9.565077850771768,39,0.00380859375
0111100011,4076,"[1, 2, 0, 3]",600,68.17102432250977,False,9.565077850771768,39,0.00380859375
0111100011,4077,"[1, 0, 2, 3]",315,68.18366050720215,True,9.565077850771768,39,0.00380859375
0111100011,4078,"[1, 2, 0, 3]",600,68.20130348205566,False,9.565077850771768,39,0.00380859375
0111100011,4079,"[1, 0, 2, 3]",315,68.21441650390625,True,9.565077850771768,39,0.00380859375
0111100011,4080,"[1, 2, 0, 3]",600,68.23182106018066,False,9.565077850771768,39,0.00380859375
0111100011,4081,"[1, 0, 2, 3]",315,68.24493408203125,True,9.565077850771768,39,0.00380859375
0111100011,4082,"[1, 2, 0, 3]",600,68.26233863830566,False,9.565077850771768,39,0.00380859375
0111100011,4083,"[1, 0, 2, 3]",315,68.27545166015625,True,9.565077850771768,39,0.00380859375
0110000111,4084,"[1, 3, 0, 2]",900,68.29309463500977,False,12.212895332660406,39,0.00380859375
0110000111,4085,"[1, 0, 3, 2]",465,68.30596923828125,True,12.212895332660406,39,0.00380859375
0110000111,4086,"[1, 3, 0, 2]",900,68.32504272460938,False,12.212895332660406,39,0.00380859375
0110000111,4087,"[1, 0, 3, 2]",465,68.33815574645996,True,12.212895332660406,39,0.00380859375
0110000111,4088,"[1, 3, 0, 2]",900,68.35579872131348,False,12.212895332660406,39,0.00380859375
0110000111,4089,"[1, 0, 3, 2]",465,68.36915016174316,True,12.212895332660406,39,0.00380859375
0110000111,4090,"[1, 3, 0, 2]",900,68.38679313659668,False,12.212895332660406,39,0.00380859375
0110000111,4091,"[1, 0, 3, 2]",465,68.40038299560547,True,12.212895332660406,39,0.00380859375
0110000111,4092,"[1, 3, 0, 2]",900,68.41778755187988,False,12.212895332660406,39,0.00380859375
0110000111,4093,"[1, 0, 3, 2]",465,68.43137741088867,True,12.212895332660406,39,0.00380859375
0110000111,4094,"[1, 3, 0, 2]",900,68.44878196716309,False,12.212895332660406,39,0.00380859375
0110000111,4095,"[1, 0, 3, 2]",465,68.46189498901367,True,12.212895332660406,39,0.00380859375
0110000111,4096,"[1, 3, 0, 2]",900,68.47929954528809,False,12.212895332660406,39,0.00380859375
0110000111,4097,"[1, 0, 3, 2]",465,68.49265098571777,True,12.212895332660406,39,0.00380859375
0110000111,4098,"[1, 3, 0, 2]",900,68.51005554199219,False,12.212895332660406,39,0.00380859375
0110000111,4099,"[1, 0, 3, 2]",465,68.52293014526367,True,12.212895332660406,39,0.00380859375
0110000111,4100,"[1, 3, 0, 2]",900,68.54081153869629,False,12.212895332660406,39,0.00380859375
0110000111,4101,"[1, 0, 3, 2]",465,68.55463981628418,True,12.212895332660406,39,0.00380859375
0110000111,4102,"[1, 3, 0, 2]",900,68.57419013977051,False,12.212895332660406,39,0.00380859375
0110000111,4103,"[1, 0, 3, 2]",465,68.58706474304199,True,12.212895332660406,39,0.00380859375
0110000111,4104,"[1, 3, 0, 2]",900,68.60518455505371,False,12.212895332660406,39,0.00380859375
0110000111,4105,"[1, 0, 3, 2]",465,68.6180591583252,True,12.212895332660406,39,0.00380859375
0110000111,4106,"[1, 3, 0, 2]",900,68.63737106323242,False,12.212895332660406,39,0.00380859375
0110000111,4107,"[1, 0, 3, 2]",465,68.65072250366211,True,12.212895332660406,39,0.00380859375
0110000111,4108,"[1, 3, 0, 2]",900,68.66836547851562,False,12.212895332660406,39,0.00380859375
0110000111,4109,"[1, 0, 3, 2]",465,68.68147850036621,True,12.212895332660406,39,0.00380859375
0110000111,4110,"[1, 3, 0, 2]",900,68.69912147521973,False,12.212895332660406,39,0.00380859375
0110000111,4111,"[1, 0, 3, 2]",465,68.71199607849121,True,12.212895332660406,39,0.00380859375
0110000111,4112,"[1, 3, 0, 2]",900,68.72987747192383,False,12.212895332660406,39,0.00380859375
0110000111,4113,"[1, 0, 3, 2]",465,68.74275207519531,True,12.212895332660406,39,0.00380859375
0110000111,4114,"[1, 3, 0, 2]",900,68.76015663146973,False,12.212895332660406,39,0.00380859375
0110000111,4115,"[1, 0, 3, 2]",465,68.77326965332031,True,12.212895332660406,39,0.00380859375
0110000111,4116,"[1, 3, 0, 2]",900,68.79091262817383,False,12.212895332660406,39,0.00380859375
0110000111,4117,"[1, 0, 3, 2]",465,68.80426406860352,True,12.212895332660406,39,0.00380859375
0110000111,4118,"[1, 3, 0, 2]",900,68.82190704345703,False,12.212895332660406,39,0.00380859375
0110000111,4119,"[1, 0, 3, 2]",465,68.83502006530762,True,12.212895332660406,39,0.00380859375
0110000111,4120,"[1, 3, 0, 2]",900,68.85266304016113,False,12.212895332660406,39,0.00380859375
0110000111,4121,"[1, 0, 3, 2]",465,68.86577606201172,True,12.212895332660406,39,0.00380859375
0110000111,4122,"[1, 3, 0, 2]",900,68.88341903686523,False,12.212895332660406,39,0.00380859375
0110000111,4123,"[1, 0, 3, 2]",465,68.89653205871582,True,12.212895332660406,39,0.00380859375
0110000111,4124,"[1, 3, 0, 2]",900,68.91417503356934,False,12.212895332660406,39,0.00380859375
0110000111,4125,"[1, 0, 3, 2]",465,68.92728805541992,True,12.212895332660406,39,0.00380859375
0110000111,4126,"[1, 3, 0, 2]",900,68.94469261169434,False,12.212895332660406,39,0.00380859375
0110000111,4127,"[1, 0, 3, 2]",465,68.95804405212402,True,12.212895332660406,39,0.00380859375
0110000111,4128,"[1, 3, 0, 2]",900,68.97735595703125,False,12.212895332660406,39,0.00380859375
0110000111,4129,"[1, 0, 3, 2]",465,68.99070739746094,True,12.212895332660406,39,0.00380859375
0110000111,4130,"[1, 3, 0, 2]",900,69.00858879089355,False,12.212895332660406,39,0.00380859375
0110000111,4131,"[1, 0, 3, 2]",465,69.02170181274414,True,12.212895332660406,39,0.00380859375
0110000111,4132,"[1, 3, 0, 2]",900,69.03958320617676,False,12.212895332660406,39,0.00380859375
0110000111,4133,"[1, 0, 3, 2]",465,69.05269622802734,True,12.212895332660406,39,0.00380859375
0110000111,4134,"[1, 3, 0, 2]",900,69.07057762145996,False,12.212895332660406,39,0.00380859375
0110000111,4135,"[1, 0, 3, 2]",465,69.08345222473145,True,12.212895332660406,39,0.00380859375
0110000111,4136,"[1, 3, 0, 2]",900,69.10133361816406,False,12.212895332660406,39,0.00380859375
0110000111,4137,"[1, 0, 3, 2]",465,69.11420822143555,True,12.212895332660406,39,0.00380859375
0110000111,4138,"[1, 3, 0, 2]",900,69.13185119628906,False,12.212895332660406,39,0.00380859375
0110000111,4139,"[1, 0, 3, 2]",465,69.14496421813965,True,12.212895332660406,39,0.00380859375
0110000111,4140,"[1, 3, 0, 2]",900,69.16236877441406,False,12.212895332660406,39,0.00380859375
0110000111,4141,"[1, 0, 3, 2]",465,69.17548179626465,True,12.212895332660406,39,0.00380859375
0110000111,4142,"[1, 3, 0, 2]",900,69.19288635253906,False,12.212895332660406,39,0.00380859375
0110000111,4143,"[1, 0, 3, 2]",465,69.20599937438965,True,12.212895332660406,39,0.00380859375
0110000111,4144,"[1, 3, 0, 2]",900,69.22364234924316,False,12.212895332660406,39,0.00380859375
0110000111,4145,"[1, 0, 3, 2]",465,69.23699378967285,True,12.212895332660406,39,0.00380859375
0110000111,4146,"[1, 3, 0, 2]",900,69.25487518310547,False,12.212895332660406,39,0.00380859375
0110000111,4147,"[1, 0, 3, 2]",465,69.26846504211426,True,12.212895332660406,39,0.00380859375
0110000111,4148,"[1, 3, 0, 2]",900,69.28777694702148,False,12.212895332660406,39,0.00380859375
0110000111,4149,"[1, 0, 3, 2]",465,69.30112838745117,True,12.212895332660406,39,0.00380859375
0110000111,4150,"[1, 3, 0, 2]",900,69.31853294372559,False,12.212895332660406,39,0.00380859375
0110000111,4151,"[1, 0, 3, 2]",465,69.33212280273438,True,12.212895332660406,39,0.00380859375
0110000111,4152,"[1, 3, 0, 2]",900,69.35000419616699,False,12.212895332660406,39,0.00380859375
0110000111,4153,"[1, 0, 3, 2]",465,69.36359405517578,True,12.212895332660406,39,0.00380859375
0110000111,4154,"[1, 3, 0, 2]",900,69.38385963439941,False,12.212895332660406,39,0.00380859375
0110000111,4155,"[1, 0, 3, 2]",465,69.3972110748291,True,12.212895332660406,39,0.00380859375
0110000111,4156,"[1, 3, 0, 2]",900,69.41509246826172,False,12.212895332660406,39,0.00380859375
0110000111,4157,"[1, 0, 3, 2]",465,69.4282054901123,True,12.212895332660406,39,0.00380859375
0110000111,4158,"[1, 3, 0, 2]",900,69.44584846496582,False,12.212895332660406,39,0.00380859375
0110000111,4159,"[1, 0, 3, 2]",465,69.4589614868164,True,12.212895332660406,39,0.00380859375
0110000111,4160,"[1, 3, 0, 2]",900,69.47660446166992,False,12.212895332660406,39,0.00380859375
0110000111,4161,"[1, 0, 3, 2]",465,69.4894790649414,True,12.212895332660406,39,0.00380859375
0111110110,4162,"[2, 1, 3, 0]",9300,69.50759887695312,False,30.726406043480253,39,0.00380859375
0111110110,4163,"[2, 1, 0, 3]",600,69.52142715454102,True,30.726406043480253,39,0.00380859375
0111110110,4164,"[2, 1, 3, 0]",9300,69.53907012939453,False,30.726406043480253,39,0.00380859375
0111110110,4165,"[2, 1, 0, 3]",600,69.55218315124512,True,30.726406043480253,39,0.00380859375
0111110110,4166,"[2, 1, 3, 0]",9300,69.57030296325684,False,30.726406043480253,39,0.00380859375
0111110110,4167,"[2, 1, 0, 3]",600,69.58389282226562,True,30.726406043480253,39,0.00380859375
0111110110,4168,"[2, 1, 3, 0]",9300,69.60177421569824,False,30.726406043480253,39,0.00380859375
0111110110,4169,"[2, 1, 0, 3]",600,69.61536407470703,True,30.726406043480253,39,0.00380859375
0111110110,4170,"[2, 1, 3, 0]",9300,69.63467597961426,False,30.726406043480253,39,0.00380859375
0111110110,4171,"[2, 1, 0, 3]",600,69.64826583862305,True,30.726406043480253,39,0.00380859375
0111110110,4172,"[2, 1, 3, 0]",9300,69.66567039489746,False,30.726406043480253,39,0.00380859375
0111110110,4173,"[2, 1, 0, 3]",600,69.67926025390625,True,30.726406043480253,39,0.00380859375
0111110110,4174,"[2, 1, 3, 0]",9300,69.69690322875977,False,30.726406043480253,39,0.00380859375
0111110110,4175,"[2, 1, 0, 3]",600,69.71025466918945,True,30.726406043480253,39,0.00380859375
0111110110,4176,"[2, 1, 3, 0]",9300,69.72765922546387,False,30.726406043480253,39,0.00380859375
0111110110,4177,"[2, 1, 0, 3]",600,69.74124908447266,True,30.726406043480253,39,0.00380859375
0111110110,4178,"[2, 1, 3, 0]",9300,69.75865364074707,False,30.726406043480253,39,0.00380859375
0111110110,4179,"[2, 1, 0, 3]",600,69.77272033691406,True,30.726406043480253,39,0.00380859375
0111110110,4180,"[2, 1, 3, 0]",9300,69.79012489318848,False,30.726406043480253,39,0.00380859375
0111110110,4181,"[2, 1, 0, 3]",600,69.80419158935547,True,30.726406043480253,39,0.00380859375
0111110110,4182,"[2, 1, 3, 0]",9300,69.82159614562988,False,30.726406043480253,39,0.00380859375
0111110110,4183,"[2, 1, 0, 3]",600,69.83518600463867,True,30.726406043480253,39,0.00380859375
0111110110,4184,"[2, 1, 3, 0]",9300,69.8542594909668,False,30.726406043480253,39,0.00380859375
0111110110,4185,"[2, 1, 0, 3]",600,69.86737251281738,True,30.726406043480253,39,0.00380859375
0111110110,4186,"[2, 1, 3, 0]",9300,69.88525390625,False,30.726406043480253,39,0.00380859375
0111110110,4187,"[2, 1, 0, 3]",600,69.89812850952148,True,30.726406043480253,39,0.00380859375
0111110110,4188,"[2, 1, 3, 0]",9300,69.915771484375,False,30.726406043480253,39,0.00380859375
0111110110,4189,"[2, 1, 0, 3]",600,69.92912292480469,True,30.726406043480253,39,0.00380859375
0111110110,4190,"[2, 1, 3, 0]",9300,69.94843482971191,False,30.726406043480253,39,0.00380859375
0111110110,4191,"[2, 1, 0, 3]",600,69.9615478515625,True,30.726406043480253,39,0.00380859375
0111110110,4192,"[2, 1, 3, 0]",9300,69.97919082641602,False,30.726406043480253,39,0.00380859375
0111110110,4193,"[2, 1, 0, 3]",600,69.9923038482666,True,30.726406043480253,39,0.00380859375
0111110110,4194,"[2, 1, 3, 0]",9300,70.00994682312012,False,30.726406043480253,39,0.00380859375
0111110110,4195,"[2, 1, 0, 3]",600,70.0232982635498,True,30.726406043480253,39,0.00380859375
0111110110,4196,"[2, 1, 3, 0]",9300,70.04094123840332,False,30.726406043480253,39,0.00380859375
0111110110,4197,"[2, 1, 0, 3]",600,70.0540542602539,True,30.726406043480253,39,0.00380859375
0111110110,4198,"[2, 1, 3, 0]",9300,70.07145881652832,False,30.726406043480253,39,0.00380859375
0111110110,4199,"[2, 1, 0, 3]",600,70.08504867553711,True,30.726406043480253,39,0.00380859375
0111110110,4200,"[2, 1, 3, 0]",9300,70.10269165039062,False,30.726406043480253,39,0.00380859375
0111110110,4201,"[2, 1, 0, 3]",600,70.11628150939941,True,30.726406043480253,39,0.00380859375
0111110110,4202,"[2, 1, 3, 0]",9300,70.13416290283203,False,30.726406043480253,39,0.00380859375
0111110110,4203,"[2, 1, 0, 3]",600,70.14799118041992,True,30.726406043480253,39,0.00380859375
0111110110,4204,"[2, 1, 3, 0]",9300,70.16754150390625,False,30.726406043480253,39,0.00380859375
0111110110,4205,"[2, 1, 0, 3]",600,70.18113136291504,True,30.726406043480253,39,0.00380859375
0111110110,4206,"[2, 1, 3, 0]",9300,70.19877433776855,False,30.726406043480253,39,0.00380859375
0111110110,4207,"[2, 1, 0, 3]",600,70.21260261535645,True,30.726406043480253,39,0.00380859375
0111110110,4208,"[2, 1, 3, 0]",9300,70.23024559020996,False,30.726406043480253,39,0.00380859375
0111110110,4209,"[2, 1, 0, 3]",600,70.24359703063965,True,30.726406043480253,39,0.00380859375
0111110110,4210,"[2, 1, 3, 0]",9300,70.26147842407227,False,30.726406043480253,39,0.00380859375
0111110110,4211,"[2, 1, 0, 3]",600,70.27482986450195,True,30.726406043480253,39,0.00380859375
0111110110,4212,"[2, 1, 3, 0]",9300,70.29414176940918,False,30.726406043480253,39,0.00380859375
0111110110,4213,"[2, 1, 0, 3]",600,70.30749320983887,True,30.726406043480253,39,0.00380859375
0111110110,4214,"[2, 1, 3, 0]",9300,70.32537460327148,False,30.726406043480253,39,0.00380859375
0111110110,4215,"[2, 1, 0, 3]",600,70.33848762512207,True,30.726406043480253,39,0.00380859375
0111110110,4216,"[2, 1, 3, 0]",9300,70.35660743713379,False,30.726406043480253,39,0.00380859375
0111110110,4217,"[2, 1, 0, 3]",600,70.36972045898438,True,30.726406043480253,39,0.00380859375
0111110110,4218,"[2, 1, 3, 0]",9300,70.38760185241699,False,30.726406043480253,39,0.00380859375
0111110110,4219,"[2, 1, 0, 3]",600,70.40095329284668,True,30.726406043480253,39,0.00380859375
0111110110,4220,"[2, 1, 3, 0]",9300,70.4183578491211,False,30.726406043480253,39,0.00380859375
0111110110,4221,"[2, 1, 0, 3]",600,70.43170928955078,True,30.726406043480253,39,0.00380859375
0111110110,4222,"[2, 1, 3, 0]",9300,70.4491138458252,False,30.726406043480253,39,0.00380859375
0111110110,4223,"[2, 1, 0, 3]",600,70.46246528625488,True,30.726406043480253,39,0.00380859375
0111110110,4224,"[2, 1, 3, 0]",9300,70.4801082611084,False,30.726406043480253,39,0.00380859375
0111110110,4225,"[2, 1, 0, 3]",600,70.49345970153809,True,30.726406043480253,39,0.00380859375
0111110110,4226,"[2, 1, 3, 0]",9300,70.5111026763916,False,30.726406043480253,39,0.00380859375
0111110110,4227,"[2, 1, 0, 3]",600,70.52397727966309,True,30.726406043480253,39,0.00380859375
0111110110,4228,"[2, 1, 3, 0]",9300,70.5416202545166,False,30.726406043480253,39,0.00380859375
0111110110,4229,"[2, 1, 0, 3]",600,70.55521011352539,True,30.726406043480253,39,0.00380859375
0111110110,4230,"[2, 1, 3, 0]",9300,70.57332992553711,False,30.726406043480253,39,0.00380859375
0111110110,4231,"[2, 1, 0, 3]",600,70.587158203125,True,30.726406043480253,39,0.00380859375
0111110110,4232,"[2, 1, 3, 0]",9300,70.60647010803223,False,30.726406043480253,39,0.00380859375
0111110110,4233,"[2, 1, 0, 3]",600,70.62005996704102,True,30.726406043480253,39,0.00380859375
0111110110,4234,"[2, 1, 3, 0]",9300,70.65176963806152,False,30.726406043480253,39,0.00380859375
0111110110,4235,"[2, 1, 0, 3]",600,70.66512107849121,True,30.726406043480253,39,0.00380859375
0111110110,4236,"[2, 1, 3, 0]",9300,70.68276405334473,False,30.726406043480253,39,0.00380859375
0111110110,4237,"[2, 1, 0, 3]",600,70.69611549377441,True,30.726406043480253,39,0.00380859375
0111110110,4238,"[2, 1, 3, 0]",9300,70.71375846862793,False,30.726406043480253,39,0.00380859375
0111110110,4239,"[2, 1, 0, 3]",600,70.72687149047852,True,30.726406043480253,39,0.00380859375
0010110111,4240,"[2, 1, 3, 0]",9300,70.74451446533203,False,15.343709070385508,39,0.00380859375
0010110111,4241,"[2, 1, 0, 3]",600,70.75762748718262,True,15.343709070385508,39,0.00380859375
0010110111,4242,"[2, 1, 3, 0]",9300,70.77527046203613,False,15.343709070385508,39,0.00380859375
0010110111,4243,"[2, 1, 0, 3]",600,70.78814506530762,True,15.343709070385508,39,0.00380859375
0010110111,4244,"[2, 1, 3, 0]",9300,70.80602645874023,False,15.343709070385508,39,0.00380859375
0010110111,4245,"[2, 1, 0, 3]",600,70.81890106201172,True,15.343709070385508,39,0.00380859375
0010110111,4246,"[2, 1, 3, 0]",9300,70.83654403686523,False,15.343709070385508,39,0.00380859375
0010110111,4247,"[2, 1, 0, 3]",600,70.84965705871582,True,15.343709070385508,39,0.00380859375
0010110111,4248,"[2, 1, 3, 0]",9300,70.86706161499023,False,15.343709070385508,39,0.00380859375
0010110111,4249,"[2, 1, 0, 3]",600,70.88017463684082,True,15.343709070385508,39,0.00380859375
0010110111,4250,"[2, 1, 3, 0]",9300,70.89781761169434,False,15.343709070385508,39,0.00380859375
0010110111,4251,"[2, 1, 0, 3]",600,70.91045379638672,True,15.343709070385508,39,0.00380859375
0010110111,4252,"[2, 1, 3, 0]",9300,70.93000411987305,False,15.343709070385508,39,0.00380859375
0010110111,4253,"[2, 1, 0, 3]",600,70.94335556030273,True,15.343709070385508,39,0.00380859375
0010110111,4254,"[2, 1, 3, 0]",9300,70.96290588378906,False,15.343709070385508,39,0.00380859375
0010110111,4255,"[2, 1, 0, 3]",600,70.97625732421875,True,15.343709070385508,39,0.00380859375
0010110111,4256,"[2, 1, 3, 0]",9300,70.99413871765137,False,15.343709070385508,39,0.00380859375
0010110111,4257,"[2, 1, 0, 3]",600,71.00725173950195,True,15.343709070385508,39,0.00380859375
0010110111,4258,"[2, 1, 3, 0]",9300,71.02513313293457,False,15.343709070385508,39,0.00380859375
0010110111,4259,"[2, 1, 0, 3]",600,71.03800773620605,True,15.343709070385508,39,0.00380859375
0010110111,4260,"[2, 1, 3, 0]",9300,71.05588912963867,False,15.343709070385508,39,0.00380859375
0010110111,4261,"[2, 1, 0, 3]",600,71.06876373291016,True,15.343709070385508,39,0.00380859375
0010110111,4262,"[2, 1, 3, 0]",9300,71.08640670776367,False,15.343709070385508,39,0.00380859375
0010110111,4263,"[2, 1, 0, 3]",600,71.09951972961426,True,15.343709070385508,39,0.00380859375
0010110111,4264,"[2, 1, 3, 0]",9300,71.11716270446777,False,15.343709070385508,39,0.00380859375
0010110111,4265,"[2, 1, 0, 3]",600,71.13003730773926,True,15.343709070385508,39,0.00380859375
0010110111,4266,"[2, 1, 3, 0]",9300,71.14744186401367,False,15.343709070385508,39,0.00380859375
0010110111,4267,"[2, 1, 0, 3]",600,71.16055488586426,True,15.343709070385508,39,0.00380859375
0010110111,4268,"[2, 1, 3, 0]",9300,71.17819786071777,False,15.343709070385508,39,0.00380859375
0010110111,4269,"[2, 1, 0, 3]",600,71.19083404541016,True,15.343709070385508,39,0.00380859375
0010110111,4270,"[2, 1, 3, 0]",9300,71.20895385742188,False,15.343709070385508,39,0.00380859375
0010110111,4271,"[2, 1, 0, 3]",600,71.22159004211426,True,15.343709070385508,39,0.00380859375
0010110111,4272,"[2, 1, 3, 0]",9300,71.23947143554688,False,15.343709070385508,39,0.00380859375
0010110111,4273,"[2, 1, 0, 3]",600,71.25258445739746,True,15.343709070385508,39,0.00380859375
0010110111,4274,"[2, 1, 3, 0]",9300,71.27189636230469,False,15.343709070385508,39,0.00380859375
0010110111,4275,"[2, 1, 0, 3]",600,71.28500938415527,True,15.343709070385508,39,0.00380859375
0010110111,4276,"[2, 1, 3, 0]",9300,71.30289077758789,False,15.343709070385508,39,0.00380859375
0010110111,4277,"[2, 1, 0, 3]",600,71.31576538085938,True,15.343709070385508,39,0.00380859375
0010110111,4278,"[2, 1, 3, 0]",9300,71.33316993713379,False,15.343709070385508,39,0.00380859375
0010110111,4279,"[2, 1, 0, 3]",600,71.34628295898438,True,15.343709070385508,39,0.00380859375
0010110111,4280,"[2, 1, 3, 0]",9300,71.36392593383789,False,15.343709070385508,39,0.00380859375
0010110111,4281,"[2, 1, 0, 3]",600,71.37680053710938,True,15.343709070385508,39,0.00380859375
0010110111,4282,"[2, 1, 3, 0]",9300,71.39444351196289,False,15.343709070385508,39,0.00380859375
0010110111,4283,"[2, 1, 0, 3]",600,71.40731811523438,True,15.343709070385508,39,0.00380859375
0010110111,4284,"[2, 1, 3, 0]",9300,71.42496109008789,False,15.343709070385508,39,0.00380859375
0010110111,4285,"[2, 1, 0, 3]",600,71.43807411193848,True,15.343709070385508,39,0.00380859375
0010110111,4286,"[2, 1, 3, 0]",9300,71.4559555053711,False,15.343709070385508,39,0.00380859375
0010110111,4287,"[2, 1, 0, 3]",600,71.46930694580078,True,15.343709070385508,39,0.00380859375
0010110111,4288,"[2, 1, 3, 0]",9300,71.4871883392334,False,15.343709070385508,39,0.00380859375
0010110111,4289,"[2, 1, 0, 3]",600,71.50053977966309,True,15.343709070385508,39,0.00380859375
0010110111,4290,"[2, 1, 3, 0]",9300,71.5184211730957,False,15.343709070385508,39,0.00380859375
0010110111,4291,"[2, 1, 0, 3]",600,71.53153419494629,True,15.343709070385508,39,0.00380859375
0010110111,4292,"[2, 1, 3, 0]",9300,71.5494155883789,False,15.343709070385508,39,0.00380859375
0010110111,4293,"[2, 1, 0, 3]",600,71.56205177307129,True,15.343709070385508,39,0.00380859375
0010110111,4294,"[2, 1, 3, 0]",9300,71.58017158508301,False,15.343709070385508,39,0.00380859375
0010110111,4295,"[2, 1, 0, 3]",600,71.61569595336914,True,15.343709070385508,39,0.00380859375
0010110111,4296,"[2, 1, 3, 0]",9300,71.63643836975098,False,15.343709070385508,39,0.00380859375
0010110111,4297,"[2, 1, 0, 3]",600,71.64978981018066,True,15.343709070385508,39,0.00380859375
0010110111,4298,"[2, 1, 3, 0]",9300,71.66767120361328,False,15.343709070385508,39,0.00380859375
0010110111,4299,"[2, 1, 0, 3]",600,71.68102264404297,True,15.343709070385508,39,0.00380859375
0010110111,4300,"[2, 1, 3, 0]",9300,71.69890403747559,False,15.343709070385508,39,0.00380859375
0010110111,4301,"[2, 1, 0, 3]",600,71.71201705932617,True,15.343709070385508,39,0.00380859375
0010110111,4302,"[2, 1, 3, 0]",9300,71.73037528991699,False,15.343709070385508,39,0.00380859375
0010110111,4303,"[2, 1, 0, 3]",600,71.74396514892578,True,15.343709070385508,39,0.00380859375
0010110111,4304,"[2, 1, 3, 0]",9300,71.76399230957031,False,15.343709070385508,39,0.00380859375
0010110111,4305,"[2, 1, 0, 3]",600,71.7771053314209,True,15.343709070385508,39,0.00380859375
0010110111,4306,"[2, 1, 3, 0]",9300,71.79522514343262,False,15.343709070385508,39,0.00380859375
0010110111,4307,"[2, 1, 0, 3]",600,71.8080997467041,True,15.343709070385508,39,0.00380859375
0010110111,4308,"[2, 1, 3, 0]",9300,71.82598114013672,False,15.343709070385508,39,0.00380859375
0010110111,4309,"[2, 1, 0, 3]",600,71.8390941619873,True,15.343709070385508,39,0.00380859375
0010110111,4310,"[2, 1, 3, 0]",9300,71.86055183410645,False,15.343709070385508,39,0.00380859375
0010110111,4311,"[2, 1, 0, 3]",600,71.87366485595703,True,15.343709070385508,39,0.00380859375
0010110111,4312,"[2, 1, 3, 0]",9300,71.89130783081055,False,15.343709070385508,39,0.00380859375
0010110111,4313,"[2, 1, 0, 3]",600,71.90418243408203,True,15.343709070385508,39,0.00380859375
0010110111,4314,"[2, 1, 3, 0]",9300,71.92206382751465,False,15.343709070385508,39,0.00380859375
0010110111,4315,"[2, 1, 0, 3]",600,71.93517684936523,True,15.343709070385508,39,0.00380859375
0010110111,4316,"[2, 1, 3, 0]",9300,71.95448875427246,False,15.343709070385508,39,0.00380859375
0010110111,4317,"[2, 1, 0, 3]",600,71.96784019470215,True,15.343709070385508,39,0.00380859375
0110100000,4318,"[2, 1, 0, 3]",600,71.98619842529297,False,19.136129710583916,38,0.0037109375
0110100000,4319,"[2, 1, 0, 3]",600,71.99954986572266,True,19.136129710583916,38,0.0037109375
0110100000,4320,"[2, 1, 0, 3]",600,72.01766967773438,False,19.136129710583916,38,0.0037109375
0110100000,4321,"[2, 1, 0, 3]",600,72.03078269958496,True,19.136129710583916,38,0.0037109375
0110100000,4322,"[2, 1, 0, 3]",600,72.04866409301758,False,19.136129710583916,38,0.0037109375
0110100000,4323,"[2, 1, 0, 3]",600,72.06177711486816,True,19.136129710583916,38,0.0037109375
0110100000,4324,"[2, 1, 0, 3]",600,72.07942008972168,False,19.136129710583916,38,0.0037109375
0110100000,4325,"[2, 1, 0, 3]",600,72.09253311157227,True,19.136129710583916,38,0.0037109375
0110100000,4326,"[2, 1, 0, 3]",600,72.11017608642578,False,19.136129710583916,38,0.0037109375
0110100000,4327,"[2, 1, 0, 3]",600,72.12328910827637,True,19.136129710583916,38,0.0037109375
0110100000,4328,"[2, 1, 0, 3]",600,72.14093208312988,False,19.136129710583916,38,0.0037109375
0110100000,4329,"[2, 1, 0, 3]",600,72.15404510498047,True,19.136129710583916,38,0.0037109375
0110100000,4330,"[2, 1, 0, 3]",600,72.17168807983398,False,19.136129710583916,38,0.0037109375
0110100000,4331,"[2, 1, 0, 3]",600,72.18480110168457,True,19.136129710583916,38,0.0037109375
0110100000,4332,"[2, 1, 0, 3]",600,72.20268249511719,False,19.136129710583916,38,0.0037109375
0110100000,4333,"[2, 1, 0, 3]",600,72.21555709838867,True,19.136129710583916,38,0.0037109375
0110100000,4334,"[2, 1, 0, 3]",600,72.23320007324219,False,19.136129710583916,38,0.0037109375
0110100000,4335,"[2, 1, 0, 3]",600,72.24607467651367,True,19.136129710583916,38,0.0037109375
0110100000,4336,"[2, 1, 0, 3]",600,72.26395606994629,False,19.136129710583916,38,0.0037109375
0110100000,4337,"[2, 1, 0, 3]",600,72.27683067321777,True,19.136129710583916,38,0.0037109375
0110100000,4338,"[2, 1, 0, 3]",600,72.2963809967041,False,19.136129710583916,38,0.0037109375
0110100000,4339,"[2, 1, 0, 3]",600,72.30925559997559,True,19.136129710583916,38,0.0037109375
0110100000,4340,"[2, 1, 0, 3]",600,72.3271369934082,False,19.136129710583916,38,0.0037109375
0110100000,4341,"[2, 1, 0, 3]",600,72.34025001525879,True,19.136129710583916,38,0.0037109375
0110100000,4342,"[2, 1, 0, 3]",600,72.3578929901123,False,19.136129710583916,38,0.0037109375
0110100000,4343,"[2, 1, 0, 3]",600,72.37076759338379,True,19.136129710583916,38,0.0037109375
0110100000,4344,"[2, 1, 0, 3]",600,72.3884105682373,False,19.136129710583916,38,0.0037109375
0110100000,4345,"[2, 1, 0, 3]",600,72.4020004272461,True,19.136129710583916,38,0.0037109375
0110100000,4346,"[2, 1, 0, 3]",600,72.41964340209961,False,19.136129710583916,38,0.0037109375
0110100000,4347,"[2, 1, 0, 3]",600,72.4334716796875,True,19.136129710583916,38,0.0037109375
0110100000,4348,"[2, 1, 0, 3]",600,72.45135307312012,False,19.136129710583916,38,0.0037109375
0110100000,4349,"[2, 1, 0, 3]",600,72.4649429321289,True,19.136129710583916,38,0.0037109375
0110100000,4350,"[2, 1, 0, 3]",600,72.48258590698242,False,19.136129710583916,38,0.0037109375
0110100000,4351,"[2, 1, 0, 3]",600,72.49593734741211,True,19.136129710583916,38,0.0037109375
0110100000,4352,"[2, 1, 0, 3]",600,72.51548767089844,False,19.136129710583916,38,0.0037109375
0110100000,4353,"[2, 1, 0, 3]",600,72.52907752990723,True,19.136129710583916,38,0.0037109375
0110100000,4354,"[2, 1, 0, 3]",600,72.54862785339355,False,19.136129710583916,38,0.0037109375
0110100000,4355,"[2, 1, 0, 3]",600,72.56150245666504,True,19.136129710583916,38,0.0037109375
0110100000,4356,"[2, 1, 0, 3]",600,72.57914543151855,False,19.136129710583916,38,0.0037109375
0110100000,4357,"[2, 1, 0, 3]",600,72.59249687194824,True,19.136129710583916,38,0.0037109375
0110100000,4358,"[2, 1, 0, 3]",600,72.61157035827637,False,19.136129710583916,38,0.0037109375
0110100000,4359,"[2, 1, 0, 3]",600,72.62492179870605,True,19.136129710583916,38,0.0037109375
0110100000,4360,"[2, 1, 0, 3]",600,72.64256477355957,False,19.136129710583916,38,0.0037109375
0110100000,4361,"[2, 1, 0, 3]",600,72.65543937683105,True,19.136129710583916,38,0.0037109375
0110100000,4362,"[2, 1, 0, 3]",600,72.67308235168457,False,19.136129710583916,38,0.0037109375
0110100000,4363,"[2, 1, 0, 3]",600,72.68619537353516,True,19.136129710583916,38,0.0037109375
0110100000,4364,"[2, 1, 0, 3]",600,72.70383834838867,False,19.136129710583916,38,0.0037109375
0110100000,4365,"[2, 1, 0, 3]",600,72.71671295166016,True,19.136129710583916,38,0.0037109375
0110100000,4366,"[2, 1, 0, 3]",600,72.73435592651367,False,19.136129710583916,38,0.0037109375
0110100000,4367,"[2, 1, 0, 3]",600,72.74723052978516,True,19.136129710583916,38,0.0037109375
0110100000,4368,"[2, 1, 0, 3]",600,72.76487350463867,False,19.136129710583916,38,0.0037109375
0110100000,4369,"[2, 1, 0, 3]",600,72.77822494506836,True,19.136129710583916,38,0.0037109375
0110100000,4370,"[2, 1, 0, 3]",600,72.79586791992188,False,19.136129710583916,38,0.0037109375
0110100000,4371,"[2, 1, 0, 3]",600,72.80898094177246,True,19.136129710583916,38,0.0037109375
0110100000,4372,"[2, 1, 0, 3]",600,72.82662391662598,False,19.136129710583916,38,0.0037109375
0110100000,4373,"[2, 1, 0, 3]",600,72.83949851989746,True,19.136129710583916,38,0.0037109375
0110100000,4374,"[2, 1, 0, 3]",600,72.85690307617188,False,19.136129710583916,38,0.0037109375
0110100000,4375,"[2, 1, 0, 3]",600,72.87049293518066,True,19.136129710583916,38,0.0037109375
0110100000,4376,"[2, 1, 0, 3]",600,72.88813591003418,False,19.136129710583916,38,0.0037109375
0110100000,4377,"[2, 1, 0, 3]",600,72.90172576904297,True,19.136129710583916,38,0.0037109375
0110100000,4378,"[2, 1, 0, 3]",600,72.91913032531738,False,19.136129710583916,38,0.0037109375
0110100000,4379,"[2, 1, 0, 3]",600,72.93248176574707,True,19.136129710583916,38,0.0037109375
0110100000,4380,"[2, 1, 0, 3]",600,72.9517936706543,False,19.136129710583916,38,0.0037109375
0110100000,4381,"[2, 1, 0, 3]",600,72.96514511108398,True,19.136129710583916,38,0.0037109375
0110100000,4382,"[2, 1, 0, 3]",600,72.9827880859375,False,19.136129710583916,38,0.0037109375
0110100000,4383,"[2, 1, 0, 3]",600,72.99566268920898,True,19.136129710583916,38,0.0037109375
0110100000,4384,"[2, 1, 0, 3]",600,73.0133056640625,False,19.136129710583916,38,0.0037109375
0110100000,4385,"[2, 1, 0, 3]",600,73.02618026733398,True,19.136129710583916,38,0.0037109375
0110100000,4386,"[2, 1, 0, 3]",600,73.0438232421875,False,19.136129710583916,38,0.0037109375
0110100000,4387,"[2, 1, 0, 3]",600,73.05669784545898,True,19.136129710583916,38,0.0037109375
0110100000,4388,"[2, 1, 0, 3]",600,73.0745792388916,False,19.136129710583916,38,0.0037109375
0110100000,4389,"[2, 1, 0, 3]",600,73.08721542358398,True,19.136129710583916,38,0.0037109375
0110100000,4390,"[2, 1, 0, 3]",600,73.1048583984375,False,19.136129710583916,38,0.0037109375
0110100000,4391,"[2, 1, 0, 3]",600,73.11725616455078,True,19.136129710583916,38,0.0037109375
0110100000,4392,"[2, 1, 0, 3]",600,73.1348991394043,False,19.136129710583916,38,0.0037109375
0110100000,4393,"[2, 1, 0, 3]",600,73.14777374267578,True,19.136129710583916,38,0.0037109375
0100101111,4394,"[3, 2, 0, 1]",6600,73.1651782989502,False,15.343709070385508,38,0.0037109375
0100101111,4395,"[3, 2, 0, 1]",6600,73.17829132080078,True,15.343709070385508,38,0.0037109375
0100101111,4396,"[3, 2, 0, 1]",6600,73.1959342956543,False,15.343709070385508,38,0.0037109375
0100101111,4397,"[3, 2, 0, 1]",6600,73.20880889892578,True,15.343709070385508,38,0.0037109375
0100101111,4398,"[3, 2, 0, 1]",6600,73.2264518737793,False,15.343709070385508,38,0.0037109375
0100101111,4399,"[3, 2, 0, 1]",6600,73.23980331420898,True,15.343709070385508,38,0.0037109375
0100101111,4400,"[3, 2, 0, 1]",6600,73.25911521911621,False,15.343709070385508,38,0.0037109375
0100101111,4401,"[3, 2, 0, 1]",6600,73.2724666595459,True,15.343709070385508,38,0.0037109375
0100101111,4402,"[3, 2, 0, 1]",6600,73.28987121582031,False,15.343709070385508,38,0.0037109375
0100101111,4403,"[3, 2, 0, 1]",6600,73.30322265625,True,15.343709070385508,38,0.0037109375
0100101111,4404,"[3, 2, 0, 1]",6600,73.32086563110352,False,15.343709070385508,38,0.0037109375
0100101111,4405,"[3, 2, 0, 1]",6600,73.3339786529541,True,15.343709070385508,38,0.0037109375
0100101111,4406,"[3, 2, 0, 1]",6600,73.35352897644043,False,15.343709070385508,38,0.0037109375
0100101111,4407,"[3, 2, 0, 1]",6600,73.36640357971191,True,15.343709070385508,38,0.0037109375
0100101111,4408,"[3, 2, 0, 1]",6600,73.38404655456543,False,15.343709070385508,38,0.0037109375
0100101111,4409,"[3, 2, 0, 1]",6600,73.39715957641602,True,15.343709070385508,38,0.0037109375
0100101111,4410,"[3, 2, 0, 1]",6600,73.41456413269043,False,15.343709070385508,38,0.0037109375
0100101111,4411,"[3, 2, 0, 1]",6600,73.42743873596191,True,15.343709070385508,38,0.0037109375
0100101111,4412,"[3, 2, 0, 1]",6600,73.44484329223633,False,15.343709070385508,38,0.0037109375
0100101111,4413,"[3, 2, 0, 1]",6600,73.45747947692871,True,15.343709070385508,38,0.0037109375
0100101111,4414,"[3, 2, 0, 1]",6600,73.47464561462402,False,15.343709070385508,38,0.0037109375
0100101111,4415,"[3, 2, 0, 1]",6600,73.48752021789551,True,15.343709070385508,38,0.0037109375
0100101111,4416,"[3, 2, 0, 1]",6600,73.50492477416992,False,15.343709070385508,38,0.0037109375
0100101111,4417,"[3, 2, 0, 1]",6600,73.5175609588623,True,15.343709070385508,38,0.0037109375
0100101111,4418,"[3, 2, 0, 1]",6600,73.53496551513672,False,15.343709070385508,38,0.0037109375
0100101111,4419,"[3, 2, 0, 1]",6600,73.54736328125,True,15.343709070385508,38,0.0037109375
0100101111,4420,"[3, 2, 0, 1]",6600,73.56524467468262,False,15.343709070385508,38,0.0037109375
0100101111,4421,"[3, 2, 0, 1]",6600,73.5781192779541,True,15.343709070385508,38,0.0037109375
0100101111,4422,"[3, 2, 0, 1]",6600,73.61221313476562,False,15.343709070385508,38,0.0037109375
0100101111,4423,"[3, 2, 0, 1]",6600,73.62532615661621,True,15.343709070385508,38,0.0037109375
0100101111,4424,"[3, 2, 0, 1]",6600,73.6536979675293,False,15.343709070385508,38,0.0037109375
0100101111,4425,"[3, 2, 0, 1]",6600,73.66704940795898,True,15.343709070385508,38,0.0037109375
0100101111,4426,"[3, 2, 0, 1]",6600,73.69518280029297,False,15.343709070385508,38,0.0037109375
0100101111,4427,"[3, 2, 0, 1]",6600,73.70853424072266,True,15.343709070385508,38,0.0037109375
0100101111,4428,"[3, 2, 0, 1]",6600,73.73642921447754,False,15.343709070385508,38,0.0037109375
0100101111,4429,"[3, 2, 0, 1]",6600,73.74978065490723,True,15.343709070385508,38,0.0037109375
0100101111,4430,"[3, 2, 0, 1]",6600,73.77791404724121,False,15.343709070385508,38,0.0037109375
0100101111,4431,"[3, 2, 0, 1]",6600,73.7907886505127,True,15.343709070385508,38,0.0037109375
0100101111,4432,"[3, 2, 0, 1]",6600,73.81868362426758,False,15.343709070385508,38,0.0037109375
0100101111,4433,"[3, 2, 0, 1]",6600,73.83179664611816,True,15.343709070385508,38,0.0037109375
0100101111,4434,"[3, 2, 0, 1]",6600,73.85945320129395,False,15.343709070385508,38,0.0037109375
0100101111,4435,"[3, 2, 0, 1]",6600,73.87280464172363,True,15.343709070385508,38,0.0037109375
0100101111,4436,"[3, 2, 0, 1]",6600,73.90093803405762,False,15.343709070385508,38,0.0037109375
0100101111,4437,"[3, 2, 0, 1]",6600,73.9140510559082,True,15.343709070385508,38,0.0037109375
0100101111,4438,"[3, 2, 0, 1]",6600,73.94194602966309,False,15.343709070385508,38,0.0037109375
0100101111,4439,"[3, 2, 0, 1]",6600,73.95529747009277,True,15.343709070385508,38,0.0037109375
0100101111,4440,"[3, 2, 0, 1]",6600,73.98319244384766,False,15.343709070385508,38,0.0037109375
0100101111,4441,"[3, 2, 0, 1]",6600,74.01156425476074,True,15.343709070385508,38,0.0037109375
0100101111,4442,"[3, 2, 0, 1]",6600,74.03326034545898,False,15.343709070385508,38,0.0037109375
0100101111,4443,"[3, 2, 0, 1]",6600,74.04637336730957,True,15.343709070385508,38,0.0037109375
0100101111,4444,"[3, 2, 0, 1]",6600,74.06401634216309,False,15.343709070385508,38,0.0037109375
0100101111,4445,"[3, 2, 0, 1]",6600,74.07689094543457,True,15.343709070385508,38,0.0037109375
0100101111,4446,"[3, 2, 0, 1]",6600,74.09453392028809,False,15.343709070385508,38,0.0037109375
0100101111,4447,"[3, 2, 0, 1]",6600,74.10740852355957,True,15.343709070385508,38,0.0037109375
0100101111,4448,"[3, 2, 0, 1]",6600,74.12481307983398,False,15.343709070385508,38,0.0037109375
0100101111,4449,"[3, 2, 0, 1]",6600,74.13744926452637,True,15.343709070385508,38,0.0037109375
0100101111,4450,"[3, 2, 0, 1]",6600,74.15485382080078,False,15.343709070385508,38,0.0037109375
0100101111,4451,"[3, 2, 0, 1]",6600,74.16772842407227,True,15.343709070385508,38,0.0037109375
0100101111,4452,"[3, 2, 0, 1]",6600,74.18513298034668,False,15.343709070385508,38,0.0037109375
0100101111,4453,"[3, 2, 0, 1]",6600,74.19824600219727,True,15.343709070385508,38,0.0037109375
0100101111,4454,"[3, 2, 0, 1]",6600,74.21636581420898,False,15.343709070385508,38,0.0037109375
0100101111,4455,"[3, 2, 0, 1]",6600,74.22971725463867,True,15.343709070385508,38,0.0037109375
0100101111,4456,"[3, 2, 0, 1]",6600,74.2497444152832,False,15.343709070385508,38,0.0037109375
0100101111,4457,"[3, 2, 0, 1]",6600,74.26238059997559,True,15.343709070385508,38,0.0037109375
0100101111,4458,"[3, 2, 0, 1]",6600,74.27978515625,False,15.343709070385508,38,0.0037109375
0100101111,4459,"[3, 2, 0, 1]",6600,74.29265975952148,True,15.343709070385508,38,0.0037109375
0100101111,4460,"[3, 2, 0, 1]",6600,74.3100643157959,False,15.343709070385508,38,0.0037109375
0100101111,4461,"[3, 2, 0, 1]",6600,74.32317733764648,True,15.343709070385508,38,0.0037109375
0100101111,4462,"[3, 2, 0, 1]",6600,74.3405818939209,False,15.343709070385508,38,0.0037109375
0100101111,4463,"[3, 2, 0, 1]",6600,74.35345649719238,True,15.343709070385508,38,0.0037109375
0100101111,4464,"[3, 2, 0, 1]",6600,74.37276840209961,False,15.343709070385508,38,0.0037109375
0100101111,4465,"[3, 2, 0, 1]",6600,74.3858814239502,True,15.343709070385508,38,0.0037109375
0100101111,4466,"[3, 2, 0, 1]",6600,74.40352439880371,False,15.343709070385508,38,0.0037109375
0100101111,4467,"[3, 2, 0, 1]",6600,74.4163990020752,True,15.343709070385508,38,0.0037109375
0100101111,4468,"[3, 2, 0, 1]",6600,74.43380355834961,False,15.343709070385508,38,0.0037109375
0100101111,4469,"[3, 2, 0, 1]",6600,74.44643974304199,True,15.343709070385508,38,0.0037109375
0000010100,4470,"[3, 2, 1, 0]",9600,74.46408271789551,False,17.718124370008205,38,0.0037109375
0000010100,4471,"[3, 2, 1, 0]",9600,74.47695732116699,True,17.718124370008205,38,0.0037109375
0000010100,4472,"[3, 2, 1, 0]",9600,74.49460029602051,False,17.718124370008205,38,0.0037109375
0000010100,4473,"[3, 2, 1, 0]",9600,74.50747489929199,True,17.718124370008205,38,0.0037109375
0000010100,4474,"[3, 2, 1, 0]",9600,74.5248794555664,False,17.718124370008205,38,0.0037109375
0000010100,4475,"[3, 2, 1, 0]",9600,74.53727722167969,True,17.718124370008205,38,0.0037109375
0000010100,4476,"[3, 2, 1, 0]",9600,74.5546817779541,False,17.718124370008205,38,0.0037109375
0000010100,4477,"[3, 2, 1, 0]",9600,74.56779479980469,True,17.718124370008205,38,0.0037109375
0000010100,4478,"[3, 2, 1, 0]",9600,74.5849609375,False,17.718124370008205,38,0.0037109375
0000010100,4479,"[3, 2, 1, 0]",9600,74.59831237792969,True,17.718124370008205,38,0.0037109375
0000010100,4480,"[3, 2, 1, 0]",9600,74.6159553527832,False,17.718124370008205,38,0.0037109375
0000010100,4481,"[3, 2, 1, 0]",9600,74.62906837463379,True,17.718124370008205,38,0.0037109375
0000010100,4482,"[3, 2, 1, 0]",9600,74.6464729309082,False,17.718124370008205,38,0.0037109375
0000010100,4483,"[3, 2, 1, 0]",9600,74.65982437133789,True,17.718124370008205,38,0.0037109375
0000010100,4484,"[3, 2, 1, 0]",9600,74.67889785766602,False,17.718124370008205,38,0.0037109375
0000010100,4485,"[3, 2, 1, 0]",9600,74.6917724609375,True,17.718124370008205,38,0.0037109375
0000010100,4486,"[3, 2, 1, 0]",9600,74.70917701721191,False,17.718124370008205,38,0.0037109375
0000010100,4487,"[3, 2, 1, 0]",9600,74.7218132019043,True,17.718124370008205,38,0.0037109375
0000010100,4488,"[3, 2, 1, 0]",9600,74.73945617675781,False,17.718124370008205,38,0.0037109375
0000010100,4489,"[3, 2, 1, 0]",9600,74.7520923614502,True,17.718124370008205,38,0.0037109375
0000010100,4490,"[3, 2, 1, 0]",9600,74.76997375488281,False,17.718124370008205,38,0.0037109375
0000010100,4491,"[3, 2, 1, 0]",9600,74.7828483581543,True,17.718124370008205,38,0.0037109375
0000010100,4492,"[3, 2, 1, 0]",9600,74.80049133300781,False,17.718124370008205,38,0.0037109375
0000010100,4493,"[3, 2, 1, 0]",9600,74.8131275177002,True,17.718124370008205,38,0.0037109375
0000010100,4494,"[3, 2, 1, 0]",9600,74.83053207397461,False,17.718124370008205,38,0.0037109375
0000010100,4495,"[3, 2, 1, 0]",9600,74.84292984008789,True,17.718124370008205,38,0.0037109375
0000010100,4496,"[3, 2, 1, 0]",9600,74.86081123352051,False,17.718124370008205,38,0.0037109375
0000010100,4497,"[3, 2, 1, 0]",9600,74.87320899963379,True,17.718124370008205,38,0.0037109375
0000010100,4498,"[3, 2, 1, 0]",9600,74.8906135559082,False,17.718124370008205,38,0.0037109375
0000010100,4499,"[3, 2, 1, 0]",9600,74.90324974060059,True,17.718124370008205,38,0.0037109375
0000010100,4500,"[3, 2, 1, 0]",9600,74.920654296875,False,17.718124370008205,38,0.0037109375
0000010100,4501,"[3, 2, 1, 0]",9600,74.93352890014648,True,17.718124370008205,38,0.0037109375
0000010100,4502,"[3, 2, 1, 0]",9600,74.9509334564209,False,17.718124370008205,38,0.0037109375
0000010100,4503,"[3, 2, 1, 0]",9600,74.96380805969238,True,17.718124370008205,38,0.0037109375
0000010100,4504,"[3, 2, 1, 0]",9600,74.98311996459961,False,17.718124370008205,38,0.0037109375
0000010100,4505,"[3, 2, 1, 0]",9600,74.9969482421875,True,17.718124370008205,38,0.0037109375
0000010100,4506,"[3, 2, 1, 0]",9600,75.01649856567383,False,17.718124370008205,38,0.0037109375
0000010100,4507,"[3, 2, 1, 0]",9600,75.02961158752441,True,17.718124370008205,38,0.0037109375
0000010100,4508,"[3, 2, 1, 0]",9600,75.04725456237793,False,17.718124370008205,38,0.0037109375
0000010100,4509,"[3, 2, 1, 0]",9600,75.06036758422852,True,17.718124370008205,38,0.0037109375
0000010100,4510,"[3, 2, 1, 0]",9600,75.07753372192383,False,17.718124370008205,38,0.0037109375
0000010100,4511,"[3, 2, 1, 0]",9600,75.09040832519531,True,17.718124370008205,38,0.0037109375
0000010100,4512,"[3, 2, 1, 0]",9600,75.10781288146973,False,17.718124370008205,38,0.0037109375
0000010100,4513,"[3, 2, 1, 0]",9600,75.12044906616211,True,17.718124370008205,38,0.0037109375
0000010100,4514,"[3, 2, 1, 0]",9600,75.13785362243652,False,17.718124370008205,38,0.0037109375
0000010100,4515,"[3, 2, 1, 0]",9600,75.15120506286621,True,17.718124370008205,38,0.0037109375
0000010100,4516,"[3, 2, 1, 0]",9600,75.16884803771973,False,17.718124370008205,38,0.0037109375
0000010100,4517,"[3, 2, 1, 0]",9600,75.18219947814941,True,17.718124370008205,38,0.0037109375
0000010100,4518,"[3, 2, 1, 0]",9600,75.19960403442383,False,17.718124370008205,38,0.0037109375
0000010100,4519,"[3, 2, 1, 0]",9600,75.21271705627441,True,17.718124370008205,38,0.0037109375
0000010100,4520,"[3, 2, 1, 0]",9600,75.23155212402344,False,17.718124370008205,38,0.0037109375
0000010100,4521,"[3, 2, 1, 0]",9600,75.24418830871582,True,17.718124370008205,38,0.0037109375
0000010100,4522,"[3, 2, 1, 0]",9600,75.26159286499023,False,17.718124370008205,38,0.0037109375
0000010100,4523,"[3, 2, 1, 0]",9600,75.27446746826172,True,17.718124370008205,38,0.0037109375
0000010100,4524,"[3, 2, 1, 0]",9600,75.29163360595703,False,17.718124370008205,38,0.0037109375
0000010100,4525,"[3, 2, 1, 0]",9600,75.30450820922852,True,17.718124370008205,38,0.0037109375
0000010100,4526,"[3, 2, 1, 0]",9600,75.32358169555664,False,17.718124370008205,38,0.0037109375
0000010100,4527,"[3, 2, 1, 0]",9600,75.33669471740723,True,17.718124370008205,38,0.0037109375
0000010100,4528,"[3, 2, 1, 0]",9600,75.35433769226074,False,17.718124370008205,38,0.0037109375
0000010100,4529,"[3, 2, 1, 0]",9600,75.36745071411133,True,17.718124370008205,38,0.0037109375
0000010100,4530,"[3, 2, 1, 0]",9600,75.38509368896484,False,17.718124370008205,38,0.0037109375
0000010100,4531,"[3, 2, 1, 0]",9600,75.39772987365723,True,17.718124370008205,38,0.0037109375
0000010100,4532,"[3, 2, 1, 0]",9600,75.41537284851074,False,17.718124370008205,38,0.0037109375
0000010100,4533,"[3, 2, 1, 0]",9600,75.42800903320312,True,17.718124370008205,38,0.0037109375
0000010100,4534,"[3, 2, 1, 0]",9600,75.44541358947754,False,17.718124370008205,38,0.0037109375
0000010100,4535,"[3, 2, 1, 0]",9600,75.45804977416992,True,17.718124370008205,38,0.0037109375
0000010100,4536,"[3, 2, 1, 0]",9600,75.47545433044434,False,17.718124370008205,38,0.0037109375
0000010100,4537,"[3, 2, 1, 0]",9600,75.48785209655762,True,17.718124370008205,38,0.0037109375
0000010100,4538,"[3, 2, 1, 0]",9600,75.50549507141113,False,17.718124370008205,38,0.0037109375
0000010100,4539,"[3, 2, 1, 0]",9600,75.51813125610352,True,17.718124370008205,38,0.0037109375
0000010100,4540,"[3, 2, 1, 0]",9600,75.53577423095703,False,17.718124370008205,38,0.0037109375
0000010100,4541,"[3, 2, 1, 0]",9600,75.54864883422852,True,17.718124370008205,38,0.0037109375
0000010100,4542,"[3, 2, 1, 0]",9600,75.56605339050293,False,17.718124370008205,38,0.0037109375
0000010100,4543,"[3, 2, 1, 0]",9600,75.57821273803711,True,17.718124370008205,38,0.0037109375
0000010100,4544,"[3, 2, 1, 0]",9600,75.59561729431152,False,17.718124370008205,38,0.0037109375
0000010100,4545,"[3, 2, 1, 0]",9600,75.6082534790039,True,17.718124370008205,38,0.0037109375
0111110011,4546,"[2, 1, 0, 3]",600,75.62589645385742,False,10.318016911728506,38,0.0037109375
0111110011,4547,"[2, 1, 0, 3]",600,75.63948631286621,True,10.318016911728506,38,0.0037109375
0111110011,4548,"[2, 1, 0, 3]",600,75.65879821777344,False,10.318016911728506,38,0.0037109375
0111110011,4549,"[2, 1, 0, 3]",600,75.67214965820312,True,10.318016911728506,38,0.0037109375
0111110011,4550,"[2, 1, 0, 3]",600,75.68979263305664,False,10.318016911728506,38,0.0037109375
0111110011,4551,"[2, 1, 0, 3]",600,75.70314407348633,True,10.318016911728506,38,0.0037109375
0111110011,4552,"[2, 1, 0, 3]",600,75.72102546691895,False,10.318016911728506,38,0.0037109375
0111110011,4553,"[2, 1, 0, 3]",600,75.73461532592773,True,10.318016911728506,38,0.0037109375
0111110011,4554,"[2, 1, 0, 3]",600,75.75225830078125,False,10.318016911728506,38,0.0037109375
0111110011,4555,"[2, 1, 0, 3]",600,75.76632499694824,True,10.318016911728506,38,0.0037109375
0111110011,4556,"[2, 1, 0, 3]",600,75.78587532043457,False,10.318016911728506,38,0.0037109375
0111110011,4557,"[2, 1, 0, 3]",600,75.79946517944336,True,10.318016911728506,38,0.0037109375
0111110011,4558,"[2, 1, 0, 3]",600,75.81710815429688,False,10.318016911728506,38,0.0037109375
0111110011,4559,"[2, 1, 0, 3]",600,75.83045959472656,True,10.318016911728506,38,0.0037109375
0111110011,4560,"[2, 1, 0, 3]",600,75.8516788482666,False,10.318016911728506,38,0.0037109375
0111110011,4561,"[2, 1, 0, 3]",600,75.86503028869629,True,10.318016911728506,38,0.0037109375
0111110011,4562,"[2, 1, 0, 3]",600,75.8829116821289,False,10.318016911728506,38,0.0037109375
0111110011,4563,"[2, 1, 0, 3]",600,75.8962631225586,True,10.318016911728506,38,0.0037109375
0111110011,4564,"[2, 1, 0, 3]",600,75.91414451599121,False,10.318016911728506,38,0.0037109375
0111110011,4565,"[2, 1, 0, 3]",600,75.9274959564209,True,10.318016911728506,38,0.0037109375
0111110011,4566,"[2, 1, 0, 3]",600,75.94537734985352,False,10.318016911728506,38,0.0037109375
0111110011,4567,"[2, 1, 0, 3]",600,75.9589672088623,True,10.318016911728506,38,0.0037109375
0111110011,4568,"[2, 1, 0, 3]",600,75.97851753234863,False,10.318016911728506,38,0.0037109375
0111110011,4569,"[2, 1, 0, 3]",600,75.99163055419922,True,10.318016911728506,38,0.0037109375
0111110011,4570,"[2, 1, 0, 3]",600,76.00927352905273,False,10.318016911728506,38,0.0037109375
0111110011,4571,"[2, 1, 0, 3]",600,76.02238655090332,True,10.318016911728506,38,0.0037109375
0111110011,4572,"[2, 1, 0, 3]",600,76.04002952575684,False,10.318016911728506,38,0.0037109375
0111110011,4573,"[2, 1, 0, 3]",600,76.05314254760742,True,10.318016911728506,38,0.0037109375
0111110011,4574,"[2, 1, 0, 3]",600,76.07078552246094,False,10.318016911728506,38,0.0037109375
0111110011,4575,"[2, 1, 0, 3]",600,76.08389854431152,True,10.318016911728506,38,0.0037109375
0111110011,4576,"[2, 1, 0, 3]",600,76.10154151916504,False,10.318016911728506,38,0.0037109375
0111110011,4577,"[2, 1, 0, 3]",600,76.11489295959473,True,10.318016911728506,38,0.0037109375
0111110011,4578,"[2, 1, 0, 3]",600,76.13229751586914,False,10.318016911728506,38,0.0037109375
0111110011,4579,"[2, 1, 0, 3]",600,76.14588737487793,True,10.318016911728506,38,0.0037109375
0111110011,4580,"[2, 1, 0, 3]",600,76.16353034973145,False,10.318016911728506,38,0.0037109375
0111110011,4581,"[2, 1, 0, 3]",600,76.17712020874023,True,10.318016911728506,38,0.0037109375
0111110011,4582,"[2, 1, 0, 3]",600,76.19476318359375,False,10.318016911728506,38,0.0037109375
0111110011,4583,"[2, 1, 0, 3]",600,76.20811462402344,True,10.318016911728506,38,0.0037109375
0111110011,4584,"[2, 1, 0, 3]",600,76.22575759887695,False,10.318016911728506,38,0.0037109375
0111110011,4585,"[2, 1, 0, 3]",600,76.23910903930664,True,10.318016911728506,38,0.0037109375
0111110011,4586,"[2, 1, 0, 3]",600,76.25675201416016,False,10.318016911728506,38,0.0037109375
0111110011,4587,"[2, 1, 0, 3]",600,76.27010345458984,True,10.318016911728506,38,0.0037109375
0111110011,4588,"[2, 1, 0, 3]",600,76.28774642944336,False,10.318016911728506,38,0.0037109375
0111110011,4589,"[2, 1, 0, 3]",600,76.30062103271484,True,10.318016911728506,38,0.0037109375
0111110011,4590,"[2, 1, 0, 3]",600,76.32017135620117,False,10.318016911728506,38,0.0037109375
0111110011,4591,"[2, 1, 0, 3]",600,76.33328437805176,True,10.318016911728506,38,0.0037109375
0111110011,4592,"[2, 1, 0, 3]",600,76.35116577148438,False,10.318016911728506,38,0.0037109375
0111110011,4593,"[2, 1, 0, 3]",600,76.36451721191406,True,10.318016911728506,38,0.0037109375
0111110011,4594,"[2, 1, 0, 3]",600,76.38239860534668,False,10.318016911728506,38,0.0037109375
0111110011,4595,"[2, 1, 0, 3]",600,76.39551162719727,True,10.318016911728506,38,0.0037109375
0111110011,4596,"[2, 1, 0, 3]",600,76.41339302062988,False,10.318016911728506,38,0.0037109375
0111110011,4597,"[2, 1, 0, 3]",600,76.42650604248047,True,10.318016911728506,38,0.0037109375
0111110011,4598,"[2, 1, 0, 3]",600,76.44391059875488,False,10.318016911728506,38,0.0037109375
0111110011,4599,"[2, 1, 0, 3]",600,76.45678520202637,True,10.318016911728506,38,0.0037109375
0111110011,4600,"[2, 1, 0, 3]",600,76.47490501403809,False,10.318016911728506,38,0.0037109375
0111110011,4601,"[2, 1, 0, 3]",600,76.48754119873047,True,10.318016911728506,38,0.0037109375
0111110011,4602,"[2, 1, 0, 3]",600,76.50542259216309,False,10.318016911728506,38,0.0037109375
0111110011,4603,"[2, 1, 0, 3]",600,76.51853561401367,True,10.318016911728506,38,0.0037109375
0111110011,4604,"[2, 1, 0, 3]",600,76.53617858886719,False,10.318016911728506,38,0.0037109375
0111110011,4605,"[2, 1, 0, 3]",600,76.54976844787598,True,10.318016911728506,38,0.0037109375
0111110011,4606,"[2, 1, 0, 3]",600,76.58600807189941,False,10.318016911728506,38,0.0037109375
0111110011,4607,"[2, 1, 0, 3]",600,76.6000747680664,True,10.318016911728506,38,0.0037109375
0111110011,4608,"[2, 1, 0, 3]",600,76.61867141723633,False,10.318016911728506,38,0.0037109375
0111110011,4609,"[2, 1, 0, 3]",600,76.63297653198242,True,10.318016911728506,38,0.0037109375
0111110011,4610,"[2, 1, 0, 3]",600,76.65395736694336,False,10.318016911728506,38,0.0037109375
0111110011,4611,"[2, 1, 0, 3]",600,76.66802406311035,True,10.318016911728506,38,0.0037109375
0111110011,4612,"[2, 1, 0, 3]",600,76.68638229370117,False,10.318016911728506,38,0.0037109375
0111110011,4613,"[2, 1, 0, 3]",600,76.70021057128906,True,10.318016911728506,38,0.0037109375
0111110011,4614,"[2, 1, 0, 3]",600,76.71856880187988,False,10.318016911728506,38,0.0037109375
0111110011,4615,"[2, 1, 0, 3]",600,76.73239707946777,True,10.318016911728506,38,0.0037109375
0111110011,4616,"[2, 1, 0, 3]",600,76.75051689147949,False,10.318016911728506,38,0.0037109375
0111110011,4617,"[2, 1, 0, 3]",600,76.76434516906738,True,10.318016911728506,38,0.0037109375
0111110011,4618,"[2, 1, 0, 3]",600,76.7824649810791,False,10.318016911728506,38,0.0037109375
0111110011,4619,"[2, 1, 0, 3]",600,76.79581642150879,True,10.318016911728506,38,0.0037109375
0111110011,4620,"[2, 1, 0, 3]",600,76.81417465209961,False,10.318016911728506,38,0.0037109375
0111110011,4621,"[2, 1, 0, 3]",600,76.8277645111084,True,10.318016911728506,38,0.0037109375
0100111010,4622,"[2, 3, 0, 1]",6600,76.84636116027832,False,16.456560910186298,37,0.00361328125
0100111010,4623,"[2, 3, 0, 1]",6600,76.85995101928711,True,16.456560910186298,37,0.00361328125
0100111010,4624,"[2, 3, 0, 1]",6600,76.87878608703613,False,16.456560910186298,37,0.00361328125
0100111010,4625,"[2, 3, 0, 1]",6600,76.89213752746582,True,16.456560910186298,37,0.00361328125
0100111010,4626,"[2, 3, 0, 1]",6600,76.91025733947754,False,16.456560910186298,37,0.00361328125
0100111010,4627,"[2, 3, 0, 1]",6600,76.92360877990723,True,16.456560910186298,37,0.00361328125
0100111010,4628,"[2, 3, 0, 1]",6600,76.94172859191895,False,16.456560910186298,37,0.00361328125
0100111010,4629,"[2, 3, 0, 1]",6600,76.95508003234863,True,16.456560910186298,37,0.00361328125
0100111010,4630,"[2, 3, 0, 1]",6600,76.97319984436035,False,16.456560910186298,37,0.00361328125
0100111010,4631,"[2, 3, 0, 1]",6600,76.98655128479004,True,16.456560910186298,37,0.00361328125
0100111010,4632,"[2, 3, 0, 1]",6600,77.00681686401367,False,16.456560910186298,37,0.00361328125
0100111010,4633,"[2, 3, 0, 1]",6600,77.01992988586426,True,16.456560910186298,37,0.00361328125
0100111010,4634,"[2, 3, 0, 1]",6600,77.03828811645508,False,16.456560910186298,37,0.00361328125
0100111010,4635,"[2, 3, 0, 1]",6600,77.05187797546387,True,16.456560910186298,37,0.00361328125
0100111010,4636,"[2, 3, 0, 1]",6600,77.06999778747559,False,16.456560910186298,37,0.00361328125
0100111010,4637,"[2, 3, 0, 1]",6600,77.08334922790527,True,16.456560910186298,37,0.00361328125
0100111010,4638,"[2, 3, 0, 1]",6600,77.10146903991699,False,16.456560910186298,37,0.00361328125
0100111010,4639,"[2, 3, 0, 1]",6600,77.11482048034668,True,16.456560910186298,37,0.00361328125
0100111010,4640,"[2, 3, 0, 1]",6600,77.1327018737793,False,16.456560910186298,37,0.00361328125
0100111010,4641,"[2, 3, 0, 1]",6600,77.14605331420898,True,16.456560910186298,37,0.00361328125
0100111010,4642,"[2, 3, 0, 1]",6600,77.1639347076416,False,16.456560910186298,37,0.00361328125
0100111010,4643,"[2, 3, 0, 1]",6600,77.54302024841309,True,16.456560910186298,37,0.00361328125
0100111010,4644,"[2, 3, 0, 1]",6600,77.56781578063965,False,16.456560910186298,37,0.00361328125
0100111010,4645,"[2, 3, 0, 1]",6600,77.58116722106934,True,16.456560910186298,37,0.00361328125
0100111010,4646,"[2, 3, 0, 1]",6600,77.59881019592285,False,16.456560910186298,37,0.00361328125
0100111010,4647,"[2, 3, 0, 1]",6600,77.61168479919434,True,16.456560910186298,37,0.00361328125
0100111010,4648,"[2, 3, 0, 1]",6600,77.62908935546875,False,16.456560910186298,37,0.00361328125
0100111010,4649,"[2, 3, 0, 1]",6600,77.64172554016113,True,16.456560910186298,37,0.00361328125
0100111010,4650,"[2, 3, 0, 1]",6600,77.65913009643555,False,16.456560910186298,37,0.00361328125
0100111010,4651,"[2, 3, 0, 1]",6600,77.67176628112793,True,16.456560910186298,37,0.00361328125
0100111010,4652,"[2, 3, 0, 1]",6600,77.69250869750977,False,16.456560910186298,37,0.00361328125
0100111010,4653,"[2, 3, 0, 1]",6600,77.70514488220215,True,16.456560910186298,37,0.00361328125
0100111010,4654,"[2, 3, 0, 1]",6600,77.72231101989746,False,16.456560910186298,37,0.00361328125
0100111010,4655,"[2, 3, 0, 1]",6600,77.73518562316895,True,16.456560910186298,37,0.00361328125
0100111010,4656,"[2, 3, 0, 1]",6600,77.75306701660156,False,16.456560910186298,37,0.00361328125
0100111010,4657,"[2, 3, 0, 1]",6600,77.76570320129395,True,16.456560910186298,37,0.00361328125
0100111010,4658,"[2, 3, 0, 1]",6600,77.78525352478027,False,16.456560910186298,37,0.00361328125
0100111010,4659,"[2, 3, 0, 1]",6600,77.79812812805176,True,16.456560910186298,37,0.00361328125
0100111010,4660,"[2, 3, 0, 1]",6600,77.81553268432617,False,16.456560910186298,37,0.00361328125
0100111010,4661,"[2, 3, 0, 1]",6600,77.82840728759766,True,16.456560910186298,37,0.00361328125
0100111010,4662,"[2, 3, 0, 1]",6600,77.84557342529297,False,16.456560910186298,37,0.00361328125
0100111010,4663,"[2, 3, 0, 1]",6600,77.85844802856445,True,16.456560910186298,37,0.00361328125
0100111010,4664,"[2, 3, 0, 1]",6600,77.87585258483887,False,16.456560910186298,37,0.00361328125
0100111010,4665,"[2, 3, 0, 1]",6600,77.88848876953125,True,16.456560910186298,37,0.00361328125
0100111010,4666,"[2, 3, 0, 1]",6600,77.90565490722656,False,16.456560910186298,37,0.00361328125
0100111010,4667,"[2, 3, 0, 1]",6600,77.91805267333984,True,16.456560910186298,37,0.00361328125
0100111010,4668,"[2, 3, 0, 1]",6600,77.93545722961426,False,16.456560910186298,37,0.00361328125
0100111010,4669,"[2, 3, 0, 1]",6600,77.94809341430664,True,16.456560910186298,37,0.00361328125
0100111010,4670,"[2, 3, 0, 1]",6600,77.96549797058105,False,16.456560910186298,37,0.00361328125
0100111010,4671,"[2, 3, 0, 1]",6600,77.97813415527344,True,16.456560910186298,37,0.00361328125
0100111010,4672,"[2, 3, 0, 1]",6600,77.99577713012695,False,16.456560910186298,37,0.00361328125
0100111010,4673,"[2, 3, 0, 1]",6600,78.00841331481934,True,16.456560910186298,37,0.00361328125
0100111010,4674,"[2, 3, 0, 1]",6600,78.02748680114746,False,16.456560910186298,37,0.00361328125
0100111010,4675,"[2, 3, 0, 1]",6600,78.03988456726074,True,16.456560910186298,37,0.00361328125
0100111010,4676,"[2, 3, 0, 1]",6600,78.05728912353516,False,16.456560910186298,37,0.00361328125
0100111010,4677,"[2, 3, 0, 1]",6600,78.06992530822754,True,16.456560910186298,37,0.00361328125
0100111010,4678,"[2, 3, 0, 1]",6600,78.08709144592285,False,16.456560910186298,37,0.00361328125
0100111010,4679,"[2, 3, 0, 1]",6600,78.09972763061523,True,16.456560910186298,37,0.00361328125
0100111010,4680,"[2, 3, 0, 1]",6600,78.11713218688965,False,16.456560910186298,37,0.00361328125
0100111010,4681,"[2, 3, 0, 1]",6600,78.12952995300293,True,16.456560910186298,37,0.00361328125
0100111010,4682,"[2, 3, 0, 1]",6600,78.14717292785645,False,16.456560910186298,37,0.00361328125
0100111010,4683,"[2, 3, 0, 1]",6600,78.16052436828613,True,16.456560910186298,37,0.00361328125
0100111010,4684,"[2, 3, 0, 1]",6600,78.17816734313965,False,16.456560910186298,37,0.00361328125
0100111010,4685,"[2, 3, 0, 1]",6600,78.19175720214844,True,16.456560910186298,37,0.00361328125
0100111010,4686,"[2, 3, 0, 1]",6600,78.20892333984375,False,16.456560910186298,37,0.00361328125
0100111010,4687,"[2, 3, 0, 1]",6600,78.22203636169434,True,16.456560910186298,37,0.00361328125
0100111010,4688,"[2, 3, 0, 1]",6600,78.24087142944336,False,16.456560910186298,37,0.00361328125
0100111010,4689,"[2, 3, 0, 1]",6600,78.25374603271484,True,16.456560910186298,37,0.00361328125
0100111010,4690,"[2, 3, 0, 1]",6600,78.27091217041016,False,16.456560910186298,37,0.00361328125
0100111010,4691,"[2, 3, 0, 1]",6600,78.28354835510254,True,16.456560910186298,37,0.00361328125
0100111010,4692,"[2, 3, 0, 1]",6600,78.30095291137695,False,16.456560910186298,37,0.00361328125
0100111010,4693,"[2, 3, 0, 1]",6600,78.31382751464844,True,16.456560910186298,37,0.00361328125
0100111010,4694,"[2, 3, 0, 1]",6600,78.33433151245117,False,16.456560910186298,37,0.00361328125
0100111010,4695,"[2, 3, 0, 1]",6600,78.34720611572266,True,16.456560910186298,37,0.00361328125
0011100110,4696,"[1, 2, 3, 0]",9300,78.36484909057617,False,15.221423844398668,37,0.00361328125
0011100110,4697,"[1, 0, 2, 3]",315,78.37891578674316,True,15.221423844398668,37,0.00361328125
0011100110,4698,"[1, 2, 3, 0]",9300,78.39655876159668,False,15.221423844398668,37,0.00361328125
0011100110,4699,"[1, 0, 2, 3]",315,78.40991020202637,True,15.221423844398668,37,0.00361328125
0011100110,4700,"[1, 2, 3, 0]",9300,78.42779159545898,False,15.221423844398668,37,0.00361328125
0011100110,4701,"[1, 0, 2, 3]",315,78.44114303588867,True,15.221423844398668,37,0.00361328125
0011100110,4702,"[1, 2, 3, 0]",9300,78.45902442932129,False,15.221423844398668,37,0.00361328125
0011100110,4703,"[1, 0, 2, 3]",315,78.47237586975098,True,15.221423844398668,37,0.00361328125
0011100110,4704,"[1, 2, 3, 0]",9300,78.49001884460449,False,15.221423844398668,37,0.00361328125
0011100110,4705,"[1, 0, 2, 3]",315,78.50360870361328,True,15.221423844398668,37,0.00361328125
0011100110,4706,"[1, 2, 3, 0]",9300,78.5214900970459,False,15.221423844398668,37,0.00361328125
0011100110,4707,"[1, 0, 2, 3]",315,78.53531837463379,True,15.221423844398668,37,0.00361328125
0011100110,4708,"[1, 2, 3, 0]",9300,78.55510711669922,False,15.221423844398668,37,0.00361328125
0011100110,4709,"[1, 0, 2, 3]",315,78.56869697570801,True,15.221423844398668,37,0.00361328125
0011100110,4710,"[1, 2, 3, 0]",9300,78.58633995056152,False,15.221423844398668,37,0.00361328125
0011100110,4711,"[1, 0, 2, 3]",315,78.59969139099121,True,15.221423844398668,37,0.00361328125
0011100110,4712,"[1, 2, 3, 0]",9300,78.61709594726562,False,15.221423844398668,37,0.00361328125
0011100110,4713,"[1, 0, 2, 3]",315,78.63044738769531,True,15.221423844398668,37,0.00361328125
0011100110,4714,"[1, 2, 3, 0]",9300,78.64809036254883,False,15.221423844398668,37,0.00361328125
0011100110,4715,"[1, 0, 2, 3]",315,78.66120338439941,True,15.221423844398668,37,0.00361328125
0011100110,4716,"[1, 2, 3, 0]",9300,78.68051528930664,False,15.221423844398668,37,0.00361328125
0011100110,4717,"[1, 0, 2, 3]",315,78.69386672973633,True,15.221423844398668,37,0.00361328125
0011100110,4718,"[1, 2, 3, 0]",9300,78.71150970458984,False,15.221423844398668,37,0.00361328125
0011100110,4719,"[1, 0, 2, 3]",315,78.72462272644043,True,15.221423844398668,37,0.00361328125
0011100110,4720,"[1, 2, 3, 0]",9300,78.74226570129395,False,15.221423844398668,37,0.00361328125
0011100110,4721,"[1, 0, 2, 3]",315,78.75537872314453,True,15.221423844398668,37,0.00361328125
0011100110,4722,"[1, 2, 3, 0]",9300,78.77326011657715,False,15.221423844398668,37,0.00361328125
0011100110,4723,"[1, 0, 2, 3]",315,78.78613471984863,True,15.221423844398668,37,0.00361328125
0011100110,4724,"[1, 2, 3, 0]",9300,78.80377769470215,False,15.221423844398668,37,0.00361328125
0011100110,4725,"[1, 0, 2, 3]",315,78.81689071655273,True,15.221423844398668,37,0.00361328125
0011100110,4726,"[1, 2, 3, 0]",9300,78.83453369140625,False,15.221423844398668,37,0.00361328125
0011100110,4727,"[1, 0, 2, 3]",315,78.84764671325684,True,15.221423844398668,37,0.00361328125
0011100110,4728,"[1, 2, 3, 0]",9300,78.86528968811035,False,15.221423844398668,37,0.00361328125
0011100110,4729,"[1, 0, 2, 3]",315,78.87816429138184,True,15.221423844398668,37,0.00361328125
0011100110,4730,"[1, 2, 3, 0]",9300,78.89580726623535,False,15.221423844398668,37,0.00361328125
0011100110,4731,"[1, 0, 2, 3]",315,78.90892028808594,True,15.221423844398668,37,0.00361328125
0011100110,4732,"[1, 2, 3, 0]",9300,78.92656326293945,False,15.221423844398668,37,0.00361328125
0011100110,4733,"[1, 0, 2, 3]",315,78.93991470336914,True,15.221423844398668,37,0.00361328125
0011100110,4734,"[1, 2, 3, 0]",9300,78.95779609680176,False,15.221423844398668,37,0.00361328125
0011100110,4735,"[1, 0, 2, 3]",315,78.97138595581055,True,15.221423844398668,37,0.00361328125
0011100110,4736,"[1, 2, 3, 0]",9300,78.99069786071777,False,15.221423844398668,37,0.00361328125
0011100110,4737,"[1, 0, 2, 3]",315,79.00404930114746,True,15.221423844398668,37,0.00361328125
0011100110,4738,"[1, 2, 3, 0]",9300,79.02145385742188,False,15.221423844398668,37,0.00361328125
0011100110,4739,"[1, 0, 2, 3]",315,79.03432846069336,True,15.221423844398668,37,0.00361328125
0011100110,4740,"[1, 2, 3, 0]",9300,79.05197143554688,False,15.221423844398668,37,0.00361328125
0011100110,4741,"[1, 0, 2, 3]",315,79.06508445739746,True,15.221423844398668,37,0.00361328125
0011100110,4742,"[1, 2, 3, 0]",9300,79.08248901367188,False,15.221423844398668,37,0.00361328125
0011100110,4743,"[1, 0, 2, 3]",315,79.09512519836426,True,15.221423844398668,37,0.00361328125
0011100110,4744,"[1, 2, 3, 0]",9300,79.11229133605957,False,15.221423844398668,37,0.00361328125
0011100110,4745,"[1, 0, 2, 3]",315,79.12540435791016,True,15.221423844398668,37,0.00361328125
0011100110,4746,"[1, 2, 3, 0]",9300,79.14280891418457,False,15.221423844398668,37,0.00361328125
0011100110,4747,"[1, 0, 2, 3]",315,79.15568351745605,True,15.221423844398668,37,0.00361328125
0011100110,4748,"[1, 2, 3, 0]",9300,79.17308807373047,False,15.221423844398668,37,0.00361328125
0011100110,4749,"[1, 0, 2, 3]",315,79.18620109558105,True,15.221423844398668,37,0.00361328125
0011100110,4750,"[1, 2, 3, 0]",9300,79.20360565185547,False,15.221423844398668,37,0.00361328125
0011100110,4751,"[1, 0, 2, 3]",315,79.21648025512695,True,15.221423844398668,37,0.00361328125
0011100110,4752,"[1, 2, 3, 0]",9300,79.23412322998047,False,15.221423844398668,37,0.00361328125
0011100110,4753,"[1, 0, 2, 3]",315,79.24723625183105,True,15.221423844398668,37,0.00361328125
0011100110,4754,"[1, 2, 3, 0]",9300,79.26464080810547,False,15.221423844398668,37,0.00361328125
0011100110,4755,"[1, 0, 2, 3]",315,79.27775382995605,True,15.221423844398668,37,0.00361328125
0011100110,4756,"[1, 2, 3, 0]",9300,79.29682731628418,False,15.221423844398668,37,0.00361328125
0011100110,4757,"[1, 0, 2, 3]",315,79.31113243103027,True,15.221423844398668,37,0.00361328125
0011100110,4758,"[1, 2, 3, 0]",9300,79.3304443359375,False,15.221423844398668,37,0.00361328125
0011100110,4759,"[1, 0, 2, 3]",315,79.34427261352539,True,15.221423844398668,37,0.00361328125
0011100110,4760,"[1, 2, 3, 0]",9300,79.3619155883789,False,15.221423844398668,37,0.00361328125
0011100110,4761,"[1, 0, 2, 3]",315,79.3755054473877,True,15.221423844398668,37,0.00361328125
0011100110,4762,"[1, 2, 3, 0]",9300,79.39314842224121,False,15.221423844398668,37,0.00361328125
0011100110,4763,"[1, 0, 2, 3]",315,79.4064998626709,True,15.221423844398668,37,0.00361328125
0011100110,4764,"[1, 2, 3, 0]",9300,79.42414283752441,False,15.221423844398668,37,0.00361328125
0011100110,4765,"[1, 0, 2, 3]",315,79.437255859375,True,15.221423844398668,37,0.00361328125
0011100110,4766,"[1, 2, 3, 0]",9300,79.45466041564941,False,15.221423844398668,37,0.00361328125
0011100110,4767,"[1, 0, 2, 3]",315,79.4680118560791,True,15.221423844398668,37,0.00361328125
0011100110,4768,"[1, 2, 3, 0]",9300,79.48541641235352,False,15.221423844398668,37,0.00361328125
0011100110,4769,"[1, 0, 2, 3]",315,79.4987678527832,True,15.221423844398668,37,0.00361328125
0011000110,4770,"[1, 3, 2, 0]",9450,79.51903343200684,False,13.070544774769893,37,0.00361328125
0011000110,4771,"[1, 0, 3, 2]",465,79.53214645385742,True,13.070544774769893,37,0.00361328125
0011000110,4772,"[1, 3, 2, 0]",9450,79.54978942871094,False,13.070544774769893,37,0.00361328125
0011000110,4773,"[1, 0, 3, 2]",465,79.56290245056152,True,13.070544774769893,37,0.00361328125
0011000110,4774,"[1, 3, 2, 0]",9450,79.58054542541504,False,13.070544774769893,37,0.00361328125
0011000110,4775,"[1, 0, 3, 2]",465,79.59365844726562,True,13.070544774769893,37,0.00361328125
0011000110,4776,"[1, 3, 2, 0]",9450,79.61130142211914,False,13.070544774769893,37,0.00361328125
0011000110,4777,"[1, 0, 3, 2]",465,79.62465286254883,True,13.070544774769893,37,0.00361328125
0011000110,4778,"[1, 3, 2, 0]",9450,79.64372634887695,False,13.070544774769893,37,0.00361328125
0011000110,4779,"[1, 0, 3, 2]",465,79.65683937072754,True,13.070544774769893,37,0.00361328125
0011000110,4780,"[1, 3, 2, 0]",9450,79.67448234558105,False,13.070544774769893,37,0.00361328125
0011000110,4781,"[1, 0, 3, 2]",465,79.68759536743164,True,13.070544774769893,37,0.00361328125
0011000110,4782,"[1, 3, 2, 0]",9450,79.70476150512695,False,13.070544774769893,37,0.00361328125
0011000110,4783,"[1, 0, 3, 2]",465,79.71787452697754,True,13.070544774769893,37,0.00361328125
0011000110,4784,"[1, 3, 2, 0]",9450,79.73504066467285,False,13.070544774769893,37,0.00361328125
0011000110,4785,"[1, 0, 3, 2]",465,79.74767684936523,True,13.070544774769893,37,0.00361328125
0011000110,4786,"[1, 3, 2, 0]",9450,79.76508140563965,False,13.070544774769893,37,0.00361328125
0011000110,4787,"[1, 0, 3, 2]",465,79.77819442749023,True,13.070544774769893,37,0.00361328125
0011000110,4788,"[1, 3, 2, 0]",9450,79.79559898376465,False,13.070544774769893,37,0.00361328125
0011000110,4789,"[1, 0, 3, 2]",465,79.80895042419434,True,13.070544774769893,37,0.00361328125
0011000110,4790,"[1, 3, 2, 0]",9450,79.82611656188965,False,13.070544774769893,37,0.00361328125
0011000110,4791,"[1, 0, 3, 2]",465,79.84423637390137,True,13.070544774769893,37,0.00361328125
0011000110,4792,"[1, 3, 2, 0]",9450,79.86211776733398,False,13.070544774769893,37,0.00361328125
0011000110,4793,"[1, 0, 3, 2]",465,79.87570762634277,True,13.070544774769893,37,0.00361328125
0011000110,4794,"[1, 3, 2, 0]",9450,79.89287376403809,False,13.070544774769893,37,0.00361328125
0011000110,4795,"[1, 0, 3, 2]",465,79.90646362304688,True,13.070544774769893,37,0.00361328125
0011000110,4796,"[1, 3, 2, 0]",9450,79.92386817932129,False,13.070544774769893,37,0.00361328125
0011000110,4797,"[1, 0, 3, 2]",465,79.93721961975098,True,13.070544774769893,37,0.00361328125
0011000110,4798,"[1, 3, 2, 0]",9450,79.95486259460449,False,13.070544774769893,37,0.00361328125
0011000110,4799,"[1, 0, 3, 2]",465,79.96797561645508,True,13.070544774769893,37,0.00361328125
0011000110,4800,"[1, 3, 2, 0]",9450,79.9870491027832,False,13.070544774769893,37,0.00361328125
0011000110,4801,"[1, 0, 3, 2]",465,80.00016212463379,True,13.070544774769893,37,0.00361328125
0011000110,4802,"[1, 3, 2, 0]",9450,80.0178050994873,False,13.070544774769893,37,0.00361328125
0011000110,4803,"[1, 0, 3, 2]",465,80.03091812133789,True,13.070544774769893,37,0.00361328125
0011000110,4804,"[1, 3, 2, 0]",9450,80.04879951477051,False,13.070544774769893,37,0.00361328125
0011000110,4805,"[1, 0, 3, 2]",465,80.06167411804199,True,13.070544774769893,37,0.00361328125
0011000110,4806,"[1, 3, 2, 0]",9450,80.07955551147461,False,13.070544774769893,37,0.00361328125
0011000110,4807,"[1, 0, 3, 2]",465,80.0931453704834,True,13.070544774769893,37,0.00361328125
0011000110,4808,"[1, 3, 2, 0]",9450,80.11388778686523,False,13.070544774769893,37,0.00361328125
0011000110,4809,"[1, 0, 3, 2]",465,80.12723922729492,True,13.070544774769893,37,0.00361328125
0011000110,4810,"[1, 3, 2, 0]",9450,80.14488220214844,False,13.070544774769893,37,0.00361328125
0011000110,4811,"[1, 0, 3, 2]",465,80.15751838684082,True,13.070544774769893,37,0.00361328125
0011000110,4812,"[1, 3, 2, 0]",9450,80.17587661743164,False,13.070544774769893,37,0.00361328125
0011000110,4813,"[1, 0, 3, 2]",465,80.18851280212402,True,13.070544774769893,37,0.00361328125
0011000110,4814,"[1, 3, 2, 0]",9450,80.20591735839844,False,13.070544774769893,37,0.00361328125
0011000110,4815,"[1, 0, 3, 2]",465,80.21903038024902,True,13.070544774769893,37,0.00361328125
0011000110,4816,"[1, 3, 2, 0]",9450,80.23643493652344,False,13.070544774769893,37,0.00361328125
0011000110,4817,"[1, 0, 3, 2]",465,80.24954795837402,True,13.070544774769893,37,0.00361328125
0011000110,4818,"[1, 3, 2, 0]",9450,80.26695251464844,False,13.070544774769893,37,0.00361328125
0011000110,4819,"[1, 0, 3, 2]",465,80.28030395507812,True,13.070544774769893,37,0.00361328125
0011000110,4820,"[1, 3, 2, 0]",9450,80.29937744140625,False,13.070544774769893,37,0.00361328125
0011000110,4821,"[1, 0, 3, 2]",465,80.31272888183594,True,13.070544774769893,37,0.00361328125
0011000110,4822,"[1, 3, 2, 0]",9450,80.33013343811035,False,13.070544774769893,37,0.00361328125
0011000110,4823,"[1, 0, 3, 2]",465,80.34324645996094,True,13.070544774769893,37,0.00361328125
0011000110,4824,"[1, 3, 2, 0]",9450,80.36065101623535,False,13.070544774769893,37,0.00361328125
0011000110,4825,"[1, 0, 3, 2]",465,80.37400245666504,True,13.070544774769893,37,0.00361328125
0011000110,4826,"[1, 3, 2, 0]",9450,80.39116859436035,False,13.070544774769893,37,0.00361328125
0011000110,4827,"[1, 0, 3, 2]",465,80.40404319763184,True,13.070544774769893,37,0.00361328125
0011000110,4828,"[1, 3, 2, 0]",9450,80.42144775390625,False,13.070544774769893,37,0.00361328125
0011000110,4829,"[1, 0, 3, 2]",465,80.43479919433594,True,13.070544774769893,37,0.00361328125
0011000110,4830,"[1, 3, 2, 0]",9450,80.45220375061035,False,13.070544774769893,37,0.00361328125
0011000110,4831,"[1, 0, 3, 2]",465,80.46531677246094,True,13.070544774769893,37,0.00361328125
0011000110,4832,"[1, 3, 2, 0]",9450,80.48295974731445,False,13.070544774769893,37,0.00361328125
0011000110,4833,"[1, 0, 3, 2]",465,80.49607276916504,True,13.070544774769893,37,0.00361328125
0011000110,4834,"[1, 3, 2, 0]",9450,80.51371574401855,False,13.070544774769893,37,0.00361328125
0011000110,4835,"[1, 0, 3, 2]",465,80.52682876586914,True,13.070544774769893,37,0.00361328125
0011000110,4836,"[1, 3, 2, 0]",9450,80.54423332214355,False,13.070544774769893,37,0.00361328125
0011000110,4837,"[1, 0, 3, 2]",465,80.55686950683594,True,13.070544774769893,37,0.00361328125
0011000110,4838,"[1, 3, 2, 0]",9450,80.57427406311035,False,13.070544774769893,37,0.00361328125
0011000110,4839,"[1, 0, 3, 2]",465,80.58738708496094,True,13.070544774769893,37,0.00361328125
0011000110,4840,"[1, 3, 2, 0]",9450,80.60526847839355,False,13.070544774769893,37,0.00361328125
0011000110,4841,"[1, 0, 3, 2]",465,80.61838150024414,True,13.070544774769893,37,0.00361328125
0011000110,4842,"[1, 3, 2, 0]",9450,80.63769340515137,False,13.070544774769893,37,0.00361328125
0011000110,4843,"[1, 0, 3, 2]",465,80.65056800842285,True,13.070544774769893,37,0.00361328125
1000111010,4844,"[2, 3, 0, 1]",6600,80.66868782043457,False,25.410803419625623,37,0.00361328125
1000111010,4845,"[2, 3, 0, 1]",6600,80.68180084228516,True,25.410803419625623,37,0.00361328125
1000111010,4846,"[2, 3, 0, 1]",6600,80.69920539855957,False,25.410803419625623,37,0.00361328125
1000111010,4847,"[2, 3, 0, 1]",6600,80.71255683898926,True,25.410803419625623,37,0.00361328125
1000111010,4848,"[2, 3, 0, 1]",6600,80.73019981384277,False,25.410803419625623,37,0.00361328125
1000111010,4849,"[2, 3, 0, 1]",6600,80.74355125427246,True,25.410803419625623,37,0.00361328125
1000111010,4850,"[2, 3, 0, 1]",6600,80.76071739196777,False,25.410803419625623,37,0.00361328125
1000111010,4851,"[2, 3, 0, 1]",6600,80.77430725097656,True,25.410803419625623,37,0.00361328125
1000111010,4852,"[2, 3, 0, 1]",6600,80.79171180725098,False,25.410803419625623,37,0.00361328125
1000111010,4853,"[2, 3, 0, 1]",6600,80.80530166625977,True,25.410803419625623,37,0.00361328125
1000111010,4854,"[2, 3, 0, 1]",6600,80.82270622253418,False,25.410803419625623,37,0.00361328125
1000111010,4855,"[2, 3, 0, 1]",6600,80.83581924438477,True,25.410803419625623,37,0.00361328125
1000111010,4856,"[2, 3, 0, 1]",6600,80.85489273071289,False,25.410803419625623,37,0.00361328125
1000111010,4857,"[2, 3, 0, 1]",6600,80.86824417114258,True,25.410803419625623,37,0.00361328125
1000111010,4858,"[2, 3, 0, 1]",6600,80.8858871459961,False,25.410803419625623,37,0.00361328125
1000111010,4859,"[2, 3, 0, 1]",6600,80.89852333068848,True,25.410803419625623,37,0.00361328125
1000111010,4860,"[2, 3, 0, 1]",6600,80.9180736541748,False,25.410803419625623,37,0.00361328125
1000111010,4861,"[2, 3, 0, 1]",6600,80.93094825744629,True,25.410803419625623,37,0.00361328125
1000111010,4862,"[2, 3, 0, 1]",6600,80.95026016235352,False,25.410803419625623,37,0.00361328125
1000111010,4863,"[2, 3, 0, 1]",6600,80.9624195098877,True,25.410803419625623,37,0.00361328125
1000111010,4864,"[2, 3, 0, 1]",6600,80.97982406616211,False,25.410803419625623,37,0.00361328125
1000111010,4865,"[2, 3, 0, 1]",6600,80.99222183227539,True,25.410803419625623,37,0.00361328125
1000111010,4866,"[2, 3, 0, 1]",6600,81.0096263885498,False,25.410803419625623,37,0.00361328125
1000111010,4867,"[2, 3, 0, 1]",6600,81.02202415466309,True,25.410803419625623,37,0.00361328125
1000111010,4868,"[2, 3, 0, 1]",6600,81.0394287109375,False,25.410803419625623,37,0.00361328125
1000111010,4869,"[2, 3, 0, 1]",6600,81.05230331420898,True,25.410803419625623,37,0.00361328125
1000111010,4870,"[2, 3, 0, 1]",6600,81.0697078704834,False,25.410803419625623,37,0.00361328125
1000111010,4871,"[2, 3, 0, 1]",6600,81.08258247375488,True,25.410803419625623,37,0.00361328125
1000111010,4872,"[2, 3, 0, 1]",6600,81.0999870300293,False,25.410803419625623,37,0.00361328125
1000111010,4873,"[2, 3, 0, 1]",6600,81.11238479614258,True,25.410803419625623,37,0.00361328125
1000111010,4874,"[2, 3, 0, 1]",6600,81.12955093383789,False,25.410803419625623,37,0.00361328125
1000111010,4875,"[2, 3, 0, 1]",6600,81.14242553710938,True,25.410803419625623,37,0.00361328125
1000111010,4876,"[2, 3, 0, 1]",6600,81.15959167480469,False,25.410803419625623,37,0.00361328125
1000111010,4877,"[2, 3, 0, 1]",6600,81.17246627807617,True,25.410803419625623,37,0.00361328125
1000111010,4878,"[2, 3, 0, 1]",6600,81.18963241577148,False,25.410803419625623,37,0.00361328125
1000111010,4879,"[2, 3, 0, 1]",6600,81.20250701904297,True,25.410803419625623,37,0.00361328125
1000111010,4880,"[2, 3, 0, 1]",6600,81.21991157531738,False,25.410803419625623,37,0.00361328125
1000111010,4881,"[2, 3, 0, 1]",6600,81.23278617858887,True,25.410803419625623,37,0.00361328125
1000111010,4882,"[2, 3, 0, 1]",6600,81.25019073486328,False,25.410803419625623,37,0.00361328125
1000111010,4883,"[2, 3, 0, 1]",6600,81.26306533813477,True,25.410803419625623,37,0.00361328125
1000111010,4884,"[2, 3, 0, 1]",6600,81.28190040588379,False,25.410803419625623,37,0.00361328125
1000111010,4885,"[2, 3, 0, 1]",6600,81.29453659057617,True,25.410803419625623,37,0.00361328125
1000111010,4886,"[2, 3, 0, 1]",6600,81.31170272827148,False,25.410803419625623,37,0.00361328125
1000111010,4887,"[2, 3, 0, 1]",6600,81.32410049438477,True,25.410803419625623,37,0.00361328125
1000111010,4888,"[2, 3, 0, 1]",6600,81.34126663208008,False,25.410803419625623,37,0.00361328125
1000111010,4889,"[2, 3, 0, 1]",6600,81.35414123535156,True,25.410803419625623,37,0.00361328125
1000111010,4890,"[2, 3, 0, 1]",6600,81.37130737304688,False,25.410803419625623,37,0.00361328125
1000111010,4891,"[2, 3, 0, 1]",6600,81.38442039489746,True,25.410803419625623,37,0.00361328125
1000111010,4892,"[2, 3, 0, 1]",6600,81.40158653259277,False,25.410803419625623,37,0.00361328125
1000111010,4893,"[2, 3, 0, 1]",6600,81.41446113586426,True,25.410803419625623,37,0.00361328125
1000111010,4894,"[2, 3, 0, 1]",6600,81.43162727355957,False,25.410803419625623,37,0.00361328125
1000111010,4895,"[2, 3, 0, 1]",6600,81.44474029541016,True,25.410803419625623,37,0.00361328125
1000111010,4896,"[2, 3, 0, 1]",6600,81.46214485168457,False,25.410803419625623,37,0.00361328125
1000111010,4897,"[2, 3, 0, 1]",6600,81.47501945495605,True,25.410803419625623,37,0.00361328125
1000111010,4898,"[2, 3, 0, 1]",6600,81.49218559265137,False,25.410803419625623,37,0.00361328125
1000111010,4899,"[2, 3, 0, 1]",6600,81.50529861450195,True,25.410803419625623,37,0.00361328125
1000111010,4900,"[2, 3, 0, 1]",6600,81.52222633361816,False,25.410803419625623,37,0.00361328125
1000111010,4901,"[2, 3, 0, 1]",6600,81.53510093688965,True,25.410803419625623,37,0.00361328125
1000111010,4902,"[2, 3, 0, 1]",6600,81.55226707458496,False,25.410803419625623,37,0.00361328125
1000111010,4903,"[2, 3, 0, 1]",6600,81.56538009643555,True,25.410803419625623,37,0.00361328125
1000111010,4904,"[2, 3, 0, 1]",6600,81.58469200134277,False,25.410803419625623,37,0.00361328125
1000111010,4905,"[2, 3, 0, 1]",6600,81.59780502319336,True,25.410803419625623,37,0.00361328125
1000111010,4906,"[2, 3, 0, 1]",6600,81.61520957946777,False,25.410803419625623,37,0.00361328125
1000111010,4907,"[2, 3, 0, 1]",6600,81.62832260131836,True,25.410803419625623,37,0.00361328125
1000111010,4908,"[2, 3, 0, 1]",6600,81.64620399475098,False,25.410803419625623,37,0.00361328125
1000111010,4909,"[2, 3, 0, 1]",6600,81.65931701660156,True,25.410803419625623,37,0.00361328125
1000111010,4910,"[2, 3, 0, 1]",6600,81.67839050292969,False,25.410803419625623,37,0.00361328125
1000111010,4911,"[2, 3, 0, 1]",6600,81.69150352478027,True,25.410803419625623,37,0.00361328125
1000111010,4912,"[2, 3, 0, 1]",6600,81.70890808105469,False,25.410803419625623,37,0.00361328125
1000111010,4913,"[2, 3, 0, 1]",6600,81.72178268432617,True,25.410803419625623,37,0.00361328125
1000111010,4914,"[2, 3, 0, 1]",6600,81.73918724060059,False,25.410803419625623,37,0.00361328125
1000111010,4915,"[2, 3, 0, 1]",6600,81.75230026245117,True,25.410803419625623,37,0.00361328125
1000111010,4916,"[2, 3, 0, 1]",6600,81.76970481872559,False,25.410803419625623,37,0.00361328125
1000111010,4917,"[2, 3, 0, 1]",6600,81.78234100341797,True,25.410803419625623,37,0.00361328125
1110000110,4918,"[0, 1, 3, 2]",465,81.79974555969238,False,11.519320360211093,36,0.003515625
1110000110,4919,"[0, 1, 3, 2]",465,81.81357383728027,True,11.519320360211093,36,0.003515625
1110000110,4920,"[0, 1, 3, 2]",465,81.83097839355469,False,11.519320360211093,36,0.003515625
1110000110,4921,"[0, 1, 3, 2]",465,81.84409141540527,True,11.519320360211093,36,0.003515625
1110000110,4922,"[0, 1, 3, 2]",465,81.86149597167969,False,11.519320360211093,36,0.003515625
1110000110,4923,"[0, 1, 3, 2]",465,81.87460899353027,True,11.519320360211093,36,0.003515625
1110000110,4924,"[0, 1, 3, 2]",465,81.89201354980469,False,11.519320360211093,36,0.003515625
1110000110,4925,"[0, 1, 3, 2]",465,81.90512657165527,True,11.519320360211093,36,0.003515625
1110000110,4926,"[0, 1, 3, 2]",465,81.9239616394043,False,11.519320360211093,36,0.003515625
1110000110,4927,"[0, 1, 3, 2]",465,81.93707466125488,True,11.519320360211093,36,0.003515625
1110000110,4928,"[0, 1, 3, 2]",465,81.9547176361084,False,11.519320360211093,36,0.003515625
1110000110,4929,"[0, 1, 3, 2]",465,81.96759223937988,True,11.519320360211093,36,0.003515625
1110000110,4930,"[0, 1, 3, 2]",465,81.9852352142334,False,11.519320360211093,36,0.003515625
1110000110,4931,"[0, 1, 3, 2]",465,81.99763298034668,True,11.519320360211093,36,0.003515625
1110000110,4932,"[0, 1, 3, 2]",465,82.0155143737793,False,11.519320360211093,36,0.003515625
1110000110,4933,"[0, 1, 3, 2]",465,82.02815055847168,True,11.519320360211093,36,0.003515625
1110000110,4934,"[0, 1, 3, 2]",465,82.04531669616699,False,11.519320360211093,36,0.003515625
1110000110,4935,"[0, 1, 3, 2]",465,82.05795288085938,True,11.519320360211093,36,0.003515625
1110000110,4936,"[0, 1, 3, 2]",465,82.07535743713379,False,11.519320360211093,36,0.003515625
1110000110,4937,"[0, 1, 3, 2]",465,82.08799362182617,True,11.519320360211093,36,0.003515625
1110000110,4938,"[0, 1, 3, 2]",465,82.10539817810059,False,11.519320360211093,36,0.003515625
1110000110,4939,"[0, 1, 3, 2]",465,82.11851119995117,True,11.519320360211093,36,0.003515625
1110000110,4940,"[0, 1, 3, 2]",465,82.13591575622559,False,11.519320360211093,36,0.003515625
1110000110,4941,"[0, 1, 3, 2]",465,82.14879035949707,True,11.519320360211093,36,0.003515625
1110000110,4942,"[0, 1, 3, 2]",465,82.16571807861328,False,11.519320360211093,36,0.003515625
1110000110,4943,"[0, 1, 3, 2]",465,82.17835426330566,True,11.519320360211093,36,0.003515625
1110000110,4944,"[0, 1, 3, 2]",465,82.19552040100098,False,11.519320360211093,36,0.003515625
1110000110,4945,"[0, 1, 3, 2]",465,82.20887184143066,True,11.519320360211093,36,0.003515625
1110000110,4946,"[0, 1, 3, 2]",465,82.22794532775879,False,11.519320360211093,36,0.003515625
1110000110,4947,"[0, 1, 3, 2]",465,82.24081993103027,True,11.519320360211093,36,0.003515625
1110000110,4948,"[0, 1, 3, 2]",465,82.25822448730469,False,11.519320360211093,36,0.003515625
1110000110,4949,"[0, 1, 3, 2]",465,82.27109909057617,True,11.519320360211093,36,0.003515625
1110000110,4950,"[0, 1, 3, 2]",465,82.28850364685059,False,11.519320360211093,36,0.003515625
1110000110,4951,"[0, 1, 3, 2]",465,82.30137825012207,True,11.519320360211093,36,0.003515625
1110000110,4952,"[0, 1, 3, 2]",465,82.31878280639648,False,11.519320360211093,36,0.003515625
1110000110,4953,"[0, 1, 3, 2]",465,82.33141899108887,True,11.519320360211093,36,0.003515625
1110000110,4954,"[0, 1, 3, 2]",465,82.34906196594238,False,11.519320360211093,36,0.003515625
1110000110,4955,"[0, 1, 3, 2]",465,82.36145973205566,True,11.519320360211093,36,0.003515625
1110000110,4956,"[0, 1, 3, 2]",465,82.37886428833008,False,11.519320360211093,36,0.003515625
1110000110,4957,"[0, 1, 3, 2]",465,82.39197731018066,True,11.519320360211093,36,0.003515625
1110000110,4958,"[0, 1, 3, 2]",465,82.40962028503418,False,11.519320360211093,36,0.003515625
1110000110,4959,"[0, 1, 3, 2]",465,82.42249488830566,True,11.519320360211093,36,0.003515625
1110000110,4960,"[0, 1, 3, 2]",465,82.44132995605469,False,11.519320360211093,36,0.003515625
1110000110,4961,"[0, 1, 3, 2]",465,82.45420455932617,True,11.519320360211093,36,0.003515625
1110000110,4962,"[0, 1, 3, 2]",465,82.47184753417969,False,11.519320360211093,36,0.003515625
1110000110,4963,"[0, 1, 3, 2]",465,82.48472213745117,True,11.519320360211093,36,0.003515625
1110000110,4964,"[0, 1, 3, 2]",465,82.50212669372559,False,11.519320360211093,36,0.003515625
1110000110,4965,"[0, 1, 3, 2]",465,82.51476287841797,True,11.519320360211093,36,0.003515625
1110000110,4966,"[0, 1, 3, 2]",465,82.53216743469238,False,11.519320360211093,36,0.003515625
1110000110,4967,"[0, 1, 3, 2]",465,82.54528045654297,True,11.519320360211093,36,0.003515625
1110000110,4968,"[0, 1, 3, 2]",465,82.5645923614502,False,11.519320360211093,36,0.003515625
1110000110,4969,"[0, 1, 3, 2]",465,82.57746696472168,True,11.519320360211093,36,0.003515625
1110000110,4970,"[0, 1, 3, 2]",465,82.59439468383789,False,11.519320360211093,36,0.003515625
1110000110,4971,"[0, 1, 3, 2]",465,82.60726928710938,True,11.519320360211093,36,0.003515625
1110000110,4972,"[0, 1, 3, 2]",465,82.62443542480469,False,11.519320360211093,36,0.003515625
1110000110,4973,"[0, 1, 3, 2]",465,82.63731002807617,True,11.519320360211093,36,0.003515625
1110000110,4974,"[0, 1, 3, 2]",465,82.65471458435059,False,11.519320360211093,36,0.003515625
1110000110,4975,"[0, 1, 3, 2]",465,82.66735076904297,True,11.519320360211093,36,0.003515625
1110000110,4976,"[0, 1, 3, 2]",465,82.68451690673828,False,11.519320360211093,36,0.003515625
1110000110,4977,"[0, 1, 3, 2]",465,82.69739151000977,True,11.519320360211093,36,0.003515625
1110000110,4978,"[0, 1, 3, 2]",465,82.71479606628418,False,11.519320360211093,36,0.003515625
1110000110,4979,"[0, 1, 3, 2]",465,82.72790908813477,True,11.519320360211093,36,0.003515625
1110000110,4980,"[0, 1, 3, 2]",465,82.74531364440918,False,11.519320360211093,36,0.003515625
1110000110,4981,"[0, 1, 3, 2]",465,82.75794982910156,True,11.519320360211093,36,0.003515625
1110000110,4982,"[0, 1, 3, 2]",465,82.77535438537598,False,11.519320360211093,36,0.003515625
1110000110,4983,"[0, 1, 3, 2]",465,82.78799057006836,True,11.519320360211093,36,0.003515625
1110000110,4984,"[0, 1, 3, 2]",465,82.80515670776367,False,11.519320360211093,36,0.003515625
1110000110,4985,"[0, 1, 3, 2]",465,82.81779289245605,True,11.519320360211093,36,0.003515625
1110000110,4986,"[0, 1, 3, 2]",465,82.83495903015137,False,11.519320360211093,36,0.003515625
1110000110,4987,"[0, 1, 3, 2]",465,82.84783363342285,True,11.519320360211093,36,0.003515625
1110000110,4988,"[0, 1, 3, 2]",465,82.86690711975098,False,11.519320360211093,36,0.003515625
1110000110,4989,"[0, 1, 3, 2]",465,82.88002014160156,True,11.519320360211093,36,0.003515625
0011011111,4990,"[3, 1, 2, 0]",9450,82.89766311645508,False,15.460660420281748,36,0.003515625
0011011111,4991,"[3, 1, 0, 2]",900,82.93390274047852,True,15.460660420281748,36,0.003515625
0011011111,4992,"[3, 1, 2, 0]",9450,82.95249938964844,False,15.460660420281748,36,0.003515625
0011011111,4993,"[3, 1, 0, 2]",900,82.96704292297363,True,15.460660420281748,36,0.003515625
0011011111,4994,"[3, 1, 2, 0]",9450,82.98492431640625,False,15.460660420281748,36,0.003515625
0011011111,4995,"[3, 1, 0, 2]",900,82.99875259399414,True,15.460660420281748,36,0.003515625
0011011111,4996,"[3, 1, 2, 0]",9450,83.01663398742676,False,15.460660420281748,36,0.003515625
0011011111,4997,"[3, 1, 0, 2]",900,83.03022384643555,True,15.460660420281748,36,0.003515625
0011011111,4998,"[3, 1, 2, 0]",9450,83.04786682128906,False,15.460660420281748,36,0.003515625
0011011111,4999,"[3, 1, 0, 2]",900,83.06121826171875,True,15.460660420281748,36,0.003515625
0011011111,5000,"[3, 1, 2, 0]",9450,83.07886123657227,False,15.460660420281748,36,0.003515625
0011011111,5001,"[3, 1, 0, 2]",900,83.09221267700195,True,15.460660420281748,36,0.003515625
0011011111,5002,"[3, 1, 2, 0]",9450,83.10985565185547,False,15.460660420281748,36,0.003515625
0011011111,5003,"[3, 1, 0, 2]",900,83.12320709228516,True,15.460660420281748,36,0.003515625
0011011111,5004,"[3, 1, 2, 0]",9450,83.14108848571777,False,15.460660420281748,36,0.003515625
0011011111,5005,"[3, 1, 0, 2]",900,83.15420150756836,True,15.460660420281748,36,0.003515625
0011011111,5006,"[3, 1, 2, 0]",9450,83.17208290100098,False,15.460660420281748,36,0.003515625
0011011111,5007,"[3, 1, 0, 2]",900,83.18543434143066,True,15.460660420281748,36,0.003515625
0011011111,5008,"[3, 1, 2, 0]",9450,83.2052230834961,False,15.460660420281748,36,0.003515625
0011011111,5009,"[3, 1, 0, 2]",900,83.21928977966309,True,15.460660420281748,36,0.003515625
0011011111,5010,"[3, 1, 2, 0]",9450,83.23979377746582,False,15.460660420281748,36,0.003515625
0011011111,5011,"[3, 1, 0, 2]",900,83.25314521789551,True,15.460660420281748,36,0.003515625
0011011111,5012,"[3, 1, 2, 0]",9450,83.27078819274902,False,15.460660420281748,36,0.003515625
0011011111,5013,"[3, 1, 0, 2]",900,83.28413963317871,True,15.460660420281748,36,0.003515625
0011011111,5014,"[3, 1, 2, 0]",9450,83.30154418945312,False,15.460660420281748,36,0.003515625
0011011111,5015,"[3, 1, 0, 2]",900,83.31465721130371,True,15.460660420281748,36,0.003515625
0011011111,5016,"[3, 1, 2, 0]",9450,83.33230018615723,False,15.460660420281748,36,0.003515625
0011011111,5017,"[3, 1, 0, 2]",900,83.34565162658691,True,15.460660420281748,36,0.003515625
0011011111,5018,"[3, 1, 2, 0]",9450,83.36305618286133,False,15.460660420281748,36,0.003515625
0011011111,5019,"[3, 1, 0, 2]",900,83.37688446044922,True,15.460660420281748,36,0.003515625
0011011111,5020,"[3, 1, 2, 0]",9450,83.39476585388184,False,15.460660420281748,36,0.003515625
0011011111,5021,"[3, 1, 0, 2]",900,83.40883255004883,True,15.460660420281748,36,0.003515625
0011011111,5022,"[3, 1, 2, 0]",9450,83.42671394348145,False,15.460660420281748,36,0.003515625
0011011111,5023,"[3, 1, 0, 2]",900,83.44030380249023,True,15.460660420281748,36,0.003515625
0011011111,5024,"[3, 1, 2, 0]",9450,83.45985412597656,False,15.460660420281748,36,0.003515625
0011011111,5025,"[3, 1, 0, 2]",900,83.47320556640625,True,15.460660420281748,36,0.003515625
0011011111,5026,"[3, 1, 2, 0]",9450,83.49061012268066,False,15.460660420281748,36,0.003515625
0011011111,5027,"[3, 1, 0, 2]",900,83.50396156311035,True,15.460660420281748,36,0.003515625
0011011111,5028,"[3, 1, 2, 0]",9450,83.52112770080566,False,15.460660420281748,36,0.003515625
0011011111,5029,"[3, 1, 0, 2]",900,83.53471755981445,True,15.460660420281748,36,0.003515625
0011011111,5030,"[3, 1, 2, 0]",9450,83.55450630187988,False,15.460660420281748,36,0.003515625
0011011111,5031,"[3, 1, 0, 2]",900,83.56785774230957,True,15.460660420281748,36,0.003515625
0011011111,5032,"[3, 1, 2, 0]",9450,83.58573913574219,False,15.460660420281748,36,0.003515625
0011011111,5033,"[3, 1, 0, 2]",900,83.59909057617188,True,15.460660420281748,36,0.003515625
0011011111,5034,"[3, 1, 2, 0]",9450,83.61649513244629,False,15.460660420281748,36,0.003515625
0011011111,5035,"[3, 1, 0, 2]",900,83.62936973571777,True,15.460660420281748,36,0.003515625
0011011111,5036,"[3, 1, 2, 0]",9450,83.64677429199219,False,15.460660420281748,36,0.003515625
0011011111,5037,"[3, 1, 0, 2]",900,83.65988731384277,True,15.460660420281748,36,0.003515625
0011011111,5038,"[3, 1, 2, 0]",9450,83.67753028869629,False,15.460660420281748,36,0.003515625
0011011111,5039,"[3, 1, 0, 2]",900,83.69088172912598,True,15.460660420281748,36,0.003515625
0011011111,5040,"[3, 1, 2, 0]",9450,83.70852470397949,False,15.460660420281748,36,0.003515625
0011011111,5041,"[3, 1, 0, 2]",900,83.72163772583008,True,15.460660420281748,36,0.003515625
0011011111,5042,"[3, 1, 2, 0]",9450,83.7392807006836,False,15.460660420281748,36,0.003515625
0011011111,5043,"[3, 1, 0, 2]",900,83.75239372253418,True,15.460660420281748,36,0.003515625
0011011111,5044,"[3, 1, 2, 0]",9450,83.7700366973877,False,15.460660420281748,36,0.003515625
0011011111,5045,"[3, 1, 0, 2]",900,83.78338813781738,True,15.460660420281748,36,0.003515625
0011011111,5046,"[3, 1, 2, 0]",9450,83.8007926940918,False,15.460660420281748,36,0.003515625
0011011111,5047,"[3, 1, 0, 2]",900,83.81414413452148,True,15.460660420281748,36,0.003515625
0011011111,5048,"[3, 1, 2, 0]",9450,83.8315486907959,False,15.460660420281748,36,0.003515625
0011011111,5049,"[3, 1, 0, 2]",900,83.8479995727539,True,15.460660420281748,36,0.003515625
0011011111,5050,"[3, 1, 2, 0]",9450,83.86635780334473,False,15.460660420281748,36,0.003515625
0011011111,5051,"[3, 1, 0, 2]",900,83.87994766235352,True,15.460660420281748,36,0.003515625
0011011111,5052,"[3, 1, 2, 0]",9450,83.89925956726074,False,15.460660420281748,36,0.003515625
0011011111,5053,"[3, 1, 0, 2]",900,83.91261100769043,True,15.460660420281748,36,0.003515625
0011011111,5054,"[3, 1, 2, 0]",9450,83.93025398254395,False,15.460660420281748,36,0.003515625
0011011111,5055,"[3, 1, 0, 2]",900,83.94360542297363,True,15.460660420281748,36,0.003515625
0011011111,5056,"[3, 1, 2, 0]",9450,83.96100997924805,False,15.460660420281748,36,0.003515625
0011011111,5057,"[3, 1, 0, 2]",900,83.97388458251953,True,15.460660420281748,36,0.003515625
0011011111,5058,"[3, 1, 2, 0]",9450,83.99152755737305,False,15.460660420281748,36,0.003515625
0011011111,5059,"[3, 1, 0, 2]",900,84.00535583496094,True,15.460660420281748,36,0.003515625
0011011111,5060,"[3, 1, 2, 0]",9450,84.02466773986816,False,15.460660420281748,36,0.003515625
0011011111,5061,"[3, 1, 0, 2]",900,84.03801918029785,True,15.460660420281748,36,0.003515625
0111010001,5062,"[1, 2, 0, 3]",600,84.05590057373047,False,9.519320360211093,36,0.003515625
0111010001,5063,"[1, 0, 2, 3]",315,84.06972885131836,True,9.519320360211093,36,0.003515625
0111010001,5064,"[1, 2, 0, 3]",600,84.08737182617188,False,9.519320360211093,36,0.003515625
0111010001,5065,"[1, 0, 2, 3]",315,84.10096168518066,True,9.519320360211093,36,0.003515625
0111010001,5066,"[1, 2, 0, 3]",600,84.11836624145508,False,9.519320360211093,36,0.003515625
0111010001,5067,"[1, 0, 2, 3]",315,84.13171768188477,True,9.519320360211093,36,0.003515625
0111010001,5068,"[1, 2, 0, 3]",600,84.14936065673828,False,9.519320360211093,36,0.003515625
0111010001,5069,"[1, 0, 2, 3]",315,84.16271209716797,True,9.519320360211093,36,0.003515625
0111010001,5070,"[1, 2, 0, 3]",600,84.18011665344238,False,9.519320360211093,36,0.003515625
0111010001,5071,"[1, 0, 2, 3]",315,84.19346809387207,True,9.519320360211093,36,0.003515625
0111010001,5072,"[1, 2, 0, 3]",600,84.2130184173584,False,9.519320360211093,36,0.003515625
0111010001,5073,"[1, 0, 2, 3]",315,84.22589302062988,True,9.519320360211093,36,0.003515625
0111010001,5074,"[1, 2, 0, 3]",600,84.2432975769043,False,9.519320360211093,36,0.003515625
0111010001,5075,"[1, 0, 2, 3]",315,84.25664901733398,True,9.519320360211093,36,0.003515625
0111010001,5076,"[1, 2, 0, 3]",600,84.2742919921875,False,9.519320360211093,36,0.003515625
0111010001,5077,"[1, 0, 2, 3]",315,84.28764343261719,True,9.519320360211093,36,0.003515625
0111010001,5078,"[1, 2, 0, 3]",600,84.3050479888916,False,9.519320360211093,36,0.003515625
0111010001,5079,"[1, 0, 2, 3]",315,84.31863784790039,True,9.519320360211093,36,0.003515625
0111010001,5080,"[1, 2, 0, 3]",600,84.3362808227539,False,9.519320360211093,36,0.003515625
0111010001,5081,"[1, 0, 2, 3]",315,84.3496322631836,True,9.519320360211093,36,0.003515625
0111010001,5082,"[1, 2, 0, 3]",600,84.36703681945801,False,9.519320360211093,36,0.003515625
0111010001,5083,"[1, 0, 2, 3]",315,84.3801498413086,True,9.519320360211093,36,0.003515625
0111010001,5084,"[1, 2, 0, 3]",600,84.39755439758301,False,9.519320360211093,36,0.003515625
0111010001,5085,"[1, 0, 2, 3]",315,84.41042900085449,True,9.519320360211093,36,0.003515625
0111010001,5086,"[1, 2, 0, 3]",600,84.4275951385498,False,9.519320360211093,36,0.003515625
0111010001,5087,"[1, 0, 2, 3]",315,84.44094657897949,True,9.519320360211093,36,0.003515625
0111010001,5088,"[1, 2, 0, 3]",600,84.4581127166748,False,9.519320360211093,36,0.003515625
0111010001,5089,"[1, 0, 2, 3]",315,84.47146415710449,True,9.519320360211093,36,0.003515625
0111010001,5090,"[1, 2, 0, 3]",600,84.4888687133789,False,9.519320360211093,36,0.003515625
0111010001,5091,"[1, 0, 2, 3]",315,84.50198173522949,True,9.519320360211093,36,0.003515625
0111010001,5092,"[1, 2, 0, 3]",600,84.51986312866211,False,9.519320360211093,36,0.003515625
0111010001,5093,"[1, 0, 2, 3]",315,84.5329761505127,True,9.519320360211093,36,0.003515625
0111010001,5094,"[1, 2, 0, 3]",600,84.55228805541992,False,9.519320360211093,36,0.003515625
0111010001,5095,"[1, 0, 2, 3]",315,84.56540107727051,True,9.519320360211093,36,0.003515625
0111010001,5096,"[1, 2, 0, 3]",600,84.58280563354492,False,9.519320360211093,36,0.003515625
0111010001,5097,"[1, 0, 2, 3]",315,84.59591865539551,True,9.519320360211093,36,0.003515625
0111010001,5098,"[1, 2, 0, 3]",600,84.61308479309082,False,9.519320360211093,36,0.003515625
0111010001,5099,"[1, 0, 2, 3]",315,84.6257209777832,True,9.519320360211093,36,0.003515625
0111010001,5100,"[1, 2, 0, 3]",600,84.64360237121582,False,9.519320360211093,36,0.003515625
0111010001,5101,"[1, 0, 2, 3]",315,84.6562385559082,True,9.519320360211093,36,0.003515625
0111010001,5102,"[1, 2, 0, 3]",600,84.67388153076172,False,9.519320360211093,36,0.003515625
0111010001,5103,"[1, 0, 2, 3]",315,84.6869945526123,True,9.519320360211093,36,0.003515625
0111010001,5104,"[1, 2, 0, 3]",600,84.70439910888672,False,9.519320360211093,36,0.003515625
0111010001,5105,"[1, 0, 2, 3]",315,84.7175121307373,True,9.519320360211093,36,0.003515625
0111010001,5106,"[1, 2, 0, 3]",600,84.73515510559082,False,9.519320360211093,36,0.003515625
0111010001,5107,"[1, 0, 2, 3]",315,84.74850654602051,True,9.519320360211093,36,0.003515625
0111010001,5108,"[1, 2, 0, 3]",600,84.76614952087402,False,9.519320360211093,36,0.003515625
0111010001,5109,"[1, 0, 2, 3]",315,84.77997779846191,True,9.519320360211093,36,0.003515625
0111010001,5110,"[1, 2, 0, 3]",600,84.81550216674805,False,9.519320360211093,36,0.003515625
0111010001,5111,"[1, 0, 2, 3]",315,84.82956886291504,True,9.519320360211093,36,0.003515625
0111010001,5112,"[1, 2, 0, 3]",600,84.84768867492676,False,9.519320360211093,36,0.003515625
0111010001,5113,"[1, 0, 2, 3]",315,84.86175537109375,True,9.519320360211093,36,0.003515625
0111010001,5114,"[1, 2, 0, 3]",600,84.88202095031738,False,9.519320360211093,36,0.003515625
0111010001,5115,"[1, 0, 2, 3]",315,84.89584922790527,True,9.519320360211093,36,0.003515625
0111010001,5116,"[1, 2, 0, 3]",600,84.9144458770752,False,9.519320360211093,36,0.003515625
0111010001,5117,"[1, 0, 2, 3]",315,84.92779731750488,True,9.519320360211093,36,0.003515625
0111010001,5118,"[1, 2, 0, 3]",600,84.9466323852539,False,9.519320360211093,36,0.003515625
0111010001,5119,"[1, 0, 2, 3]",315,84.9602222442627,True,9.519320360211093,36,0.003515625
0111010001,5120,"[1, 2, 0, 3]",600,84.97858047485352,False,9.519320360211093,36,0.003515625
0111010001,5121,"[1, 0, 2, 3]",315,84.9921703338623,True,9.519320360211093,36,0.003515625
0111010001,5122,"[1, 2, 0, 3]",600,85.01052856445312,False,9.519320360211093,36,0.003515625
0111010001,5123,"[1, 0, 2, 3]",315,85.02435684204102,True,9.519320360211093,36,0.003515625
0111010001,5124,"[1, 2, 0, 3]",600,85.04271507263184,False,9.519320360211093,36,0.003515625
0111010001,5125,"[1, 0, 2, 3]",315,85.05606651306152,True,9.519320360211093,36,0.003515625
0111010001,5126,"[1, 2, 0, 3]",600,85.07490158081055,False,9.519320360211093,36,0.003515625
0111010001,5127,"[1, 0, 2, 3]",315,85.08849143981934,True,9.519320360211093,36,0.003515625
0111010001,5128,"[1, 2, 0, 3]",600,85.10684967041016,False,9.519320360211093,36,0.003515625
0111010001,5129,"[1, 0, 2, 3]",315,85.12043952941895,True,9.519320360211093,36,0.003515625
0111010001,5130,"[1, 2, 0, 3]",600,85.13855934143066,False,9.519320360211093,36,0.003515625
0111010001,5131,"[1, 0, 2, 3]",315,85.15214920043945,True,9.519320360211093,36,0.003515625
0111010001,5132,"[1, 2, 0, 3]",600,85.17050743103027,False,9.519320360211093,36,0.003515625
0111010001,5133,"[1, 0, 2, 3]",315,85.18433570861816,True,9.519320360211093,36,0.003515625
0011101101,5134,"[3, 1, 2, 0]",9450,85.20317077636719,False,26.3691454391604,36,0.003515625
0011101101,5135,"[3, 1, 0, 2]",900,85.21747589111328,True,26.3691454391604,36,0.003515625
0011101101,5136,"[3, 1, 2, 0]",9450,85.23821830749512,False,26.3691454391604,36,0.003515625
0011101101,5137,"[3, 1, 0, 2]",900,85.25252342224121,True,26.3691454391604,36,0.003515625
0011101101,5138,"[3, 1, 2, 0]",9450,85.27088165283203,False,26.3691454391604,36,0.003515625
0011101101,5139,"[3, 1, 0, 2]",900,85.28494834899902,True,26.3691454391604,36,0.003515625
0011101101,5140,"[3, 1, 2, 0]",9450,85.30330657958984,False,26.3691454391604,36,0.003515625
0011101101,5141,"[3, 1, 0, 2]",900,85.31737327575684,True,26.3691454391604,36,0.003515625
0011101101,5142,"[3, 1, 2, 0]",9450,85.33549308776855,False,26.3691454391604,36,0.003515625
0011101101,5143,"[3, 1, 0, 2]",900,85.34955978393555,True,26.3691454391604,36,0.003515625
0011101101,5144,"[3, 1, 2, 0]",9450,85.36767959594727,False,26.3691454391604,36,0.003515625
0011101101,5145,"[3, 1, 0, 2]",900,85.38150787353516,True,26.3691454391604,36,0.003515625
0011101101,5146,"[3, 1, 2, 0]",9450,85.40034294128418,False,26.3691454391604,36,0.003515625
0011101101,5147,"[3, 1, 0, 2]",900,85.41417121887207,True,26.3691454391604,36,0.003515625
0011101101,5148,"[3, 1, 2, 0]",9450,85.43276786804199,False,26.3691454391604,36,0.003515625
0011101101,5149,"[3, 1, 0, 2]",900,85.44659614562988,True,26.3691454391604,36,0.003515625
0011101101,5150,"[3, 1, 2, 0]",9450,85.4649543762207,False,26.3691454391604,36,0.003515625
0011101101,5151,"[3, 1, 0, 2]",900,85.4787826538086,True,26.3691454391604,36,0.003515625
0011101101,5152,"[3, 1, 2, 0]",9450,85.49714088439941,False,26.3691454391604,36,0.003515625
0011101101,5153,"[3, 1, 0, 2]",900,85.5107307434082,True,26.3691454391604,36,0.003515625
0011101101,5154,"[3, 1, 2, 0]",9450,85.52932739257812,False,26.3691454391604,36,0.003515625
0011101101,5155,"[3, 1, 0, 2]",900,85.54339408874512,True,26.3691454391604,36,0.003515625
0011101101,5156,"[3, 1, 2, 0]",9450,85.56365966796875,False,26.3691454391604,36,0.003515625
0011101101,5157,"[3, 1, 0, 2]",900,85.57748794555664,True,26.3691454391604,36,0.003515625
0011101101,5158,"[3, 1, 2, 0]",9450,85.59608459472656,False,26.3691454391604,36,0.003515625
0011101101,5159,"[3, 1, 0, 2]",900,85.61015129089355,True,26.3691454391604,36,0.003515625
0011101101,5160,"[3, 1, 2, 0]",9450,85.62946319580078,False,26.3691454391604,36,0.003515625
0011101101,5161,"[3, 1, 0, 2]",900,85.64352989196777,True,26.3691454391604,36,0.003515625
0011101101,5162,"[3, 1, 2, 0]",9450,85.66427230834961,False,26.3691454391604,36,0.003515625
0011101101,5163,"[3, 1, 0, 2]",900,85.6783390045166,True,26.3691454391604,36,0.003515625
0011101101,5164,"[3, 1, 2, 0]",9450,85.69693565368652,False,26.3691454391604,36,0.003515625
0011101101,5165,"[3, 1, 0, 2]",900,85.71100234985352,True,26.3691454391604,36,0.003515625
0011101101,5166,"[3, 1, 2, 0]",9450,85.72959899902344,False,26.3691454391604,36,0.003515625
0011101101,5167,"[3, 1, 0, 2]",900,85.74342727661133,True,26.3691454391604,36,0.003515625
0011101101,5168,"[3, 1, 2, 0]",9450,85.76202392578125,False,26.3691454391604,36,0.003515625
0011101101,5169,"[3, 1, 0, 2]",900,85.78610420227051,True,26.3691454391604,36,0.003515625
0011101101,5170,"[3, 1, 2, 0]",9450,85.80374717712402,False,26.3691454391604,36,0.003515625
0011101101,5171,"[3, 1, 0, 2]",900,85.81733703613281,True,26.3691454391604,36,0.003515625
0011101101,5172,"[3, 1, 2, 0]",9450,85.83474159240723,False,26.3691454391604,36,0.003515625
0011101101,5173,"[3, 1, 0, 2]",900,85.84785461425781,True,26.3691454391604,36,0.003515625
0011101101,5174,"[3, 1, 2, 0]",9450,85.86597442626953,False,26.3691454391604,36,0.003515625
0011101101,5175,"[3, 1, 0, 2]",900,85.87884902954102,True,26.3691454391604,36,0.003515625
0011101101,5176,"[3, 1, 2, 0]",9450,85.89696884155273,False,26.3691454391604,36,0.003515625
0011101101,5177,"[3, 1, 0, 2]",900,85.91008186340332,True,26.3691454391604,36,0.003515625
0011101101,5178,"[3, 1, 2, 0]",9450,85.92987060546875,False,26.3691454391604,36,0.003515625
0011101101,5179,"[3, 1, 0, 2]",900,85.94298362731934,True,26.3691454391604,36,0.003515625
0011101101,5180,"[3, 1, 2, 0]",9450,85.96086502075195,False,26.3691454391604,36,0.003515625
0011101101,5181,"[3, 1, 0, 2]",900,85.97397804260254,True,26.3691454391604,36,0.003515625
0011101101,5182,"[3, 1, 2, 0]",9450,85.99185943603516,False,26.3691454391604,36,0.003515625
0011101101,5183,"[3, 1, 0, 2]",900,86.00473403930664,True,26.3691454391604,36,0.003515625
0011101101,5184,"[3, 1, 2, 0]",9450,86.02237701416016,False,26.3691454391604,36,0.003515625
0011101101,5185,"[3, 1, 0, 2]",900,86.03572845458984,True,26.3691454391604,36,0.003515625
0011101101,5186,"[3, 1, 2, 0]",9450,86.05337142944336,False,26.3691454391604,36,0.003515625
0011101101,5187,"[3, 1, 0, 2]",900,86.06719970703125,True,26.3691454391604,36,0.003515625
0011101101,5188,"[3, 1, 2, 0]",9450,86.08508110046387,False,26.3691454391604,36,0.003515625
0011101101,5189,"[3, 1, 0, 2]",900,86.09867095947266,True,26.3691454391604,36,0.003515625
0011101101,5190,"[3, 1, 2, 0]",9450,86.11631393432617,False,26.3691454391604,36,0.003515625
0011101101,5191,"[3, 1, 0, 2]",900,86.12990379333496,True,26.3691454391604,36,0.003515625
0011101101,5192,"[3, 1, 2, 0]",9450,86.14921569824219,False,26.3691454391604,36,0.003515625
0011101101,5193,"[3, 1, 0, 2]",900,86.16280555725098,True,26.3691454391604,36,0.003515625
0011101101,5194,"[3, 1, 2, 0]",9450,86.18044853210449,False,26.3691454391604,36,0.003515625
0011101101,5195,"[3, 1, 0, 2]",900,86.19356155395508,True,26.3691454391604,36,0.003515625
0011101101,5196,"[3, 1, 2, 0]",9450,86.21096611022949,False,26.3691454391604,36,0.003515625
0011101101,5197,"[3, 1, 0, 2]",900,86.22455596923828,True,26.3691454391604,36,0.003515625
0011101101,5198,"[3, 1, 2, 0]",9450,86.24410629272461,False,26.3691454391604,36,0.003515625
0011101101,5199,"[3, 1, 0, 2]",900,86.2569808959961,True,26.3691454391604,36,0.003515625
0011101101,5200,"[3, 1, 2, 0]",9450,86.27438545227051,False,26.3691454391604,36,0.003515625
0011101101,5201,"[3, 1, 0, 2]",900,86.2877368927002,True,26.3691454391604,36,0.003515625
0011101101,5202,"[3, 1, 2, 0]",9450,86.30537986755371,False,26.3691454391604,36,0.003515625
0011101101,5203,"[3, 1, 0, 2]",900,86.3184928894043,True,26.3691454391604,36,0.003515625
0011101101,5204,"[3, 1, 2, 0]",9450,86.33661270141602,False,26.3691454391604,36,0.003515625
0011101101,5205,"[3, 1, 0, 2]",900,86.3494873046875,True,26.3691454391604,36,0.003515625
1001000100,5206,"[0, 3, 1, 2]",750,86.36760711669922,False,14.039536643254078,35,0.00341796875
1001000100,5207,"[0, 1, 3, 2]",465,86.38119697570801,True,14.039536643254078,35,0.00341796875
1001000100,5208,"[0, 3, 1, 2]",750,86.39883995056152,False,14.039536643254078,35,0.00341796875
1001000100,5209,"[0, 1, 3, 2]",465,86.41195297241211,True,14.039536643254078,35,0.00341796875
1001000100,5210,"[0, 3, 1, 2]",750,86.42983436584473,False,14.039536643254078,35,0.00341796875
1001000100,5211,"[0, 1, 3, 2]",465,86.44247055053711,True,14.039536643254078,35,0.00341796875
1001000100,5212,"[0, 3, 1, 2]",750,86.46297454833984,False,14.039536643254078,35,0.00341796875
1001000100,5213,"[0, 1, 3, 2]",465,86.47584915161133,True,14.039536643254078,35,0.00341796875
1001000100,5214,"[0, 3, 1, 2]",750,86.49349212646484,False,14.039536643254078,35,0.00341796875
1001000100,5215,"[0, 1, 3, 2]",465,86.50636672973633,True,14.039536643254078,35,0.00341796875
1001000100,5216,"[0, 3, 1, 2]",750,86.52400970458984,False,14.039536643254078,35,0.00341796875
1001000100,5217,"[0, 1, 3, 2]",465,86.53712272644043,True,14.039536643254078,35,0.00341796875
1001000100,5218,"[0, 3, 1, 2]",750,86.55476570129395,False,14.039536643254078,35,0.00341796875
1001000100,5219,"[0, 1, 3, 2]",465,86.56811714172363,True,14.039536643254078,35,0.00341796875
1001000100,5220,"[0, 3, 1, 2]",750,86.58719062805176,False,14.039536643254078,35,0.00341796875
1001000100,5221,"[0, 1, 3, 2]",465,86.60054206848145,True,14.039536643254078,35,0.00341796875
1001000100,5222,"[0, 3, 1, 2]",750,86.61770820617676,False,14.039536643254078,35,0.00341796875
1001000100,5223,"[0, 1, 3, 2]",465,86.63082122802734,True,14.039536643254078,35,0.00341796875
1001000100,5224,"[0, 3, 1, 2]",750,86.64798736572266,False,14.039536643254078,35,0.00341796875
1001000100,5225,"[0, 1, 3, 2]",465,86.66110038757324,True,14.039536643254078,35,0.00341796875
1001000100,5226,"[0, 3, 1, 2]",750,86.67850494384766,False,14.039536643254078,35,0.00341796875
1001000100,5227,"[0, 1, 3, 2]",465,86.69137954711914,True,14.039536643254078,35,0.00341796875
1001000100,5228,"[0, 3, 1, 2]",750,86.70878410339355,False,14.039536643254078,35,0.00341796875
1001000100,5229,"[0, 1, 3, 2]",465,86.72189712524414,True,14.039536643254078,35,0.00341796875
1001000100,5230,"[0, 3, 1, 2]",750,86.73954010009766,False,14.039536643254078,35,0.00341796875
1001000100,5231,"[0, 1, 3, 2]",465,86.75241470336914,True,14.039536643254078,35,0.00341796875
1001000100,5232,"[0, 3, 1, 2]",750,86.77005767822266,False,14.039536643254078,35,0.00341796875
1001000100,5233,"[0, 1, 3, 2]",465,86.78293228149414,True,14.039536643254078,35,0.00341796875
1001000100,5234,"[0, 3, 1, 2]",750,86.80009841918945,False,14.039536643254078,35,0.00341796875
1001000100,5235,"[0, 1, 3, 2]",465,86.81273460388184,True,14.039536643254078,35,0.00341796875
1001000100,5236,"[0, 3, 1, 2]",750,86.83061599731445,False,14.039536643254078,35,0.00341796875
1001000100,5237,"[0, 1, 3, 2]",465,86.84301376342773,True,14.039536643254078,35,0.00341796875
1001000100,5238,"[0, 3, 1, 2]",750,86.86041831970215,False,14.039536643254078,35,0.00341796875
1001000100,5239,"[0, 1, 3, 2]",465,86.87353134155273,True,14.039536643254078,35,0.00341796875
1001000100,5240,"[0, 3, 1, 2]",750,86.89308166503906,False,14.039536643254078,35,0.00341796875
1001000100,5241,"[0, 1, 3, 2]",465,86.90619468688965,True,14.039536643254078,35,0.00341796875
1001000100,5242,"[0, 3, 1, 2]",750,86.92359924316406,False,14.039536643254078,35,0.00341796875
1001000100,5243,"[0, 1, 3, 2]",465,86.93671226501465,True,14.039536643254078,35,0.00341796875
1001000100,5244,"[0, 3, 1, 2]",750,86.95435523986816,False,14.039536643254078,35,0.00341796875
1001000100,5245,"[0, 1, 3, 2]",465,86.96770668029785,True,14.039536643254078,35,0.00341796875
1001000100,5246,"[0, 3, 1, 2]",750,86.98511123657227,False,14.039536643254078,35,0.00341796875
1001000100,5247,"[0, 1, 3, 2]",465,86.99822425842285,True,14.039536643254078,35,0.00341796875
1001000100,5248,"[0, 3, 1, 2]",750,87.01562881469727,False,14.039536643254078,35,0.00341796875
1001000100,5249,"[0, 1, 3, 2]",465,87.02874183654785,True,14.039536643254078,35,0.00341796875
1001000100,5250,"[0, 3, 1, 2]",750,87.04614639282227,False,14.039536643254078,35,0.00341796875
1001000100,5251,"[0, 1, 3, 2]",465,87.05878257751465,True,14.039536643254078,35,0.00341796875
1001000100,5252,"[0, 3, 1, 2]",750,87.07618713378906,False,14.039536643254078,35,0.00341796875
1001000100,5253,"[0, 1, 3, 2]",465,87.08930015563965,True,14.039536643254078,35,0.00341796875
1001000100,5254,"[0, 3, 1, 2]",750,87.10694313049316,False,14.039536643254078,35,0.00341796875
1001000100,5255,"[0, 1, 3, 2]",465,87.11957931518555,True,14.039536643254078,35,0.00341796875
1001000100,5256,"[0, 3, 1, 2]",750,87.13698387145996,False,14.039536643254078,35,0.00341796875
1001000100,5257,"[0, 1, 3, 2]",465,87.14962005615234,True,14.039536643254078,35,0.00341796875
1001000100,5258,"[0, 3, 1, 2]",750,87.16678619384766,False,14.039536643254078,35,0.00341796875
1001000100,5259,"[0, 1, 3, 2]",465,87.17966079711914,True,14.039536643254078,35,0.00341796875
1001000100,5260,"[0, 3, 1, 2]",750,87.19897270202637,False,14.039536643254078,35,0.00341796875
1001000100,5261,"[0, 1, 3, 2]",465,87.21184730529785,True,14.039536643254078,35,0.00341796875
1001000100,5262,"[0, 3, 1, 2]",750,87.23115921020508,False,14.039536643254078,35,0.00341796875
1001000100,5263,"[0, 1, 3, 2]",465,87.24403381347656,True,14.039536643254078,35,0.00341796875
1001000100,5264,"[0, 3, 1, 2]",750,87.26167678833008,False,14.039536643254078,35,0.00341796875
1001000100,5265,"[0, 1, 3, 2]",465,87.27431297302246,True,14.039536643254078,35,0.00341796875
1001000100,5266,"[0, 3, 1, 2]",750,87.29171752929688,False,14.039536643254078,35,0.00341796875
1001000100,5267,"[0, 1, 3, 2]",465,87.30459213256836,True,14.039536643254078,35,0.00341796875
1001000100,5268,"[0, 3, 1, 2]",750,87.32175827026367,False,14.039536643254078,35,0.00341796875
1001000100,5269,"[0, 1, 3, 2]",465,87.33487129211426,True,14.039536643254078,35,0.00341796875
1001000100,5270,"[0, 3, 1, 2]",750,87.35227584838867,False,14.039536643254078,35,0.00341796875
1001000100,5271,"[0, 1, 3, 2]",465,87.36467361450195,True,14.039536643254078,35,0.00341796875
1001000100,5272,"[0, 3, 1, 2]",750,87.38207817077637,False,14.039536643254078,35,0.00341796875
1001000100,5273,"[0, 1, 3, 2]",465,87.39471435546875,True,14.039536643254078,35,0.00341796875
1001000100,5274,"[0, 3, 1, 2]",750,87.41211891174316,False,14.039536643254078,35,0.00341796875
1001000100,5275,"[0, 1, 3, 2]",465,87.42475509643555,True,14.039536643254078,35,0.00341796875
0110010110,5276,"[1, 3, 2, 0]",9450,87.44215965270996,False,20.305435002291304,35,0.00341796875
0110010110,5277,"[1, 0, 3, 2]",465,87.45551109313965,True,20.305435002291304,35,0.00341796875
0110010110,5278,"[1, 3, 2, 0]",9450,87.47291564941406,False,20.305435002291304,35,0.00341796875
0110010110,5279,"[1, 0, 3, 2]",465,87.48579025268555,True,20.305435002291304,35,0.00341796875
0110010110,5280,"[1, 3, 2, 0]",9450,87.50367164611816,False,20.305435002291304,35,0.00341796875
0110010110,5281,"[1, 0, 3, 2]",465,87.51678466796875,True,20.305435002291304,35,0.00341796875
0110010110,5282,"[1, 3, 2, 0]",9450,87.53705024719238,False,20.305435002291304,35,0.00341796875
0110010110,5283,"[1, 0, 3, 2]",465,87.55016326904297,True,20.305435002291304,35,0.00341796875
0110010110,5284,"[1, 3, 2, 0]",9450,87.56804466247559,False,20.305435002291304,35,0.00341796875
0110010110,5285,"[1, 0, 3, 2]",465,87.58115768432617,True,20.305435002291304,35,0.00341796875
0110010110,5286,"[1, 3, 2, 0]",9450,87.59903907775879,False,20.305435002291304,35,0.00341796875
0110010110,5287,"[1, 0, 3, 2]",465,87.61215209960938,True,20.305435002291304,35,0.00341796875
0110010110,5288,"[1, 3, 2, 0]",9450,87.62979507446289,False,20.305435002291304,35,0.00341796875
0110010110,5289,"[1, 0, 3, 2]",465,87.64290809631348,True,20.305435002291304,35,0.00341796875
0110010110,5290,"[1, 3, 2, 0]",9450,87.66055107116699,False,20.305435002291304,35,0.00341796875
0110010110,5291,"[1, 0, 3, 2]",465,87.67342567443848,True,20.305435002291304,35,0.00341796875
0110010110,5292,"[1, 3, 2, 0]",9450,87.69106864929199,False,20.305435002291304,35,0.00341796875
0110010110,5293,"[1, 0, 3, 2]",465,87.70418167114258,True,20.305435002291304,35,0.00341796875
0110010110,5294,"[1, 3, 2, 0]",9450,87.72158622741699,False,20.305435002291304,35,0.00341796875
0110010110,5295,"[1, 0, 3, 2]",465,87.73493766784668,True,20.305435002291304,35,0.00341796875
0110010110,5296,"[1, 3, 2, 0]",9450,87.7525806427002,False,20.305435002291304,35,0.00341796875
0110010110,5297,"[1, 0, 3, 2]",465,87.76617050170898,True,20.305435002291304,35,0.00341796875
0110010110,5298,"[1, 3, 2, 0]",9450,87.7835750579834,False,20.305435002291304,35,0.00341796875
0110010110,5299,"[1, 0, 3, 2]",465,87.79692649841309,True,20.305435002291304,35,0.00341796875
0110010110,5300,"[1, 3, 2, 0]",9450,87.8143310546875,False,20.305435002291304,35,0.00341796875
0110010110,5301,"[1, 0, 3, 2]",465,87.82792091369629,True,20.305435002291304,35,0.00341796875
0110010110,5302,"[1, 3, 2, 0]",9450,87.84890174865723,False,20.305435002291304,35,0.00341796875
0110010110,5303,"[1, 0, 3, 2]",465,87.86225318908691,True,20.305435002291304,35,0.00341796875
0110010110,5304,"[1, 3, 2, 0]",9450,87.89634704589844,False,20.305435002291304,35,0.00341796875
0110010110,5305,"[1, 0, 3, 2]",465,87.90993690490723,True,20.305435002291304,35,0.00341796875
0110010110,5306,"[1, 3, 2, 0]",9450,87.93830871582031,False,20.305435002291304,35,0.00341796875
0110010110,5307,"[1, 0, 3, 2]",465,87.9514217376709,True,20.305435002291304,35,0.00341796875
0110010110,5308,"[1, 3, 2, 0]",9450,87.97979354858398,False,20.305435002291304,35,0.00341796875
0110010110,5309,"[1, 0, 3, 2]",465,87.99362182617188,True,20.305435002291304,35,0.00341796875
0110010110,5310,"[1, 3, 2, 0]",9450,88.02533149719238,False,20.305435002291304,35,0.00341796875
0110010110,5311,"[1, 0, 3, 2]",465,88.05727958679199,True,20.305435002291304,35,0.00341796875
0110010110,5312,"[1, 3, 2, 0]",9450,88.07992935180664,False,20.305435002291304,35,0.00341796875
0110010110,5313,"[1, 0, 3, 2]",465,88.09423446655273,True,20.305435002291304,35,0.00341796875
0110010110,5314,"[1, 3, 2, 0]",9450,88.11259269714355,False,20.305435002291304,35,0.00341796875
0110010110,5315,"[1, 0, 3, 2]",465,88.12594413757324,True,20.305435002291304,35,0.00341796875
0110010110,5316,"[1, 3, 2, 0]",9450,88.14358711242676,False,20.305435002291304,35,0.00341796875
0110010110,5317,"[1, 0, 3, 2]",465,88.15693855285645,True,20.305435002291304,35,0.00341796875
0110010110,5318,"[1, 3, 2, 0]",9450,88.17434310913086,False,20.305435002291304,35,0.00341796875
0110010110,5319,"[1, 0, 3, 2]",465,88.18697929382324,True,20.305435002291304,35,0.00341796875
0110010110,5320,"[1, 3, 2, 0]",9450,88.20462226867676,False,20.305435002291304,35,0.00341796875
0110010110,5321,"[1, 0, 3, 2]",465,88.21773529052734,True,20.305435002291304,35,0.00341796875
0110010110,5322,"[1, 3, 2, 0]",9450,88.23513984680176,False,20.305435002291304,35,0.00341796875
0110010110,5323,"[1, 0, 3, 2]",465,88.24849128723145,True,20.305435002291304,35,0.00341796875
0110010110,5324,"[1, 3, 2, 0]",9450,88.26828002929688,False,20.305435002291304,35,0.00341796875
0110010110,5325,"[1, 0, 3, 2]",465,88.28186988830566,True,20.305435002291304,35,0.00341796875
0110010110,5326,"[1, 3, 2, 0]",9450,88.29927444458008,False,20.305435002291304,35,0.00341796875
0110010110,5327,"[1, 0, 3, 2]",465,88.31262588500977,True,20.305435002291304,35,0.00341796875
0110010110,5328,"[1, 3, 2, 0]",9450,88.33050727844238,False,20.305435002291304,35,0.00341796875
0110010110,5329,"[1, 0, 3, 2]",465,88.34362030029297,True,20.305435002291304,35,0.00341796875
0110010110,5330,"[1, 3, 2, 0]",9450,88.36102485656738,False,20.305435002291304,35,0.00341796875
0110010110,5331,"[1, 0, 3, 2]",465,88.37437629699707,True,20.305435002291304,35,0.00341796875
0110010110,5332,"[1, 3, 2, 0]",9450,88.39178085327148,False,20.305435002291304,35,0.00341796875
0110010110,5333,"[1, 0, 3, 2]",465,88.40513229370117,True,20.305435002291304,35,0.00341796875
0110010110,5334,"[1, 3, 2, 0]",9450,88.42253684997559,False,20.305435002291304,35,0.00341796875
0110010110,5335,"[1, 0, 3, 2]",465,88.43588829040527,True,20.305435002291304,35,0.00341796875
0110010110,5336,"[1, 3, 2, 0]",9450,88.45329284667969,False,20.305435002291304,35,0.00341796875
0110010110,5337,"[1, 0, 3, 2]",465,88.46664428710938,True,20.305435002291304,35,0.00341796875
0110010110,5338,"[1, 3, 2, 0]",9450,88.48428726196289,False,20.305435002291304,35,0.00341796875
0110010110,5339,"[1, 0, 3, 2]",465,88.51957321166992,True,20.305435002291304,35,0.00341796875
0110010110,5340,"[1, 3, 2, 0]",9450,88.53769302368164,False,20.305435002291304,35,0.00341796875
0110010110,5341,"[1, 0, 3, 2]",465,88.55104446411133,True,20.305435002291304,35,0.00341796875
0110010110,5342,"[1, 3, 2, 0]",9450,88.56868743896484,False,20.305435002291304,35,0.00341796875
0110010110,5343,"[1, 0, 3, 2]",465,88.58227729797363,True,20.305435002291304,35,0.00341796875
0110010110,5344,"[1, 3, 2, 0]",9450,88.60015869140625,False,20.305435002291304,35,0.00341796875
0110010110,5345,"[1, 0, 3, 2]",465,88.61374855041504,True,20.305435002291304,35,0.00341796875
1001011111,5346,"[3, 0, 2, 1]",6300,88.63329887390137,False,16.909436005722952,35,0.00341796875
1001011111,5347,"[3, 0, 1, 2]",750,88.64688873291016,True,16.909436005722952,35,0.00341796875
1001011111,5348,"[3, 0, 2, 1]",6300,88.66500854492188,False,16.909436005722952,35,0.00341796875
1001011111,5349,"[3, 0, 1, 2]",750,88.67835998535156,True,16.909436005722952,35,0.00341796875
1001011111,5350,"[3, 0, 2, 1]",6300,88.69600296020508,False,16.909436005722952,35,0.00341796875
1001011111,5351,"[3, 0, 1, 2]",750,88.70935440063477,True,16.909436005722952,35,0.00341796875
1001011111,5352,"[3, 0, 2, 1]",6300,88.72723579406738,False,16.909436005722952,35,0.00341796875
1001011111,5353,"[3, 0, 1, 2]",750,88.74058723449707,True,16.909436005722952,35,0.00341796875
1001011111,5354,"[3, 0, 2, 1]",6300,88.75846862792969,False,16.909436005722952,35,0.00341796875
1001011111,5355,"[3, 0, 1, 2]",750,88.77253532409668,True,16.909436005722952,35,0.00341796875
1001011111,5356,"[3, 0, 2, 1]",6300,88.7901782989502,False,16.909436005722952,35,0.00341796875
1001011111,5357,"[3, 0, 1, 2]",750,88.80424499511719,True,16.909436005722952,35,0.00341796875
1001011111,5358,"[3, 0, 2, 1]",6300,88.8218879699707,False,16.909436005722952,35,0.00341796875
1001011111,5359,"[3, 0, 1, 2]",750,88.8357162475586,True,16.909436005722952,35,0.00341796875
1001011111,5360,"[3, 0, 2, 1]",6300,88.85550498962402,False,16.909436005722952,35,0.00341796875
1001011111,5361,"[3, 0, 1, 2]",750,88.86933326721191,True,16.909436005722952,35,0.00341796875
1001011111,5362,"[3, 0, 2, 1]",6300,88.88888359069824,False,16.909436005722952,35,0.00341796875
1001011111,5363,"[3, 0, 1, 2]",750,88.90223503112793,True,16.909436005722952,35,0.00341796875
1001011111,5364,"[3, 0, 2, 1]",6300,88.91987800598145,False,16.909436005722952,35,0.00341796875
1001011111,5365,"[3, 0, 1, 2]",750,88.93346786499023,True,16.909436005722952,35,0.00341796875
1001011111,5366,"[3, 0, 2, 1]",6300,88.95277976989746,False,16.909436005722952,35,0.00341796875
1001011111,5367,"[3, 0, 1, 2]",750,88.96613121032715,True,16.909436005722952,35,0.00341796875
1001011111,5368,"[3, 0, 2, 1]",6300,88.98377418518066,False,16.909436005722952,35,0.00341796875
1001011111,5369,"[3, 0, 1, 2]",750,88.99688720703125,True,16.909436005722952,35,0.00341796875
1001011111,5370,"[3, 0, 2, 1]",6300,89.01476860046387,False,16.909436005722952,35,0.00341796875
1001011111,5371,"[3, 0, 1, 2]",750,89.02740478515625,True,16.909436005722952,35,0.00341796875
1001011111,5372,"[3, 0, 2, 1]",6300,89.07866477966309,False,16.909436005722952,35,0.00341796875
1001011111,5373,"[3, 0, 1, 2]",750,89.09487724304199,True,16.909436005722952,35,0.00341796875
1001011111,5374,"[3, 0, 2, 1]",6300,89.11299705505371,False,16.909436005722952,35,0.00341796875
1001011111,5375,"[3, 0, 1, 2]",750,89.1258716583252,True,16.909436005722952,35,0.00341796875
1001011111,5376,"[3, 0, 2, 1]",6300,89.14375305175781,False,16.909436005722952,35,0.00341796875
1001011111,5377,"[3, 0, 1, 2]",750,89.1566276550293,True,16.909436005722952,35,0.00341796875
1001011111,5378,"[3, 0, 2, 1]",6300,89.17427062988281,False,16.909436005722952,35,0.00341796875
1001011111,5379,"[3, 0, 1, 2]",750,89.1866683959961,True,16.909436005722952,35,0.00341796875
1001011111,5380,"[3, 0, 2, 1]",6300,89.20454978942871,False,16.909436005722952,35,0.00341796875
1001011111,5381,"[3, 0, 1, 2]",750,89.2174243927002,True,16.909436005722952,35,0.00341796875
1001011111,5382,"[3, 0, 2, 1]",6300,89.23506736755371,False,16.909436005722952,35,0.00341796875
1001011111,5383,"[3, 0, 1, 2]",750,89.2479419708252,True,16.909436005722952,35,0.00341796875
1001011111,5384,"[3, 0, 2, 1]",6300,89.26582336425781,False,16.909436005722952,35,0.00341796875
1001011111,5385,"[3, 0, 1, 2]",750,89.29443359375,True,16.909436005722952,35,0.00341796875
1001011111,5386,"[3, 0, 2, 1]",6300,89.31350708007812,False,16.909436005722952,35,0.00341796875
1001011111,5387,"[3, 0, 1, 2]",750,89.32781219482422,True,16.909436005722952,35,0.00341796875
1001011111,5388,"[3, 0, 2, 1]",6300,89.34831619262695,False,16.909436005722952,35,0.00341796875
1001011111,5389,"[3, 0, 1, 2]",750,89.36381340026855,True,16.909436005722952,35,0.00341796875
1001011111,5390,"[3, 0, 2, 1]",6300,89.38264846801758,False,16.909436005722952,35,0.00341796875
1001011111,5391,"[3, 0, 1, 2]",750,89.39671516418457,True,16.909436005722952,35,0.00341796875
1001011111,5392,"[3, 0, 2, 1]",6300,89.41483497619629,False,16.909436005722952,35,0.00341796875
1001011111,5393,"[3, 0, 1, 2]",750,89.42866325378418,True,16.909436005722952,35,0.00341796875
1001011111,5394,"[3, 0, 2, 1]",6300,89.447021484375,False,16.909436005722952,35,0.00341796875
1001011111,5395,"[3, 0, 1, 2]",750,89.46084976196289,True,16.909436005722952,35,0.00341796875
1001011111,5396,"[3, 0, 2, 1]",6300,89.47896957397461,False,16.909436005722952,35,0.00341796875
1001011111,5397,"[3, 0, 1, 2]",750,89.4927978515625,True,16.909436005722952,35,0.00341796875
1001011111,5398,"[3, 0, 2, 1]",6300,89.51115608215332,False,16.909436005722952,35,0.00341796875
1001011111,5399,"[3, 0, 1, 2]",750,89.52450752258301,True,16.909436005722952,35,0.00341796875
1001011111,5400,"[3, 0, 2, 1]",6300,89.54310417175293,False,16.909436005722952,35,0.00341796875
1001011111,5401,"[3, 0, 1, 2]",750,89.55645561218262,True,16.909436005722952,35,0.00341796875
1001011111,5402,"[3, 0, 2, 1]",6300,89.57481384277344,False,16.909436005722952,35,0.00341796875
1001011111,5403,"[3, 0, 1, 2]",750,89.58864212036133,True,16.909436005722952,35,0.00341796875
1001011111,5404,"[3, 0, 2, 1]",6300,89.60700035095215,False,16.909436005722952,35,0.00341796875
1001011111,5405,"[3, 0, 1, 2]",750,89.62035179138184,True,16.909436005722952,35,0.00341796875
1001011111,5406,"[3, 0, 2, 1]",6300,89.63871002197266,False,16.909436005722952,35,0.00341796875
1001011111,5407,"[3, 0, 1, 2]",750,89.65253829956055,True,16.909436005722952,35,0.00341796875
1001011111,5408,"[3, 0, 2, 1]",6300,89.67328071594238,False,16.909436005722952,35,0.00341796875
1001011111,5409,"[3, 0, 1, 2]",750,89.68687057495117,True,16.909436005722952,35,0.00341796875
1001011111,5410,"[3, 0, 2, 1]",6300,89.7054672241211,False,16.909436005722952,35,0.00341796875
1001011111,5411,"[3, 0, 1, 2]",750,89.71929550170898,True,16.909436005722952,35,0.00341796875
1001011111,5412,"[3, 0, 2, 1]",6300,89.73836898803711,False,16.909436005722952,35,0.00341796875
1001011111,5413,"[3, 0, 1, 2]",750,89.7524356842041,True,16.909436005722952,35,0.00341796875
1001011111,5414,"[3, 0, 2, 1]",6300,89.77293968200684,False,16.909436005722952,35,0.00341796875
1001011111,5415,"[3, 0, 1, 2]",750,89.78652954101562,True,16.909436005722952,35,0.00341796875
1110100111,5416,"[0, 2, 1, 3]",500,89.80536460876465,False,18.318016911728506,35,0.00341796875
1110100111,5417,"[0, 1, 2, 3]",315,89.81990814208984,True,18.318016911728506,35,0.00341796875
1110100111,5418,"[0, 2, 1, 3]",500,89.83850479125977,False,18.318016911728506,35,0.00341796875
1110100111,5419,"[0, 1, 2, 3]",315,89.85233306884766,True,18.318016911728506,35,0.00341796875
1110100111,5420,"[0, 2, 1, 3]",500,89.87045288085938,False,18.318016911728506,35,0.00341796875
1110100111,5421,"[0, 1, 2, 3]",315,89.88380432128906,True,18.318016911728506,35,0.00341796875
1110100111,5422,"[0, 2, 1, 3]",500,89.90192413330078,False,18.318016911728506,35,0.00341796875
1110100111,5423,"[0, 1, 2, 3]",315,89.91551399230957,True,18.318016911728506,35,0.00341796875
1110100111,5424,"[0, 2, 1, 3]",500,89.93339538574219,False,18.318016911728506,35,0.00341796875
1110100111,5425,"[0, 1, 2, 3]",315,89.94698524475098,True,18.318016911728506,35,0.00341796875
1110100111,5426,"[0, 2, 1, 3]",500,89.9648666381836,False,18.318016911728506,35,0.00341796875
1110100111,5427,"[0, 1, 2, 3]",315,89.97845649719238,True,18.318016911728506,35,0.00341796875
1110100111,5428,"[0, 2, 1, 3]",500,89.9968147277832,False,18.318016911728506,35,0.00341796875
1110100111,5429,"[0, 1, 2, 3]",315,90.0106430053711,True,18.318016911728506,35,0.00341796875
1110100111,5430,"[0, 2, 1, 3]",500,90.03043174743652,False,18.318016911728506,35,0.00341796875
1110100111,5431,"[0, 1, 2, 3]",315,90.04426002502441,True,18.318016911728506,35,0.00341796875
1110100111,5432,"[0, 2, 1, 3]",500,90.06261825561523,False,18.318016911728506,35,0.00341796875
1110100111,5433,"[0, 1, 2, 3]",315,90.07596969604492,True,18.318016911728506,35,0.00341796875
1110100111,5434,"[0, 2, 1, 3]",500,90.09432792663574,False,18.318016911728506,35,0.00341796875
1110100111,5435,"[0, 1, 2, 3]",315,90.10744094848633,True,18.318016911728506,35,0.00341796875
1110100111,5436,"[0, 2, 1, 3]",500,90.12579917907715,False,18.318016911728506,35,0.00341796875
1110100111,5437,"[0, 1, 2, 3]",315,90.13915061950684,True,18.318016911728506,35,0.00341796875
1110100111,5438,"[0, 2, 1, 3]",500,90.15703201293945,False,18.318016911728506,35,0.00341796875
1110100111,5439,"[0, 1, 2, 3]",315,90.17062187194824,True,18.318016911728506,35,0.00341796875
1110100111,5440,"[0, 2, 1, 3]",500,90.18874168395996,False,18.318016911728506,35,0.00341796875
1110100111,5441,"[0, 1, 2, 3]",315,90.20233154296875,True,18.318016911728506,35,0.00341796875
1110100111,5442,"[0, 2, 1, 3]",500,90.22045135498047,False,18.318016911728506,35,0.00341796875
1110100111,5443,"[0, 1, 2, 3]",315,90.23404121398926,True,18.318016911728506,35,0.00341796875
1110100111,5444,"[0, 2, 1, 3]",500,90.25216102600098,False,18.318016911728506,35,0.00341796875
1110100111,5445,"[0, 1, 2, 3]",315,90.26575088500977,True,18.318016911728506,35,0.00341796875
1110100111,5446,"[0, 2, 1, 3]",500,90.28363227844238,False,18.318016911728506,35,0.00341796875
1110100111,5447,"[0, 1, 2, 3]",315,90.30771255493164,True,18.318016911728506,35,0.00341796875
1110100111,5448,"[0, 2, 1, 3]",500,90.32487869262695,False,18.318016911728506,35,0.00341796875
1110100111,5449,"[0, 1, 2, 3]",315,90.33823013305664,True,18.318016911728506,35,0.00341796875
1110100111,5450,"[0, 2, 1, 3]",500,90.35706520080566,False,18.318016911728506,35,0.00341796875
1110100111,5451,"[0, 1, 2, 3]",315,90.37017822265625,True,18.318016911728506,35,0.00341796875
1110100111,5452,"[0, 2, 1, 3]",500,90.38758277893066,False,18.318016911728506,35,0.00341796875
1110100111,5453,"[0, 1, 2, 3]",315,90.40045738220215,True,18.318016911728506,35,0.00341796875
1110100111,5454,"[0, 2, 1, 3]",500,90.41810035705566,False,18.318016911728506,35,0.00341796875
1110100111,5455,"[0, 1, 2, 3]",315,90.43097496032715,True,18.318016911728506,35,0.00341796875
1110100111,5456,"[0, 2, 1, 3]",500,90.44837951660156,False,18.318016911728506,35,0.00341796875
1110100111,5457,"[0, 1, 2, 3]",315,90.46101570129395,True,18.318016911728506,35,0.00341796875
1110100111,5458,"[0, 2, 1, 3]",500,90.47842025756836,False,18.318016911728506,35,0.00341796875
1110100111,5459,"[0, 1, 2, 3]",315,90.49105644226074,True,18.318016911728506,35,0.00341796875
1110100111,5460,"[0, 2, 1, 3]",500,90.50846099853516,False,18.318016911728506,35,0.00341796875
1110100111,5461,"[0, 1, 2, 3]",315,90.52133560180664,True,18.318016911728506,35,0.00341796875
1110100111,5462,"[0, 2, 1, 3]",500,90.53897857666016,False,18.318016911728506,35,0.00341796875
1110100111,5463,"[0, 1, 2, 3]",315,90.55209159851074,True,18.318016911728506,35,0.00341796875
1110100111,5464,"[0, 2, 1, 3]",500,90.57188034057617,False,18.318016911728506,35,0.00341796875
1110100111,5465,"[0, 1, 2, 3]",315,90.58499336242676,True,18.318016911728506,35,0.00341796875
1110100111,5466,"[0, 2, 1, 3]",500,90.60239791870117,False,18.318016911728506,35,0.00341796875
1110100111,5467,"[0, 1, 2, 3]",315,90.61551094055176,True,18.318016911728506,35,0.00341796875
1110100111,5468,"[0, 2, 1, 3]",500,90.63267707824707,False,18.318016911728506,35,0.00341796875
1110100111,5469,"[0, 1, 2, 3]",315,90.64602851867676,True,18.318016911728506,35,0.00341796875
1110100111,5470,"[0, 2, 1, 3]",500,90.66319465637207,False,18.318016911728506,35,0.00341796875
1110100111,5471,"[0, 1, 2, 3]",315,90.67606925964355,True,18.318016911728506,35,0.00341796875
1110100111,5472,"[0, 2, 1, 3]",500,90.69538116455078,False,18.318016911728506,35,0.00341796875
1110100111,5473,"[0, 1, 2, 3]",315,90.70849418640137,True,18.318016911728506,35,0.00341796875
1110100111,5474,"[0, 2, 1, 3]",500,90.72566032409668,False,18.318016911728506,35,0.00341796875
1110100111,5475,"[0, 1, 2, 3]",315,90.73853492736816,True,18.318016911728506,35,0.00341796875
1110100111,5476,"[0, 2, 1, 3]",500,90.75570106506348,False,18.318016911728506,35,0.00341796875
1110100111,5477,"[0, 1, 2, 3]",315,90.76857566833496,True,18.318016911728506,35,0.00341796875
1110100111,5478,"[0, 2, 1, 3]",500,90.78598022460938,False,18.318016911728506,35,0.00341796875
1110100111,5479,"[0, 1, 2, 3]",315,90.79885482788086,True,18.318016911728506,35,0.00341796875
1110100111,5480,"[0, 2, 1, 3]",500,90.81602096557617,False,18.318016911728506,35,0.00341796875
1110100111,5481,"[0, 1, 2, 3]",315,90.82865715026855,True,18.318016911728506,35,0.00341796875
1110100111,5482,"[0, 2, 1, 3]",500,90.84582328796387,False,18.318016911728506,35,0.00341796875
1110100111,5483,"[0, 1, 2, 3]",315,90.85869789123535,True,18.318016911728506,35,0.00341796875
1110100111,5484,"[0, 2, 1, 3]",500,90.87586402893066,False,18.318016911728506,35,0.00341796875
1110100111,5485,"[0, 1, 2, 3]",315,90.88826179504395,True,18.318016911728506,35,0.00341796875
0010110000,5486,"[2, 1, 3, 0]",9300,90.90638160705566,False,17.828808760201333,34,0.0033203125
0010110000,5487,"[2, 1, 0, 3]",600,90.92020988464355,True,17.828808760201333,34,0.0033203125
0010110000,5488,"[2, 1, 3, 0]",9300,90.93809127807617,False,17.828808760201333,34,0.0033203125
0010110000,5489,"[2, 1, 0, 3]",600,90.95144271850586,True,17.828808760201333,34,0.0033203125
0010110000,5490,"[2, 1, 3, 0]",9300,90.96932411193848,False,17.828808760201333,34,0.0033203125
0010110000,5491,"[2, 1, 0, 3]",600,90.98315238952637,True,17.828808760201333,34,0.0033203125
0010110000,5492,"[2, 1, 3, 0]",9300,91.0181999206543,False,17.828808760201333,34,0.0033203125
0010110000,5493,"[2, 1, 0, 3]",600,91.03226661682129,True,17.828808760201333,34,0.0033203125
0010110000,5494,"[2, 1, 3, 0]",9300,91.05086326599121,False,17.828808760201333,34,0.0033203125
0010110000,5495,"[2, 1, 0, 3]",600,91.0649299621582,True,17.828808760201333,34,0.0033203125
0010110000,5496,"[2, 1, 3, 0]",9300,91.08352661132812,False,17.828808760201333,34,0.0033203125
0010110000,5497,"[2, 1, 0, 3]",600,91.09759330749512,True,17.828808760201333,34,0.0033203125
0010110000,5498,"[2, 1, 3, 0]",9300,91.11595153808594,False,17.828808760201333,34,0.0033203125
0010110000,5499,"[2, 1, 0, 3]",600,91.12977981567383,True,17.828808760201333,34,0.0033203125
0010110000,5500,"[2, 1, 3, 0]",9300,91.14813804626465,False,17.828808760201333,34,0.0033203125
0010110000,5501,"[2, 1, 0, 3]",600,91.16172790527344,True,17.828808760201333,34,0.0033203125
0010110000,5502,"[2, 1, 3, 0]",9300,91.17984771728516,False,17.828808760201333,34,0.0033203125
0010110000,5503,"[2, 1, 0, 3]",600,91.19367599487305,True,17.828808760201333,34,0.0033203125
0010110000,5504,"[2, 1, 3, 0]",9300,91.21203422546387,False,17.828808760201333,34,0.0033203125
0010110000,5505,"[2, 1, 0, 3]",600,91.22586250305176,True,17.828808760201333,34,0.0033203125
0010110000,5506,"[2, 1, 3, 0]",9300,91.24445915222168,False,17.828808760201333,34,0.0033203125
0010110000,5507,"[2, 1, 0, 3]",600,91.25828742980957,True,17.828808760201333,34,0.0033203125
0010110000,5508,"[2, 1, 3, 0]",9300,91.27664566040039,False,17.828808760201333,34,0.0033203125
0010110000,5509,"[2, 1, 0, 3]",600,91.29047393798828,True,17.828808760201333,34,0.0033203125
0010110000,5510,"[2, 1, 3, 0]",9300,91.3090705871582,False,17.828808760201333,34,0.0033203125
0010110000,5511,"[2, 1, 0, 3]",600,91.3228988647461,True,17.828808760201333,34,0.0033203125
0010110000,5512,"[2, 1, 3, 0]",9300,91.34316444396973,False,17.828808760201333,34,0.0033203125
0010110000,5513,"[2, 1, 0, 3]",600,91.35794639587402,True,17.828808760201333,34,0.0033203125
0010110000,5514,"[2, 1, 3, 0]",9300,91.38035774230957,False,17.828808760201333,34,0.0033203125
0010110000,5515,"[2, 1, 0, 3]",600,91.39418601989746,True,17.828808760201333,34,0.0033203125
0010110000,5516,"[2, 1, 3, 0]",9300,91.41278266906738,False,17.828808760201333,34,0.0033203125
0010110000,5517,"[2, 1, 0, 3]",600,91.42661094665527,True,17.828808760201333,34,0.0033203125
0010110000,5518,"[2, 1, 3, 0]",9300,91.4454460144043,False,17.828808760201333,34,0.0033203125
0010110000,5519,"[2, 1, 0, 3]",600,91.45903587341309,True,17.828808760201333,34,0.0033203125
0010110000,5520,"[2, 1, 3, 0]",9300,91.47763252258301,False,17.828808760201333,34,0.0033203125
0010110000,5521,"[2, 1, 0, 3]",600,91.49169921875,True,17.828808760201333,34,0.0033203125
0010110000,5522,"[2, 1, 3, 0]",9300,91.51029586791992,False,17.828808760201333,34,0.0033203125
0010110000,5523,"[2, 1, 0, 3]",600,91.52483940124512,True,17.828808760201333,34,0.0033203125
0010110000,5524,"[2, 1, 3, 0]",9300,91.54367446899414,False,17.828808760201333,34,0.0033203125
0010110000,5525,"[2, 1, 0, 3]",600,91.55797958374023,True,17.828808760201333,34,0.0033203125
0010110000,5526,"[2, 1, 3, 0]",9300,91.57681465148926,False,17.828808760201333,34,0.0033203125
0010110000,5527,"[2, 1, 0, 3]",600,91.59088134765625,True,17.828808760201333,34,0.0033203125
0010110000,5528,"[2, 1, 3, 0]",9300,91.61138534545898,False,17.828808760201333,34,0.0033203125
0010110000,5529,"[2, 1, 0, 3]",600,91.62521362304688,True,17.828808760201333,34,0.0033203125
0010110000,5530,"[2, 1, 3, 0]",9300,91.6435718536377,False,17.828808760201333,34,0.0033203125
0010110000,5531,"[2, 1, 0, 3]",600,91.65740013122559,True,17.828808760201333,34,0.0033203125
0010110000,5532,"[2, 1, 3, 0]",9300,91.6757583618164,False,17.828808760201333,34,0.0033203125
0010110000,5533,"[2, 1, 0, 3]",600,91.6898250579834,True,17.828808760201333,34,0.0033203125
0010110000,5534,"[2, 1, 3, 0]",9300,91.71056747436523,False,17.828808760201333,34,0.0033203125
0010110000,5535,"[2, 1, 0, 3]",600,91.72463417053223,True,17.828808760201333,34,0.0033203125
0010110000,5536,"[2, 1, 3, 0]",9300,91.74346923828125,False,17.828808760201333,34,0.0033203125
0010110000,5537,"[2, 1, 0, 3]",600,91.75705909729004,True,17.828808760201333,34,0.0033203125
0010110000,5538,"[2, 1, 3, 0]",9300,91.77565574645996,False,17.828808760201333,34,0.0033203125
0010110000,5539,"[2, 1, 0, 3]",600,91.78924560546875,True,17.828808760201333,34,0.0033203125
0010110000,5540,"[2, 1, 3, 0]",9300,91.80784225463867,False,17.828808760201333,34,0.0033203125
0010110000,5541,"[2, 1, 0, 3]",600,91.82143211364746,True,17.828808760201333,34,0.0033203125
0010110000,5542,"[2, 1, 3, 0]",9300,91.84384346008301,False,17.828808760201333,34,0.0033203125
0010110000,5543,"[2, 1, 0, 3]",600,91.8576717376709,True,17.828808760201333,34,0.0033203125
0010110000,5544,"[2, 1, 3, 0]",9300,91.87650680541992,False,17.828808760201333,34,0.0033203125
0010110000,5545,"[2, 1, 0, 3]",600,91.89009666442871,True,17.828808760201333,34,0.0033203125
0010110000,5546,"[2, 1, 3, 0]",9300,91.90845489501953,False,17.828808760201333,34,0.0033203125
0010110000,5547,"[2, 1, 0, 3]",600,91.92204475402832,True,17.828808760201333,34,0.0033203125
0010110000,5548,"[2, 1, 3, 0]",9300,91.94087982177734,False,17.828808760201333,34,0.0033203125
0010110000,5549,"[2, 1, 0, 3]",600,91.95423126220703,True,17.828808760201333,34,0.0033203125
0010110000,5550,"[2, 1, 3, 0]",9300,91.97306632995605,False,17.828808760201333,34,0.0033203125
0010110000,5551,"[2, 1, 0, 3]",600,91.98713302612305,True,17.828808760201333,34,0.0033203125
0010110000,5552,"[2, 1, 3, 0]",9300,92.00549125671387,False,17.828808760201333,34,0.0033203125
0010110000,5553,"[2, 1, 0, 3]",600,92.01955795288086,True,17.828808760201333,34,0.0033203125
0010100110,5554,"[2, 1, 3, 0]",9300,92.03839302062988,False,18.36377440228918,34,0.0033203125
0010100110,5555,"[2, 1, 0, 3]",600,92.05222129821777,True,18.36377440228918,34,0.0033203125
0010100110,5556,"[2, 1, 3, 0]",9300,92.0720100402832,False,18.36377440228918,34,0.0033203125
0010100110,5557,"[2, 1, 0, 3]",600,92.0858383178711,True,18.36377440228918,34,0.0033203125
0010100110,5558,"[2, 1, 3, 0]",9300,92.10443496704102,False,18.36377440228918,34,0.0033203125
0010100110,5559,"[2, 1, 0, 3]",600,92.11850166320801,True,18.36377440228918,34,0.0033203125
0010100110,5560,"[2, 1, 3, 0]",9300,92.13662147521973,False,18.36377440228918,34,0.0033203125
0010100110,5561,"[2, 1, 0, 3]",600,92.15044975280762,True,18.36377440228918,34,0.0033203125
0010100110,5562,"[2, 1, 3, 0]",9300,92.16904640197754,False,18.36377440228918,34,0.0033203125
0010100110,5563,"[2, 1, 0, 3]",600,92.18335151672363,True,18.36377440228918,34,0.0033203125
0010100110,5564,"[2, 1, 3, 0]",9300,92.20385551452637,False,18.36377440228918,34,0.0033203125
0010100110,5565,"[2, 1, 0, 3]",600,92.21792221069336,True,18.36377440228918,34,0.0033203125
0010100110,5566,"[2, 1, 3, 0]",9300,92.23675727844238,False,18.36377440228918,34,0.0033203125
0010100110,5567,"[2, 1, 0, 3]",600,92.25082397460938,True,18.36377440228918,34,0.0033203125
0010100110,5568,"[2, 1, 3, 0]",9300,92.2691822052002,False,18.36377440228918,34,0.0033203125
0010100110,5569,"[2, 1, 0, 3]",600,92.28324890136719,True,18.36377440228918,34,0.0033203125
0010100110,5570,"[2, 1, 3, 0]",9300,92.30184555053711,False,18.36377440228918,34,0.0033203125
0010100110,5571,"[2, 1, 0, 3]",600,92.315673828125,True,18.36377440228918,34,0.0033203125
0010100110,5572,"[2, 1, 3, 0]",9300,92.33427047729492,False,18.36377440228918,34,0.0033203125
0010100110,5573,"[2, 1, 0, 3]",600,92.34809875488281,True,18.36377440228918,34,0.0033203125
0010100110,5574,"[2, 1, 3, 0]",9300,92.36645698547363,False,18.36377440228918,34,0.0033203125
0010100110,5575,"[2, 1, 0, 3]",600,92.38052368164062,True,18.36377440228918,34,0.0033203125
0010100110,5576,"[2, 1, 3, 0]",9300,92.40102767944336,False,18.36377440228918,34,0.0033203125
0010100110,5577,"[2, 1, 0, 3]",600,92.41509437561035,True,18.36377440228918,34,0.0033203125
0010100110,5578,"[2, 1, 3, 0]",9300,92.43416786193848,False,18.36377440228918,34,0.0033203125
0010100110,5579,"[2, 1, 0, 3]",600,92.44799613952637,True,18.36377440228918,34,0.0033203125
0010100110,5580,"[2, 1, 3, 0]",9300,92.46659278869629,False,18.36377440228918,34,0.0033203125
0010100110,5581,"[2, 1, 0, 3]",600,92.48065948486328,True,18.36377440228918,34,0.0033203125
0010100110,5582,"[2, 1, 3, 0]",9300,92.4990177154541,False,18.36377440228918,34,0.0033203125
0010100110,5583,"[2, 1, 0, 3]",600,92.5130844116211,True,18.36377440228918,34,0.0033203125
0010100110,5584,"[2, 1, 3, 0]",9300,92.53120422363281,False,18.36377440228918,34,0.0033203125
0010100110,5585,"[2, 1, 0, 3]",600,92.5450325012207,True,18.36377440228918,34,0.0033203125
0010100110,5586,"[2, 1, 3, 0]",9300,92.56315231323242,False,18.36377440228918,34,0.0033203125
0010100110,5587,"[2, 1, 0, 3]",600,92.57674217224121,True,18.36377440228918,34,0.0033203125
0010100110,5588,"[2, 1, 3, 0]",9300,92.59510040283203,False,18.36377440228918,34,0.0033203125
0010100110,5589,"[2, 1, 0, 3]",600,92.60892868041992,True,18.36377440228918,34,0.0033203125
0010100110,5590,"[2, 1, 3, 0]",9300,92.62704849243164,False,18.36377440228918,34,0.0033203125
0010100110,5591,"[2, 1, 0, 3]",600,92.6513671875,True,18.36377440228918,34,0.0033203125
0010100110,5592,"[2, 1, 3, 0]",9300,92.66901016235352,False,18.36377440228918,34,0.0033203125
0010100110,5593,"[2, 1, 0, 3]",600,92.6823616027832,True,18.36377440228918,34,0.0033203125
0010100110,5594,"[2, 1, 3, 0]",9300,92.69976615905762,False,18.36377440228918,34,0.0033203125
0010100110,5595,"[2, 1, 0, 3]",600,92.7128791809082,True,18.36377440228918,34,0.0033203125
0010100110,5596,"[2, 1, 3, 0]",9300,92.73052215576172,False,18.36377440228918,34,0.0033203125
0010100110,5597,"[2, 1, 0, 3]",600,92.7436351776123,True,18.36377440228918,34,0.0033203125
0010100110,5598,"[2, 1, 3, 0]",9300,92.76294708251953,False,18.36377440228918,34,0.0033203125
0010100110,5599,"[2, 1, 0, 3]",600,92.77582168579102,True,18.36377440228918,34,0.0033203125
0010100110,5600,"[2, 1, 3, 0]",9300,92.79346466064453,False,18.36377440228918,34,0.0033203125
0010100110,5601,"[2, 1, 0, 3]",600,92.80657768249512,True,18.36377440228918,34,0.0033203125
0010100110,5602,"[2, 1, 3, 0]",9300,92.82398223876953,False,18.36377440228918,34,0.0033203125
0010100110,5603,"[2, 1, 0, 3]",600,92.83709526062012,True,18.36377440228918,34,0.0033203125
0010100110,5604,"[2, 1, 3, 0]",9300,92.85473823547363,False,18.36377440228918,34,0.0033203125
0010100110,5605,"[2, 1, 0, 3]",600,92.86832809448242,True,18.36377440228918,34,0.0033203125
0010100110,5606,"[2, 1, 3, 0]",9300,92.88573265075684,False,18.36377440228918,34,0.0033203125
0010100110,5607,"[2, 1, 0, 3]",600,92.89908409118652,True,18.36377440228918,34,0.0033203125
0010100110,5608,"[2, 1, 3, 0]",9300,92.91648864746094,False,18.36377440228918,34,0.0033203125
0010100110,5609,"[2, 1, 0, 3]",600,92.92960166931152,True,18.36377440228918,34,0.0033203125
0010100110,5610,"[2, 1, 3, 0]",9300,92.94700622558594,False,18.36377440228918,34,0.0033203125
0010100110,5611,"[2, 1, 0, 3]",600,92.96011924743652,True,18.36377440228918,34,0.0033203125
0010100110,5612,"[2, 1, 3, 0]",9300,92.97776222229004,False,18.36377440228918,34,0.0033203125
0010100110,5613,"[2, 1, 0, 3]",600,92.99135208129883,True,18.36377440228918,34,0.0033203125
0010100110,5614,"[2, 1, 3, 0]",9300,93.01114082336426,False,18.36377440228918,34,0.0033203125
0010100110,5615,"[2, 1, 0, 3]",600,93.02473068237305,True,18.36377440228918,34,0.0033203125
0010100110,5616,"[2, 1, 3, 0]",9300,93.04261207580566,False,18.36377440228918,34,0.0033203125
0010100110,5617,"[2, 1, 0, 3]",600,93.05620193481445,True,18.36377440228918,34,0.0033203125
0010100110,5618,"[2, 1, 3, 0]",9300,93.07622909545898,False,18.36377440228918,34,0.0033203125
0010100110,5619,"[2, 1, 0, 3]",600,93.08910369873047,True,18.36377440228918,34,0.0033203125
0010100110,5620,"[2, 1, 3, 0]",9300,93.10722351074219,False,18.36377440228918,34,0.0033203125
0010100110,5621,"[2, 1, 0, 3]",600,93.12009811401367,True,18.36377440228918,34,0.0033203125
1101011011,5622,"[0, 3, 2, 1]",6300,93.13774108886719,False,12.318016911728506,34,0.0033203125
1101011011,5623,"[0, 1, 3, 2]",465,93.15133094787598,True,12.318016911728506,34,0.0033203125
1101011011,5624,"[0, 3, 2, 1]",6300,93.16897392272949,False,12.318016911728506,34,0.0033203125
1101011011,5625,"[0, 1, 3, 2]",465,93.18232536315918,True,12.318016911728506,34,0.0033203125
1101011011,5626,"[0, 3, 2, 1]",6300,93.1999683380127,False,12.318016911728506,34,0.0033203125
1101011011,5627,"[0, 1, 3, 2]",465,93.21284294128418,True,12.318016911728506,34,0.0033203125
1101011011,5628,"[0, 3, 2, 1]",6300,93.2304859161377,False,12.318016911728506,34,0.0033203125
1101011011,5629,"[0, 1, 3, 2]",465,93.24359893798828,True,12.318016911728506,34,0.0033203125
1101011011,5630,"[0, 3, 2, 1]",6300,93.2612419128418,False,12.318016911728506,34,0.0033203125
1101011011,5631,"[0, 1, 3, 2]",465,93.27435493469238,True,12.318016911728506,34,0.0033203125
1101011011,5632,"[0, 3, 2, 1]",6300,93.2919979095459,False,12.318016911728506,34,0.0033203125
1101011011,5633,"[0, 1, 3, 2]",465,93.30511093139648,True,12.318016911728506,34,0.0033203125
1101011011,5634,"[0, 3, 2, 1]",6300,93.3225154876709,False,12.318016911728506,34,0.0033203125
1101011011,5635,"[0, 1, 3, 2]",465,93.33539009094238,True,12.318016911728506,34,0.0033203125
1101011011,5636,"[0, 3, 2, 1]",6300,93.3530330657959,False,12.318016911728506,34,0.0033203125
1101011011,5637,"[0, 1, 3, 2]",465,93.36614608764648,True,12.318016911728506,34,0.0033203125
1101011011,5638,"[0, 3, 2, 1]",6300,93.3835506439209,False,12.318016911728506,34,0.0033203125
1101011011,5639,"[0, 1, 3, 2]",465,93.39690208435059,True,12.318016911728506,34,0.0033203125
1101011011,5640,"[0, 3, 2, 1]",6300,93.41621398925781,False,12.318016911728506,34,0.0033203125
1101011011,5641,"[0, 1, 3, 2]",465,93.4290885925293,True,12.318016911728506,34,0.0033203125
1101011011,5642,"[0, 3, 2, 1]",6300,93.44649314880371,False,12.318016911728506,34,0.0033203125
1101011011,5643,"[0, 1, 3, 2]",465,93.4593677520752,True,12.318016911728506,34,0.0033203125
1101011011,5644,"[0, 3, 2, 1]",6300,93.47677230834961,False,12.318016911728506,34,0.0033203125
1101011011,5645,"[0, 1, 3, 2]",465,93.4898853302002,True,12.318016911728506,34,0.0033203125
1101011011,5646,"[0, 3, 2, 1]",6300,93.50728988647461,False,12.318016911728506,34,0.0033203125
1101011011,5647,"[0, 1, 3, 2]",465,93.51992607116699,True,12.318016911728506,34,0.0033203125
1101011011,5648,"[0, 3, 2, 1]",6300,93.5373306274414,False,12.318016911728506,34,0.0033203125
1101011011,5649,"[0, 1, 3, 2]",465,93.55020523071289,True,12.318016911728506,34,0.0033203125
1101011011,5650,"[0, 3, 2, 1]",6300,93.5676097869873,False,12.318016911728506,34,0.0033203125
1101011011,5651,"[0, 1, 3, 2]",465,93.58048439025879,True,12.318016911728506,34,0.0033203125
1101011011,5652,"[0, 3, 2, 1]",6300,93.5978889465332,False,12.318016911728506,34,0.0033203125
1101011011,5653,"[0, 1, 3, 2]",465,93.61028671264648,True,12.318016911728506,34,0.0033203125
1101011011,5654,"[0, 3, 2, 1]",6300,93.6279296875,False,12.318016911728506,34,0.0033203125
1101011011,5655,"[0, 1, 3, 2]",465,93.64056587219238,True,12.318016911728506,34,0.0033203125
1101011011,5656,"[0, 3, 2, 1]",6300,93.658447265625,False,12.318016911728506,34,0.0033203125
1101011011,5657,"[0, 1, 3, 2]",465,93.67156028747559,True,12.318016911728506,34,0.0033203125
1101011011,5658,"[0, 3, 2, 1]",6300,93.68896484375,False,12.318016911728506,34,0.0033203125
1101011011,5659,"[0, 1, 3, 2]",465,93.70231628417969,True,12.318016911728506,34,0.0033203125
1101011011,5660,"[0, 3, 2, 1]",6300,93.72186660766602,False,12.318016911728506,34,0.0033203125
1101011011,5661,"[0, 1, 3, 2]",465,93.7347412109375,True,12.318016911728506,34,0.0033203125
1101011011,5662,"[0, 3, 2, 1]",6300,93.75238418579102,False,12.318016911728506,34,0.0033203125
1101011011,5663,"[0, 1, 3, 2]",465,93.7657356262207,True,12.318016911728506,34,0.0033203125
1101011011,5664,"[0, 3, 2, 1]",6300,93.78337860107422,False,12.318016911728506,34,0.0033203125
1101011011,5665,"[0, 1, 3, 2]",465,93.7967300415039,True,12.318016911728506,34,0.0033203125
1101011011,5666,"[0, 3, 2, 1]",6300,93.81723403930664,False,12.318016911728506,34,0.0033203125
1101011011,5667,"[0, 1, 3, 2]",465,93.83034706115723,True,12.318016911728506,34,0.0033203125
1101011011,5668,"[0, 3, 2, 1]",6300,93.84822845458984,False,12.318016911728506,34,0.0033203125
1101011011,5669,"[0, 1, 3, 2]",465,93.86110305786133,True,12.318016911728506,34,0.0033203125
1101011011,5670,"[0, 3, 2, 1]",6300,93.87874603271484,False,12.318016911728506,34,0.0033203125
1101011011,5671,"[0, 1, 3, 2]",465,93.89185905456543,True,12.318016911728506,34,0.0033203125
1101011011,5672,"[0, 3, 2, 1]",6300,93.90950202941895,False,12.318016911728506,34,0.0033203125
1101011011,5673,"[0, 1, 3, 2]",465,93.92237663269043,True,12.318016911728506,34,0.0033203125
1101011011,5674,"[0, 3, 2, 1]",6300,93.93978118896484,False,12.318016911728506,34,0.0033203125
1101011011,5675,"[0, 1, 3, 2]",465,93.95289421081543,True,12.318016911728506,34,0.0033203125
1101011011,5676,"[0, 3, 2, 1]",6300,93.97053718566895,False,12.318016911728506,34,0.0033203125
1101011011,5677,"[0, 1, 3, 2]",465,93.98317337036133,True,12.318016911728506,34,0.0033203125
1101011011,5678,"[0, 3, 2, 1]",6300,94.00081634521484,False,12.318016911728506,34,0.0033203125
1101011011,5679,"[0, 1, 3, 2]",465,94.01369094848633,True,12.318016911728506,34,0.0033203125
1101011011,5680,"[0, 3, 2, 1]",6300,94.03133392333984,False,12.318016911728506,34,0.0033203125
1101011011,5681,"[0, 1, 3, 2]",465,94.04420852661133,True,12.318016911728506,34,0.0033203125
1101011011,5682,"[0, 3, 2, 1]",6300,94.06352043151855,False,12.318016911728506,34,0.0033203125
1101011011,5683,"[0, 1, 3, 2]",465,94.07663345336914,True,12.318016911728506,34,0.0033203125
1101011011,5684,"[0, 3, 2, 1]",6300,94.09451484680176,False,12.318016911728506,34,0.0033203125
1101011011,5685,"[0, 1, 3, 2]",465,94.10762786865234,True,12.318016911728506,34,0.0033203125
1101011011,5686,"[0, 3, 2, 1]",6300,94.12503242492676,False,12.318016911728506,34,0.0033203125
1101011011,5687,"[0, 1, 3, 2]",465,94.16055679321289,True,12.318016911728506,34,0.0033203125
1101011011,5688,"[0, 3, 2, 1]",6300,94.17843818664551,False,12.318016911728506,34,0.0033203125
1101011011,5689,"[0, 1, 3, 2]",465,94.1920280456543,True,12.318016911728506,34,0.0033203125
1010000111,5690,"[1, 0, 3, 2]",465,94.20967102050781,False,17.610835341332443,33,0.00322265625
1010000111,5691,"[1, 0, 3, 2]",465,94.2234992980957,True,17.610835341332443,33,0.00322265625
1010000111,5692,"[1, 0, 3, 2]",465,94.24114227294922,False,17.610835341332443,33,0.00322265625
1010000111,5693,"[1, 0, 3, 2]",465,94.25497055053711,True,17.610835341332443,33,0.00322265625
1010000111,5694,"[1, 0, 3, 2]",465,94.27261352539062,False,17.610835341332443,33,0.00322265625
1010000111,5695,"[1, 0, 3, 2]",465,94.28596496582031,True,17.610835341332443,33,0.00322265625
1010000111,5696,"[1, 0, 3, 2]",465,94.30527687072754,False,17.610835341332443,33,0.00322265625
1010000111,5697,"[1, 0, 3, 2]",465,94.31838989257812,True,17.610835341332443,33,0.00322265625
1010000111,5698,"[1, 0, 3, 2]",465,94.33627128601074,False,17.610835341332443,33,0.00322265625
1010000111,5699,"[1, 0, 3, 2]",465,94.34890747070312,True,17.610835341332443,33,0.00322265625
1010000111,5700,"[1, 0, 3, 2]",465,94.36631202697754,False,17.610835341332443,33,0.00322265625
1010000111,5701,"[1, 0, 3, 2]",465,94.37966346740723,True,17.610835341332443,33,0.00322265625
1010000111,5702,"[1, 0, 3, 2]",465,94.39897537231445,False,17.610835341332443,33,0.00322265625
1010000111,5703,"[1, 0, 3, 2]",465,94.41161155700684,True,17.610835341332443,33,0.00322265625
1010000111,5704,"[1, 0, 3, 2]",465,94.42925453186035,False,17.610835341332443,33,0.00322265625
1010000111,5705,"[1, 0, 3, 2]",465,94.44236755371094,True,17.610835341332443,33,0.00322265625
1010000111,5706,"[1, 0, 3, 2]",465,94.45977210998535,False,17.610835341332443,33,0.00322265625
1010000111,5707,"[1, 0, 3, 2]",465,94.47264671325684,True,17.610835341332443,33,0.00322265625
1010000111,5708,"[1, 0, 3, 2]",465,94.49028968811035,False,17.610835341332443,33,0.00322265625
1010000111,5709,"[1, 0, 3, 2]",465,94.50316429138184,True,17.610835341332443,33,0.00322265625
1010000111,5710,"[1, 0, 3, 2]",465,94.52080726623535,False,17.610835341332443,33,0.00322265625
1010000111,5711,"[1, 0, 3, 2]",465,94.53344345092773,True,17.610835341332443,33,0.00322265625
1010000111,5712,"[1, 0, 3, 2]",465,94.55108642578125,False,17.610835341332443,33,0.00322265625
1010000111,5713,"[1, 0, 3, 2]",465,94.56467628479004,True,17.610835341332443,33,0.00322265625
1010000111,5714,"[1, 0, 3, 2]",465,94.58279609680176,False,17.610835341332443,33,0.00322265625
1010000111,5715,"[1, 0, 3, 2]",465,94.59567070007324,True,17.610835341332443,33,0.00322265625
1010000111,5716,"[1, 0, 3, 2]",465,94.61498260498047,False,17.610835341332443,33,0.00322265625
1010000111,5717,"[1, 0, 3, 2]",465,94.62833404541016,True,17.610835341332443,33,0.00322265625
1010000111,5718,"[1, 0, 3, 2]",465,94.64573860168457,False,17.610835341332443,33,0.00322265625
1010000111,5719,"[1, 0, 3, 2]",465,94.65909004211426,True,17.610835341332443,33,0.00322265625
1010000111,5720,"[1, 0, 3, 2]",465,94.67649459838867,False,17.610835341332443,33,0.00322265625
1010000111,5721,"[1, 0, 3, 2]",465,94.68936920166016,True,17.610835341332443,33,0.00322265625
1010000111,5722,"[1, 0, 3, 2]",465,94.70701217651367,False,17.610835341332443,33,0.00322265625
1010000111,5723,"[1, 0, 3, 2]",465,94.72012519836426,True,17.610835341332443,33,0.00322265625
1010000111,5724,"[1, 0, 3, 2]",465,94.73943710327148,False,17.610835341332443,33,0.00322265625
1010000111,5725,"[1, 0, 3, 2]",465,94.75278854370117,True,17.610835341332443,33,0.00322265625
1010000111,5726,"[1, 0, 3, 2]",465,94.76971626281738,False,17.610835341332443,33,0.00322265625
1010000111,5727,"[1, 0, 3, 2]",465,94.78259086608887,True,17.610835341332443,33,0.00322265625
1010000111,5728,"[1, 0, 3, 2]",465,94.80023384094238,False,17.610835341332443,33,0.00322265625
1010000111,5729,"[1, 0, 3, 2]",465,94.81310844421387,True,17.610835341332443,33,0.00322265625
1010000111,5730,"[1, 0, 3, 2]",465,94.83051300048828,False,17.610835341332443,33,0.00322265625
1010000111,5731,"[1, 0, 3, 2]",465,94.84338760375977,True,17.610835341332443,33,0.00322265625
1010000111,5732,"[1, 0, 3, 2]",465,94.86103057861328,False,17.610835341332443,33,0.00322265625
1010000111,5733,"[1, 0, 3, 2]",465,94.87390518188477,True,17.610835341332443,33,0.00322265625
1010000111,5734,"[1, 0, 3, 2]",465,94.89154815673828,False,17.610835341332443,33,0.00322265625
1010000111,5735,"[1, 0, 3, 2]",465,94.90442276000977,True,17.610835341332443,33,0.00322265625
1010000111,5736,"[1, 0, 3, 2]",465,94.92182731628418,False,17.610835341332443,33,0.00322265625
1010000111,5737,"[1, 0, 3, 2]",465,94.95091438293457,True,17.610835341332443,33,0.00322265625
1010000111,5738,"[1, 0, 3, 2]",465,94.96903419494629,False,17.610835341332443,33,0.00322265625
1010000111,5739,"[1, 0, 3, 2]",465,94.98286247253418,True,17.610835341332443,33,0.00322265625
1010000111,5740,"[1, 0, 3, 2]",465,95.0007438659668,False,17.610835341332443,33,0.00322265625
1010000111,5741,"[1, 0, 3, 2]",465,95.01433372497559,True,17.610835341332443,33,0.00322265625
1010000111,5742,"[1, 0, 3, 2]",465,95.0324535369873,False,17.610835341332443,33,0.00322265625
1010000111,5743,"[1, 0, 3, 2]",465,95.0465202331543,True,17.610835341332443,33,0.00322265625
1010000111,5744,"[1, 0, 3, 2]",465,95.06678581237793,False,17.610835341332443,33,0.00322265625
1010000111,5745,"[1, 0, 3, 2]",465,95.08085250854492,True,17.610835341332443,33,0.00322265625
1010000111,5746,"[1, 0, 3, 2]",465,95.09897232055664,False,17.610835341332443,33,0.00322265625
1010000111,5747,"[1, 0, 3, 2]",465,95.11256217956543,True,17.610835341332443,33,0.00322265625
1010000111,5748,"[1, 0, 3, 2]",465,95.13115882873535,False,17.610835341332443,33,0.00322265625
1010000111,5749,"[1, 0, 3, 2]",465,95.14498710632324,True,17.610835341332443,33,0.00322265625
1010000111,5750,"[1, 0, 3, 2]",465,95.16334533691406,False,17.610835341332443,33,0.00322265625
1010000111,5751,"[1, 0, 3, 2]",465,95.17693519592285,True,17.610835341332443,33,0.00322265625
1010000111,5752,"[1, 0, 3, 2]",465,95.19505500793457,False,17.610835341332443,33,0.00322265625
1010000111,5753,"[1, 0, 3, 2]",465,95.20864486694336,True,17.610835341332443,33,0.00322265625
1010000111,5754,"[1, 0, 3, 2]",465,95.22628784179688,False,17.610835341332443,33,0.00322265625
1010000111,5755,"[1, 0, 3, 2]",465,95.23963928222656,True,17.610835341332443,33,0.00322265625
1011001100,5756,"[3, 1, 0, 2]",900,95.25823593139648,False,26.385498314058843,32,0.003125
1011001100,5757,"[3, 1, 0, 2]",900,95.27254104614258,True,26.385498314058843,32,0.003125
1011001100,5758,"[3, 1, 0, 2]",900,95.2911376953125,False,26.385498314058843,32,0.003125
1011001100,5759,"[3, 1, 0, 2]",900,95.30520439147949,True,26.385498314058843,32,0.003125
1011001100,5760,"[3, 1, 0, 2]",900,95.32356262207031,False,26.385498314058843,32,0.003125
1011001100,5761,"[3, 1, 0, 2]",900,95.3371524810791,True,26.385498314058843,32,0.003125
1011001100,5762,"[3, 1, 0, 2]",900,95.35551071166992,False,26.385498314058843,32,0.003125
1011001100,5763,"[3, 1, 0, 2]",900,95.36910057067871,True,26.385498314058843,32,0.003125
1011001100,5764,"[3, 1, 0, 2]",900,95.38936614990234,False,26.385498314058843,32,0.003125
1011001100,5765,"[3, 1, 0, 2]",900,95.40390968322754,True,26.385498314058843,32,0.003125
1011001100,5766,"[3, 1, 0, 2]",900,95.42441368103027,False,26.385498314058843,32,0.003125
1011001100,5767,"[3, 1, 0, 2]",900,95.43824195861816,True,26.385498314058843,32,0.003125
1011001100,5768,"[3, 1, 0, 2]",900,95.45683860778809,False,26.385498314058843,32,0.003125
1011001100,5769,"[3, 1, 0, 2]",900,95.47066688537598,True,26.385498314058843,32,0.003125
1011001100,5770,"[3, 1, 0, 2]",900,95.4890251159668,False,26.385498314058843,32,0.003125
1011001100,5771,"[3, 1, 0, 2]",900,95.50285339355469,True,26.385498314058843,32,0.003125
1011001100,5772,"[3, 1, 0, 2]",900,95.52121162414551,False,26.385498314058843,32,0.003125
1011001100,5773,"[3, 1, 0, 2]",900,95.5348014831543,True,26.385498314058843,32,0.003125
1011001100,5774,"[3, 1, 0, 2]",900,95.55292129516602,False,26.385498314058843,32,0.003125
1011001100,5775,"[3, 1, 0, 2]",900,95.5665111541748,True,26.385498314058843,32,0.003125
1011001100,5776,"[3, 1, 0, 2]",900,95.58486938476562,False,26.385498314058843,32,0.003125
1011001100,5777,"[3, 1, 0, 2]",900,95.59869766235352,True,26.385498314058843,32,0.003125
1011001100,5778,"[3, 1, 0, 2]",900,95.61681747436523,False,26.385498314058843,32,0.003125
1011001100,5779,"[3, 1, 0, 2]",900,95.63064575195312,True,26.385498314058843,32,0.003125
1011001100,5780,"[3, 1, 0, 2]",900,95.64900398254395,False,26.385498314058843,32,0.003125
1011001100,5781,"[3, 1, 0, 2]",900,95.66307067871094,True,26.385498314058843,32,0.003125
1011001100,5782,"[3, 1, 0, 2]",900,95.68095207214355,False,26.385498314058843,32,0.003125
1011001100,5783,"[3, 1, 0, 2]",900,95.69454193115234,True,26.385498314058843,32,0.003125
1011001100,5784,"[3, 1, 0, 2]",900,95.71290016174316,False,26.385498314058843,32,0.003125
1011001100,5785,"[3, 1, 0, 2]",900,95.72696685791016,True,26.385498314058843,32,0.003125
1011001100,5786,"[3, 1, 0, 2]",900,95.74699401855469,False,26.385498314058843,32,0.003125
1011001100,5787,"[3, 1, 0, 2]",900,95.76058387756348,True,26.385498314058843,32,0.003125
1011001100,5788,"[3, 1, 0, 2]",900,95.7791805267334,False,26.385498314058843,32,0.003125
1011001100,5789,"[3, 1, 0, 2]",900,95.79253196716309,True,26.385498314058843,32,0.003125
1011001100,5790,"[3, 1, 0, 2]",900,95.8108901977539,False,26.385498314058843,32,0.003125
1011001100,5791,"[3, 1, 0, 2]",900,95.8242416381836,True,26.385498314058843,32,0.003125
1011001100,5792,"[3, 1, 0, 2]",900,95.84593772888184,False,26.385498314058843,32,0.003125
1011001100,5793,"[3, 1, 0, 2]",900,95.85976600646973,True,26.385498314058843,32,0.003125
1011001100,5794,"[3, 1, 0, 2]",900,95.87860107421875,False,26.385498314058843,32,0.003125
1011001100,5795,"[3, 1, 0, 2]",900,95.89195251464844,True,26.385498314058843,32,0.003125
1011001100,5796,"[3, 1, 0, 2]",900,95.91031074523926,False,26.385498314058843,32,0.003125
1011001100,5797,"[3, 1, 0, 2]",900,95.92342376708984,True,26.385498314058843,32,0.003125
1011001100,5798,"[3, 1, 0, 2]",900,95.94154357910156,False,26.385498314058843,32,0.003125
1011001100,5799,"[3, 1, 0, 2]",900,95.95513343811035,True,26.385498314058843,32,0.003125
1011001100,5800,"[3, 1, 0, 2]",900,95.97349166870117,False,26.385498314058843,32,0.003125
1011001100,5801,"[3, 1, 0, 2]",900,95.98731994628906,True,26.385498314058843,32,0.003125
1011001100,5802,"[3, 1, 0, 2]",900,96.00567817687988,False,26.385498314058843,32,0.003125
1011001100,5803,"[3, 1, 0, 2]",900,96.01926803588867,True,26.385498314058843,32,0.003125
1011001100,5804,"[3, 1, 0, 2]",900,96.0381031036377,False,26.385498314058843,32,0.003125
1011001100,5805,"[3, 1, 0, 2]",900,96.05216979980469,True,26.385498314058843,32,0.003125
1011001100,5806,"[3, 1, 0, 2]",900,96.07076644897461,False,26.385498314058843,32,0.003125
1011001100,5807,"[3, 1, 0, 2]",900,96.0845947265625,True,26.385498314058843,32,0.003125
1011001100,5808,"[3, 1, 0, 2]",900,96.10509872436523,False,26.385498314058843,32,0.003125
1011001100,5809,"[3, 1, 0, 2]",900,96.11892700195312,True,26.385498314058843,32,0.003125
1011001100,5810,"[3, 1, 0, 2]",900,96.13728523254395,False,26.385498314058843,32,0.003125
1011001100,5811,"[3, 1, 0, 2]",900,96.15063667297363,True,26.385498314058843,32,0.003125
1011001100,5812,"[3, 1, 0, 2]",900,96.16923332214355,False,26.385498314058843,32,0.003125
1011001100,5813,"[3, 1, 0, 2]",900,96.18258476257324,True,26.385498314058843,32,0.003125
1011001100,5814,"[3, 1, 0, 2]",900,96.20165824890137,False,26.385498314058843,32,0.003125
1011001100,5815,"[3, 1, 0, 2]",900,96.21548652648926,True,26.385498314058843,32,0.003125
1011001100,5816,"[3, 1, 0, 2]",900,96.2362289428711,False,26.385498314058843,32,0.003125
1011001100,5817,"[3, 1, 0, 2]",900,96.24981880187988,True,26.385498314058843,32,0.003125
1011001100,5818,"[3, 1, 0, 2]",900,96.2684154510498,False,26.385498314058843,32,0.003125
1011001100,5819,"[3, 1, 0, 2]",900,96.2820053100586,True,26.385498314058843,32,0.003125
0001010001,5820,"[2, 1, 3, 0]",9300,96.30060195922852,False,14.18188720114459,32,0.003125
0001010001,5821,"[2, 1, 0, 3]",600,96.3144302368164,True,14.18188720114459,32,0.003125
0001010001,5822,"[2, 1, 3, 0]",9300,96.33302688598633,False,14.18188720114459,32,0.003125
0001010001,5823,"[2, 1, 0, 3]",600,96.34661674499512,True,14.18188720114459,32,0.003125
0001010001,5824,"[2, 1, 3, 0]",9300,96.36521339416504,False,14.18188720114459,32,0.003125
0001010001,5825,"[2, 1, 0, 3]",600,96.37856483459473,True,14.18188720114459,32,0.003125
0001010001,5826,"[2, 1, 3, 0]",9300,96.39692306518555,False,14.18188720114459,32,0.003125
0001010001,5827,"[2, 1, 0, 3]",600,96.41098976135254,True,14.18188720114459,32,0.003125
0001010001,5828,"[2, 1, 3, 0]",9300,96.44174575805664,False,14.18188720114459,32,0.003125
0001010001,5829,"[2, 1, 0, 3]",600,96.45533561706543,True,14.18188720114459,32,0.003125
0001010001,5830,"[2, 1, 3, 0]",9300,96.47297859191895,False,14.18188720114459,32,0.003125
0001010001,5831,"[2, 1, 0, 3]",600,96.48633003234863,True,14.18188720114459,32,0.003125
0001010001,5832,"[2, 1, 3, 0]",9300,96.50421142578125,False,14.18188720114459,32,0.003125
0001010001,5833,"[2, 1, 0, 3]",600,96.51732444763184,True,14.18188720114459,32,0.003125
0001010001,5834,"[2, 1, 3, 0]",9300,96.53520584106445,False,14.18188720114459,32,0.003125
0001010001,5835,"[2, 1, 0, 3]",600,96.54831886291504,True,14.18188720114459,32,0.003125
0001010001,5836,"[2, 1, 3, 0]",9300,96.56596183776855,False,14.18188720114459,32,0.003125
0001010001,5837,"[2, 1, 0, 3]",600,96.57883644104004,True,14.18188720114459,32,0.003125
0001010001,5838,"[2, 1, 3, 0]",9300,96.59647941589355,False,14.18188720114459,32,0.003125
0001010001,5839,"[2, 1, 0, 3]",600,96.60911560058594,True,14.18188720114459,32,0.003125
0001010001,5840,"[2, 1, 3, 0]",9300,96.62675857543945,False,14.18188720114459,32,0.003125
0001010001,5841,"[2, 1, 0, 3]",600,96.63987159729004,True,14.18188720114459,32,0.003125
0001010001,5842,"[2, 1, 3, 0]",9300,96.65751457214355,False,14.18188720114459,32,0.003125
0001010001,5843,"[2, 1, 0, 3]",600,96.67062759399414,True,14.18188720114459,32,0.003125
0001010001,5844,"[2, 1, 3, 0]",9300,96.68850898742676,False,14.18188720114459,32,0.003125
0001010001,5845,"[2, 1, 0, 3]",600,96.70162200927734,True,14.18188720114459,32,0.003125
0001010001,5846,"[2, 1, 3, 0]",9300,96.71926498413086,False,14.18188720114459,32,0.003125
0001010001,5847,"[2, 1, 0, 3]",600,96.73213958740234,True,14.18188720114459,32,0.003125
0001010001,5848,"[2, 1, 3, 0]",9300,96.75025939941406,False,14.18188720114459,32,0.003125
0001010001,5849,"[2, 1, 0, 3]",600,96.76361083984375,True,14.18188720114459,32,0.003125
0001010001,5850,"[2, 1, 3, 0]",9300,96.78316116333008,False,14.18188720114459,32,0.003125
0001010001,5851,"[2, 1, 0, 3]",600,96.79651260375977,True,14.18188720114459,32,0.003125
0001010001,5852,"[2, 1, 3, 0]",9300,96.81415557861328,False,14.18188720114459,32,0.003125
0001010001,5853,"[2, 1, 0, 3]",600,96.82726860046387,True,14.18188720114459,32,0.003125
0001010001,5854,"[2, 1, 3, 0]",9300,96.84491157531738,False,14.18188720114459,32,0.003125
0001010001,5855,"[2, 1, 0, 3]",600,96.85850143432617,True,14.18188720114459,32,0.003125
0001010001,5856,"[2, 1, 3, 0]",9300,96.87638282775879,False,14.18188720114459,32,0.003125
0001010001,5857,"[2, 1, 0, 3]",600,96.89021110534668,True,14.18188720114459,32,0.003125
0001010001,5858,"[2, 1, 3, 0]",9300,96.9076156616211,False,14.18188720114459,32,0.003125
0001010001,5859,"[2, 1, 0, 3]",600,96.92144393920898,True,14.18188720114459,32,0.003125
0001010001,5860,"[2, 1, 3, 0]",9300,96.9393253326416,False,14.18188720114459,32,0.003125
0001010001,5861,"[2, 1, 0, 3]",600,96.9533920288086,True,14.18188720114459,32,0.003125
0001010001,5862,"[2, 1, 3, 0]",9300,96.97103500366211,False,14.18188720114459,32,0.003125
0001010001,5863,"[2, 1, 0, 3]",600,96.9846248626709,True,14.18188720114459,32,0.003125
0001010001,5864,"[2, 1, 3, 0]",9300,97.00417518615723,False,14.18188720114459,32,0.003125
0001010001,5865,"[2, 1, 0, 3]",600,97.01824188232422,True,14.18188720114459,32,0.003125
0001010001,5866,"[2, 1, 3, 0]",9300,97.03874588012695,False,14.18188720114459,32,0.003125
0001010001,5867,"[2, 1, 0, 3]",600,97.05209732055664,True,14.18188720114459,32,0.003125
0001010001,5868,"[2, 1, 3, 0]",9300,97.07021713256836,False,14.18188720114459,32,0.003125
0001010001,5869,"[2, 1, 0, 3]",600,97.08380699157715,True,14.18188720114459,32,0.003125
0001010001,5870,"[2, 1, 3, 0]",9300,97.10335731506348,False,14.18188720114459,32,0.003125
0001010001,5871,"[2, 1, 0, 3]",600,97.11694717407227,True,14.18188720114459,32,0.003125
0001010001,5872,"[2, 1, 3, 0]",9300,97.13506698608398,False,14.18188720114459,32,0.003125
0001010001,5873,"[2, 1, 0, 3]",600,97.14818000793457,True,14.18188720114459,32,0.003125
0001010001,5874,"[2, 1, 3, 0]",9300,97.16606140136719,False,14.18188720114459,32,0.003125
0001010001,5875,"[2, 1, 0, 3]",600,97.17893600463867,True,14.18188720114459,32,0.003125
0001010001,5876,"[2, 1, 3, 0]",9300,97.19705581665039,False,14.18188720114459,32,0.003125
0001010001,5877,"[2, 1, 0, 3]",600,97.21016883850098,True,14.18188720114459,32,0.003125
0001010001,5878,"[2, 1, 3, 0]",9300,97.2280502319336,False,14.18188720114459,32,0.003125
0001010001,5879,"[2, 1, 0, 3]",600,97.24116325378418,True,14.18188720114459,32,0.003125
0001010001,5880,"[2, 1, 3, 0]",9300,97.2588062286377,False,14.18188720114459,32,0.003125
0001010001,5881,"[2, 1, 0, 3]",600,97.27215766906738,True,14.18188720114459,32,0.003125
0001010001,5882,"[2, 1, 3, 0]",9300,97.2900390625,False,14.18188720114459,32,0.003125
0001010001,5883,"[2, 1, 0, 3]",600,97.30339050292969,True,14.18188720114459,32,0.003125
1101111000,5884,"[2, 0, 3, 1]",6200,97.32174873352051,False,30.36479909079874,32,0.003125
1101111000,5885,"[2, 0, 1, 3]",500,97.3355770111084,True,30.36479909079874,32,0.003125
1101111000,5886,"[2, 0, 3, 1]",6200,97.35321998596191,False,30.36479909079874,32,0.003125
1101111000,5887,"[2, 0, 1, 3]",500,97.3668098449707,True,30.36479909079874,32,0.003125
1101111000,5888,"[2, 0, 3, 1]",6200,97.38469123840332,False,30.36479909079874,32,0.003125
1101111000,5889,"[2, 0, 1, 3]",500,97.39828109741211,True,30.36479909079874,32,0.003125
1101111000,5890,"[2, 0, 3, 1]",6200,97.41592407226562,False,30.36479909079874,32,0.003125
1101111000,5891,"[2, 0, 1, 3]",500,97.42927551269531,True,30.36479909079874,32,0.003125
1101111000,5892,"[2, 0, 3, 1]",6200,97.44882583618164,False,30.36479909079874,32,0.003125
1101111000,5893,"[2, 0, 1, 3]",500,97.46217727661133,True,30.36479909079874,32,0.003125
1101111000,5894,"[2, 0, 3, 1]",6200,97.47982025146484,False,30.36479909079874,32,0.003125
1101111000,5895,"[2, 0, 1, 3]",500,97.49293327331543,True,30.36479909079874,32,0.003125
1101111000,5896,"[2, 0, 3, 1]",6200,97.51057624816895,False,30.36479909079874,32,0.003125
1101111000,5897,"[2, 0, 1, 3]",500,97.52368927001953,True,30.36479909079874,32,0.003125
1101111000,5898,"[2, 0, 3, 1]",6200,97.54109382629395,False,30.36479909079874,32,0.003125
1101111000,5899,"[2, 0, 1, 3]",500,97.55396842956543,True,30.36479909079874,32,0.003125
1101111000,5900,"[2, 0, 3, 1]",6200,97.57208824157715,False,30.36479909079874,32,0.003125
1101111000,5901,"[2, 0, 1, 3]",500,97.58496284484863,True,30.36479909079874,32,0.003125
1101111000,5902,"[2, 0, 3, 1]",6200,97.60284423828125,False,30.36479909079874,32,0.003125
1101111000,5903,"[2, 0, 1, 3]",500,97.61571884155273,True,30.36479909079874,32,0.003125
1101111000,5904,"[2, 0, 3, 1]",6200,97.63336181640625,False,30.36479909079874,32,0.003125
1101111000,5905,"[2, 0, 1, 3]",500,97.64623641967773,True,30.36479909079874,32,0.003125
1101111000,5906,"[2, 0, 3, 1]",6200,97.66387939453125,False,30.36479909079874,32,0.003125
1101111000,5907,"[2, 0, 1, 3]",500,97.67699241638184,True,30.36479909079874,32,0.003125
1101111000,5908,"[2, 0, 3, 1]",6200,97.69463539123535,False,30.36479909079874,32,0.003125
1101111000,5909,"[2, 0, 1, 3]",500,97.70774841308594,True,30.36479909079874,32,0.003125
1101111000,5910,"[2, 0, 3, 1]",6200,97.72539138793945,False,30.36479909079874,32,0.003125
1101111000,5911,"[2, 0, 1, 3]",500,97.73898124694824,True,30.36479909079874,32,0.003125
1101111000,5912,"[2, 0, 3, 1]",6200,97.75805473327637,False,30.36479909079874,32,0.003125
1101111000,5913,"[2, 0, 1, 3]",500,97.77140617370605,True,30.36479909079874,32,0.003125
1101111000,5914,"[2, 0, 3, 1]",6200,97.78928756713867,False,30.36479909079874,32,0.003125
1101111000,5915,"[2, 0, 1, 3]",500,97.80311584472656,True,30.36479909079874,32,0.003125
1101111000,5916,"[2, 0, 3, 1]",6200,97.82099723815918,False,30.36479909079874,32,0.003125
1101111000,5917,"[2, 0, 1, 3]",500,97.83434867858887,True,30.36479909079874,32,0.003125
1101111000,5918,"[2, 0, 3, 1]",6200,97.8536605834961,False,30.36479909079874,32,0.003125
1101111000,5919,"[2, 0, 1, 3]",500,97.86701202392578,True,30.36479909079874,32,0.003125
1101111000,5920,"[2, 0, 3, 1]",6200,97.8846549987793,False,30.36479909079874,32,0.003125
1101111000,5921,"[2, 0, 1, 3]",500,97.89752960205078,True,30.36479909079874,32,0.003125
1101111000,5922,"[2, 0, 3, 1]",6200,97.9154109954834,False,30.36479909079874,32,0.003125
1101111000,5923,"[2, 0, 1, 3]",500,97.92780876159668,True,30.36479909079874,32,0.003125
1101111000,5924,"[2, 0, 3, 1]",6200,97.9456901550293,False,30.36479909079874,32,0.003125
1101111000,5925,"[2, 0, 1, 3]",500,97.95856475830078,True,30.36479909079874,32,0.003125
1101111000,5926,"[2, 0, 3, 1]",6200,97.9764461517334,False,30.36479909079874,32,0.003125
1101111000,5927,"[2, 0, 1, 3]",500,97.98932075500488,True,30.36479909079874,32,0.003125
1101111000,5928,"[2, 0, 3, 1]",6200,98.0072021484375,False,30.36479909079874,32,0.003125
1101111000,5929,"[2, 0, 1, 3]",500,98.02007675170898,True,30.36479909079874,32,0.003125
1101111000,5930,"[2, 0, 3, 1]",6200,98.0377197265625,False,30.36479909079874,32,0.003125
1101111000,5931,"[2, 0, 1, 3]",500,98.05083274841309,True,30.36479909079874,32,0.003125
1101111000,5932,"[2, 0, 3, 1]",6200,98.0689525604248,False,30.36479909079874,32,0.003125
1101111000,5933,"[2, 0, 1, 3]",500,98.08158874511719,True,30.36479909079874,32,0.003125
1101111000,5934,"[2, 0, 3, 1]",6200,98.10161590576172,False,30.36479909079874,32,0.003125
1101111000,5935,"[2, 0, 1, 3]",500,98.1147289276123,True,30.36479909079874,32,0.003125
1101111000,5936,"[2, 0, 3, 1]",6200,98.13261032104492,False,30.36479909079874,32,0.003125
1101111000,5937,"[2, 0, 1, 3]",500,98.14572334289551,True,30.36479909079874,32,0.003125
1101111000,5938,"[2, 0, 3, 1]",6200,98.16336631774902,False,30.36479909079874,32,0.003125
1101111000,5939,"[2, 0, 1, 3]",500,98.17695617675781,True,30.36479909079874,32,0.003125
1101111000,5940,"[2, 0, 3, 1]",6200,98.19459915161133,False,30.36479909079874,32,0.003125
1101111000,5941,"[2, 0, 1, 3]",500,98.20795059204102,True,30.36479909079874,32,0.003125
1101111000,5942,"[2, 0, 3, 1]",6200,98.22559356689453,False,30.36479909079874,32,0.003125
1101111000,5943,"[2, 0, 1, 3]",500,98.23894500732422,True,30.36479909079874,32,0.003125
1101111000,5944,"[2, 0, 3, 1]",6200,98.25658798217773,False,30.36479909079874,32,0.003125
1101111000,5945,"[2, 0, 1, 3]",500,98.26970100402832,True,30.36479909079874,32,0.003125
1101111000,5946,"[2, 0, 3, 1]",6200,98.28734397888184,False,30.36479909079874,32,0.003125
1101111000,5947,"[2, 0, 1, 3]",500,98.30021858215332,True,30.36479909079874,32,0.003125
0010100101,5948,"[2, 1, 3, 0]",9300,98.31833839416504,False,22.36377440228918,32,0.003125
0010100101,5949,"[2, 1, 0, 3]",600,98.33192825317383,True,22.36377440228918,32,0.003125
0010100101,5950,"[2, 1, 3, 0]",9300,98.34957122802734,False,22.36377440228918,32,0.003125
0010100101,5951,"[2, 1, 0, 3]",600,98.36316108703613,True,22.36377440228918,32,0.003125
0010100101,5952,"[2, 1, 3, 0]",9300,98.38128089904785,False,22.36377440228918,32,0.003125
0010100101,5953,"[2, 1, 0, 3]",600,98.39463233947754,True,22.36377440228918,32,0.003125
0010100101,5954,"[2, 1, 3, 0]",9300,98.41418266296387,False,22.36377440228918,32,0.003125
0010100101,5955,"[2, 1, 0, 3]",600,98.42729568481445,True,22.36377440228918,32,0.003125
0010100101,5956,"[2, 1, 3, 0]",9300,98.44517707824707,False,22.36377440228918,32,0.003125
0010100101,5957,"[2, 1, 0, 3]",600,98.45852851867676,True,22.36377440228918,32,0.003125
0010100101,5958,"[2, 1, 3, 0]",9300,98.47640991210938,False,22.36377440228918,32,0.003125
0010100101,5959,"[2, 1, 0, 3]",600,98.48952293395996,True,22.36377440228918,32,0.003125
0010100101,5960,"[2, 1, 3, 0]",9300,98.50716590881348,False,22.36377440228918,32,0.003125
0010100101,5961,"[2, 1, 0, 3]",600,98.52051734924316,True,22.36377440228918,32,0.003125
0010100101,5962,"[2, 1, 3, 0]",9300,98.53839874267578,False,22.36377440228918,32,0.003125
0010100101,5963,"[2, 1, 0, 3]",600,98.55151176452637,True,22.36377440228918,32,0.003125
0010100101,5964,"[2, 1, 3, 0]",9300,98.56915473937988,False,22.36377440228918,32,0.003125
0010100101,5965,"[2, 1, 0, 3]",600,98.58250617980957,True,22.36377440228918,32,0.003125
0010100101,5966,"[2, 1, 3, 0]",9300,98.60038757324219,False,22.36377440228918,32,0.003125
0010100101,5967,"[2, 1, 0, 3]",600,98.61373901367188,True,22.36377440228918,32,0.003125
0010100101,5968,"[2, 1, 3, 0]",9300,98.6335277557373,False,22.36377440228918,32,0.003125
0010100101,5969,"[2, 1, 0, 3]",600,98.6471176147461,True,22.36377440228918,32,0.003125
0010100101,5970,"[2, 1, 3, 0]",9300,98.66476058959961,False,22.36377440228918,32,0.003125
0010100101,5971,"[2, 1, 0, 3]",600,98.6783504486084,True,22.36377440228918,32,0.003125
0010100101,5972,"[2, 1, 3, 0]",9300,98.69599342346191,False,22.36377440228918,32,0.003125
0010100101,5973,"[2, 1, 0, 3]",600,98.7095832824707,True,22.36377440228918,32,0.003125
0010100101,5974,"[2, 1, 3, 0]",9300,98.72770309448242,False,22.36377440228918,32,0.003125
0010100101,5975,"[2, 1, 0, 3]",600,98.74081611633301,True,22.36377440228918,32,0.003125
0010100101,5976,"[2, 1, 3, 0]",9300,98.76012802124023,False,22.36377440228918,32,0.003125
0010100101,5977,"[2, 1, 0, 3]",600,98.77371788024902,True,22.36377440228918,32,0.003125
0010100101,5978,"[2, 1, 3, 0]",9300,98.79136085510254,False,22.36377440228918,32,0.003125
0010100101,5979,"[2, 1, 0, 3]",600,98.80447387695312,True,22.36377440228918,32,0.003125
0010100101,5980,"[2, 1, 3, 0]",9300,98.82235527038574,False,22.36377440228918,32,0.003125
0010100101,5981,"[2, 1, 0, 3]",600,98.83546829223633,True,22.36377440228918,32,0.003125
0010100101,5982,"[2, 1, 3, 0]",9300,98.85311126708984,False,22.36377440228918,32,0.003125
0010100101,5983,"[2, 1, 0, 3]",600,98.86598587036133,True,22.36377440228918,32,0.003125
0010100101,5984,"[2, 1, 3, 0]",9300,98.88410568237305,False,22.36377440228918,32,0.003125
0010100101,5985,"[2, 1, 0, 3]",600,98.89698028564453,True,22.36377440228918,32,0.003125
0010100101,5986,"[2, 1, 3, 0]",9300,98.91462326049805,False,22.36377440228918,32,0.003125
0010100101,5987,"[2, 1, 0, 3]",600,98.92773628234863,True,22.36377440228918,32,0.003125
0010100101,5988,"[2, 1, 3, 0]",9300,98.94537925720215,False,22.36377440228918,32,0.003125
0010100101,5989,"[2, 1, 0, 3]",600,98.95849227905273,True,22.36377440228918,32,0.003125
0010100101,5990,"[2, 1, 3, 0]",9300,98.97613525390625,False,22.36377440228918,32,0.003125
0010100101,5991,"[2, 1, 0, 3]",600,98.98924827575684,True,22.36377440228918,32,0.003125
0010100101,5992,"[2, 1, 3, 0]",9300,99.00689125061035,False,22.36377440228918,32,0.003125
0010100101,5993,"[2, 1, 0, 3]",600,99.02024269104004,True,22.36377440228918,32,0.003125
0010100101,5994,"[2, 1, 3, 0]",9300,99.03788566589355,False,22.36377440228918,32,0.003125
0010100101,5995,"[2, 1, 0, 3]",600,99.05147552490234,True,22.36377440228918,32,0.003125
0010100101,5996,"[2, 1, 3, 0]",9300,99.07054901123047,False,22.36377440228918,32,0.003125
0010100101,5997,"[2, 1, 0, 3]",600,99.08390045166016,True,22.36377440228918,32,0.003125
0010100101,5998,"[2, 1, 3, 0]",9300,99.10154342651367,False,22.36377440228918,32,0.003125
0010100101,5999,"[2, 1, 0, 3]",600,99.11489486694336,True,22.36377440228918,32,0.003125
0010100101,6000,"[2, 1, 3, 0]",9300,99.13253784179688,False,22.36377440228918,32,0.003125
0010100101,6001,"[2, 1, 0, 3]",600,99.14588928222656,True,22.36377440228918,32,0.003125
0010100101,6002,"[2, 1, 3, 0]",9300,99.16329383850098,False,22.36377440228918,32,0.003125
0010100101,6003,"[2, 1, 0, 3]",600,99.17640686035156,True,22.36377440228918,32,0.003125
0010100101,6004,"[2, 1, 3, 0]",9300,99.19404983520508,False,22.36377440228918,32,0.003125
0010100101,6005,"[2, 1, 0, 3]",600,99.20716285705566,True,22.36377440228918,32,0.003125
0010100101,6006,"[2, 1, 3, 0]",9300,99.22504425048828,False,22.36377440228918,32,0.003125
0010100101,6007,"[2, 1, 0, 3]",600,99.23815727233887,True,22.36377440228918,32,0.003125
0010100101,6008,"[2, 1, 3, 0]",9300,99.25603866577148,False,22.36377440228918,32,0.003125
0010100101,6009,"[2, 1, 0, 3]",600,99.26891326904297,True,22.36377440228918,32,0.003125
0010100101,6010,"[2, 1, 3, 0]",9300,99.28679466247559,False,22.36377440228918,32,0.003125
0010100101,6011,"[2, 1, 0, 3]",600,99.29990768432617,True,22.36377440228918,32,0.003125
1000010111,6012,"[0, 3, 2, 1]",6300,99.31826591491699,False,15.161821869240917,32,0.003125
1000010111,6013,"[0, 1, 3, 2]",465,99.33185577392578,True,15.161821869240917,32,0.003125
1000010111,6014,"[0, 3, 2, 1]",6300,99.3497371673584,False,15.161821869240917,32,0.003125
1000010111,6015,"[0, 1, 3, 2]",465,99.36261177062988,True,15.161821869240917,32,0.003125
1000010111,6016,"[0, 3, 2, 1]",6300,99.38240051269531,False,15.161821869240917,32,0.003125
1000010111,6017,"[0, 1, 3, 2]",465,99.3962287902832,True,15.161821869240917,32,0.003125
1000010111,6018,"[0, 3, 2, 1]",6300,99.41577911376953,False,15.161821869240917,32,0.003125
1000010111,6019,"[0, 1, 3, 2]",465,99.44534301757812,True,15.161821869240917,32,0.003125
1000010111,6020,"[0, 3, 2, 1]",6300,99.46417808532715,False,15.161821869240917,32,0.003125
1000010111,6021,"[0, 1, 3, 2]",465,99.47800636291504,True,15.161821869240917,32,0.003125
1000010111,6022,"[0, 3, 2, 1]",6300,99.49636459350586,False,15.161821869240917,32,0.003125
1000010111,6023,"[0, 1, 3, 2]",465,99.51043128967285,True,15.161821869240917,32,0.003125
1000010111,6024,"[0, 3, 2, 1]",6300,99.52878952026367,False,15.161821869240917,32,0.003125
1000010111,6025,"[0, 1, 3, 2]",465,99.54285621643066,True,15.161821869240917,32,0.003125
1000010111,6026,"[0, 3, 2, 1]",6300,99.56121444702148,False,15.161821869240917,32,0.003125
1000010111,6027,"[0, 1, 3, 2]",465,99.57551956176758,True,15.161821869240917,32,0.003125
1000010111,6028,"[0, 3, 2, 1]",6300,99.5936393737793,False,15.161821869240917,32,0.003125
1000010111,6029,"[0, 1, 3, 2]",465,99.60818290710449,True,15.161821869240917,32,0.003125
1000010111,6030,"[0, 3, 2, 1]",6300,99.62630271911621,False,15.161821869240917,32,0.003125
1000010111,6031,"[0, 1, 3, 2]",465,99.6403694152832,True,15.161821869240917,32,0.003125
1000010111,6032,"[0, 3, 2, 1]",6300,99.66015815734863,False,15.161821869240917,32,0.003125
1000010111,6033,"[0, 1, 3, 2]",465,99.67422485351562,True,15.161821869240917,32,0.003125
1000010111,6034,"[0, 3, 2, 1]",6300,99.69234466552734,False,15.161821869240917,32,0.003125
1000010111,6035,"[0, 1, 3, 2]",465,99.72929954528809,True,15.161821869240917,32,0.003125
1000010111,6036,"[0, 3, 2, 1]",6300,99.74837303161621,False,15.161821869240917,32,0.003125
1000010111,6037,"[0, 1, 3, 2]",465,99.7624397277832,True,15.161821869240917,32,0.003125
1000010111,6038,"[0, 3, 2, 1]",6300,99.78246688842773,False,15.161821869240917,32,0.003125
1000010111,6039,"[0, 1, 3, 2]",465,99.79629516601562,True,15.161821869240917,32,0.003125
1000010111,6040,"[0, 3, 2, 1]",6300,99.81513023376465,False,15.161821869240917,32,0.003125
1000010111,6041,"[0, 1, 3, 2]",465,99.8389720916748,True,15.161821869240917,32,0.003125
1000010111,6042,"[0, 3, 2, 1]",6300,99.86019134521484,False,15.161821869240917,32,0.003125
1000010111,6043,"[0, 1, 3, 2]",465,99.87354278564453,True,15.161821869240917,32,0.003125
1000010111,6044,"[0, 3, 2, 1]",6300,99.89118576049805,False,15.161821869240917,32,0.003125
1000010111,6045,"[0, 1, 3, 2]",465,99.90382194519043,True,15.161821869240917,32,0.003125
1000010111,6046,"[0, 3, 2, 1]",6300,99.92146492004395,False,15.161821869240917,32,0.003125
1000010111,6047,"[0, 1, 3, 2]",465,99.93457794189453,True,15.161821869240917,32,0.003125
1000010111,6048,"[0, 3, 2, 1]",6300,99.95222091674805,False,15.161821869240917,32,0.003125
1000010111,6049,"[0, 1, 3, 2]",465,99.96533393859863,True,15.161821869240917,32,0.003125
1000010111,6050,"[0, 3, 2, 1]",6300,99.98297691345215,False,15.161821869240917,32,0.003125
1000010111,6051,"[0, 1, 3, 2]",465,99.99775886535645,True,15.161821869240917,32,0.003125
1000010111,6052,"[0, 3, 2, 1]",6300,100.01587867736816,False,15.161821869240917,32,0.003125
1000010111,6053,"[0, 1, 3, 2]",465,100.02875328063965,True,15.161821869240917,32,0.003125
1000010111,6054,"[0, 3, 2, 1]",6300,100.04639625549316,False,15.161821869240917,32,0.003125
1000010111,6055,"[0, 1, 3, 2]",465,100.05950927734375,True,15.161821869240917,32,0.003125
1000010111,6056,"[0, 3, 2, 1]",6300,100.07715225219727,False,15.161821869240917,32,0.003125
1000010111,6057,"[0, 1, 3, 2]",465,100.09026527404785,True,15.161821869240917,32,0.003125
1000010111,6058,"[0, 3, 2, 1]",6300,100.10790824890137,False,15.161821869240917,32,0.003125
1000010111,6059,"[0, 1, 3, 2]",465,100.12102127075195,True,15.161821869240917,32,0.003125
1000010111,6060,"[0, 3, 2, 1]",6300,100.14104843139648,False,15.161821869240917,32,0.003125
1000010111,6061,"[0, 1, 3, 2]",465,100.15368461608887,True,15.161821869240917,32,0.003125
1000010111,6062,"[0, 3, 2, 1]",6300,100.17132759094238,False,15.161821869240917,32,0.003125
1000010111,6063,"[0, 1, 3, 2]",465,100.18444061279297,True,15.161821869240917,32,0.003125
1000010111,6064,"[0, 3, 2, 1]",6300,100.20208358764648,False,15.161821869240917,32,0.003125
1000010111,6065,"[0, 1, 3, 2]",465,100.21495819091797,True,15.161821869240917,32,0.003125
1000010111,6066,"[0, 3, 2, 1]",6300,100.23260116577148,False,15.161821869240917,32,0.003125
1000010111,6067,"[0, 1, 3, 2]",465,100.24642944335938,True,15.161821869240917,32,0.003125
1000010111,6068,"[0, 3, 2, 1]",6300,100.2659797668457,False,15.161821869240917,32,0.003125
1000010111,6069,"[0, 1, 3, 2]",465,100.27885437011719,True,15.161821869240917,32,0.003125
1000010111,6070,"[0, 3, 2, 1]",6300,100.2962589263916,False,15.161821869240917,32,0.003125
1000010111,6071,"[0, 1, 3, 2]",465,100.30913352966309,True,15.161821869240917,32,0.003125
1000010111,6072,"[0, 3, 2, 1]",6300,100.3267765045166,False,15.161821869240917,32,0.003125
1000010111,6073,"[0, 1, 3, 2]",465,100.33965110778809,True,15.161821869240917,32,0.003125
1000010111,6074,"[0, 3, 2, 1]",6300,100.3568172454834,False,15.161821869240917,32,0.003125
1000010111,6075,"[0, 1, 3, 2]",465,100.36993026733398,True,15.161821869240917,32,0.003125
1011110011,6076,"[2, 1, 0, 3]",600,100.3878116607666,False,16.318016911728506,31,0.00302734375
1011110011,6077,"[2, 1, 0, 3]",600,100.4018783569336,True,16.318016911728506,31,0.00302734375
1011110011,6078,"[2, 1, 0, 3]",600,100.41952133178711,False,16.318016911728506,31,0.00302734375
1011110011,6079,"[2, 1, 0, 3]",600,100.433349609375,True,16.318016911728506,31,0.00302734375
1011110011,6080,"[2, 1, 0, 3]",600,100.45313835144043,False,16.318016911728506,31,0.00302734375
1011110011,6081,"[2, 1, 0, 3]",600,100.46696662902832,True,16.318016911728506,31,0.00302734375
1011110011,6082,"[2, 1, 0, 3]",600,100.48460960388184,False,16.318016911728506,31,0.00302734375
1011110011,6083,"[2, 1, 0, 3]",600,100.49772262573242,True,16.318016911728506,31,0.00302734375
1011110011,6084,"[2, 1, 0, 3]",600,100.51512718200684,False,16.318016911728506,31,0.00302734375
1011110011,6085,"[2, 1, 0, 3]",600,100.52824020385742,True,16.318016911728506,31,0.00302734375
1011110011,6086,"[2, 1, 0, 3]",600,100.54564476013184,False,16.318016911728506,31,0.00302734375
1011110011,6087,"[2, 1, 0, 3]",600,100.55875778198242,True,16.318016911728506,31,0.00302734375
1011110011,6088,"[2, 1, 0, 3]",600,100.57616233825684,False,16.318016911728506,31,0.00302734375
1011110011,6089,"[2, 1, 0, 3]",600,100.58903694152832,True,16.318016911728506,31,0.00302734375
1011110011,6090,"[2, 1, 0, 3]",600,100.62265396118164,False,16.318016911728506,31,0.00302734375
1011110011,6091,"[2, 1, 0, 3]",600,100.63624382019043,True,16.318016911728506,31,0.00302734375
1011110011,6092,"[2, 1, 0, 3]",600,100.66485404968262,False,16.318016911728506,31,0.00302734375
1011110011,6093,"[2, 1, 0, 3]",600,100.677490234375,True,16.318016911728506,31,0.00302734375
1011110011,6094,"[2, 1, 0, 3]",600,100.69489479064941,False,16.318016911728506,31,0.00302734375
1011110011,6095,"[2, 1, 0, 3]",600,100.7077693939209,True,16.318016911728506,31,0.00302734375
1011110011,6096,"[2, 1, 0, 3]",600,100.72541236877441,False,16.318016911728506,31,0.00302734375
1011110011,6097,"[2, 1, 0, 3]",600,100.7382869720459,True,16.318016911728506,31,0.00302734375
1011110011,6098,"[2, 1, 0, 3]",600,100.75545310974121,False,16.318016911728506,31,0.00302734375
1011110011,6099,"[2, 1, 0, 3]",600,100.7680892944336,True,16.318016911728506,31,0.00302734375
1011110011,6100,"[2, 1, 0, 3]",600,100.78597068786621,False,16.318016911728506,31,0.00302734375
1011110011,6101,"[2, 1, 0, 3]",600,100.7988452911377,True,16.318016911728506,31,0.00302734375
1011110011,6102,"[2, 1, 0, 3]",600,100.81839561462402,False,16.318016911728506,31,0.00302734375
1011110011,6103,"[2, 1, 0, 3]",600,100.8310317993164,True,16.318016911728506,31,0.00302734375
1011110011,6104,"[2, 1, 0, 3]",600,100.84891319274902,False,16.318016911728506,31,0.00302734375
1011110011,6105,"[2, 1, 0, 3]",600,100.86178779602051,True,16.318016911728506,31,0.00302734375
1011110011,6106,"[2, 1, 0, 3]",600,100.87943077087402,False,16.318016911728506,31,0.00302734375
1011110011,6107,"[2, 1, 0, 3]",600,100.89278221130371,True,16.318016911728506,31,0.00302734375
1011110011,6108,"[2, 1, 0, 3]",600,100.91018676757812,False,16.318016911728506,31,0.00302734375
1011110011,6109,"[2, 1, 0, 3]",600,100.92329978942871,True,16.318016911728506,31,0.00302734375
1011110011,6110,"[2, 1, 0, 3]",600,100.94094276428223,False,16.318016911728506,31,0.00302734375
1011110011,6111,"[2, 1, 0, 3]",600,100.95381736755371,True,16.318016911728506,31,0.00302734375
1011110011,6112,"[2, 1, 0, 3]",600,100.97146034240723,False,16.318016911728506,31,0.00302734375
1011110011,6113,"[2, 1, 0, 3]",600,100.98457336425781,True,16.318016911728506,31,0.00302734375
1011110011,6114,"[2, 1, 0, 3]",600,101.00221633911133,False,16.318016911728506,31,0.00302734375
1011110011,6115,"[2, 1, 0, 3]",600,101.01485252380371,True,16.318016911728506,31,0.00302734375
1011110011,6116,"[2, 1, 0, 3]",600,101.03297233581543,False,16.318016911728506,31,0.00302734375
1011110011,6117,"[2, 1, 0, 3]",600,101.04608535766602,True,16.318016911728506,31,0.00302734375
1011110011,6118,"[2, 1, 0, 3]",600,101.06611251831055,False,16.318016911728506,31,0.00302734375
1011110011,6119,"[2, 1, 0, 3]",600,101.07922554016113,True,16.318016911728506,31,0.00302734375
1011110011,6120,"[2, 1, 0, 3]",600,101.09686851501465,False,16.318016911728506,31,0.00302734375
1011110011,6121,"[2, 1, 0, 3]",600,101.10998153686523,True,16.318016911728506,31,0.00302734375
1011110011,6122,"[2, 1, 0, 3]",600,101.12905502319336,False,16.318016911728506,31,0.00302734375
1011110011,6123,"[2, 1, 0, 3]",600,101.14192962646484,True,16.318016911728506,31,0.00302734375
1011110011,6124,"[2, 1, 0, 3]",600,101.15933418273926,False,16.318016911728506,31,0.00302734375
1011110011,6125,"[2, 1, 0, 3]",600,101.17244720458984,True,16.318016911728506,31,0.00302734375
1011110011,6126,"[2, 1, 0, 3]",600,101.18985176086426,False,16.318016911728506,31,0.00302734375
1011110011,6127,"[2, 1, 0, 3]",600,101.20248794555664,True,16.318016911728506,31,0.00302734375
1011110011,6128,"[2, 1, 0, 3]",600,101.21989250183105,False,16.318016911728506,31,0.00302734375
1011110011,6129,"[2, 1, 0, 3]",600,101.23276710510254,True,16.318016911728506,31,0.00302734375
1011110011,6130,"[2, 1, 0, 3]",600,101.25017166137695,False,16.318016911728506,31,0.00302734375
1011110011,6131,"[2, 1, 0, 3]",600,101.26304626464844,True,16.318016911728506,31,0.00302734375
1011110011,6132,"[2, 1, 0, 3]",600,101.28045082092285,False,16.318016911728506,31,0.00302734375
1011110011,6133,"[2, 1, 0, 3]",600,101.29356384277344,True,16.318016911728506,31,0.00302734375
1011110011,6134,"[2, 1, 0, 3]",600,101.31096839904785,False,16.318016911728506,31,0.00302734375
1011110011,6135,"[2, 1, 0, 3]",600,101.32360458374023,True,16.318016911728506,31,0.00302734375
1011110011,6136,"[2, 1, 0, 3]",600,101.34100914001465,False,16.318016911728506,31,0.00302734375
1011110011,6137,"[2, 1, 0, 3]",600,101.35436058044434,True,16.318016911728506,31,0.00302734375
1001010101,6138,"[0, 3, 2, 1]",6300,101.37176513671875,False,15.727548804578362,31,0.00302734375
1001010101,6139,"[0, 1, 3, 2]",465,101.38535499572754,True,15.727548804578362,31,0.00302734375
1001010101,6140,"[0, 3, 2, 1]",6300,101.40275955200195,False,15.727548804578362,31,0.00302734375
1001010101,6141,"[0, 1, 3, 2]",465,101.41611099243164,True,15.727548804578362,31,0.00302734375
1001010101,6142,"[0, 3, 2, 1]",6300,101.43375396728516,False,15.727548804578362,31,0.00302734375
1001010101,6143,"[0, 1, 3, 2]",465,101.44686698913574,True,15.727548804578362,31,0.00302734375
1001010101,6144,"[0, 3, 2, 1]",6300,101.46594047546387,False,15.727548804578362,31,0.00302734375
1001010101,6145,"[0, 1, 3, 2]",465,101.47905349731445,True,15.727548804578362,31,0.00302734375
1001010101,6146,"[0, 3, 2, 1]",6300,101.49669647216797,False,15.727548804578362,31,0.00302734375
1001010101,6147,"[0, 1, 3, 2]",465,101.50980949401855,True,15.727548804578362,31,0.00302734375
1001010101,6148,"[0, 3, 2, 1]",6300,101.52745246887207,False,15.727548804578362,31,0.00302734375
1001010101,6149,"[0, 1, 3, 2]",465,101.54032707214355,True,15.727548804578362,31,0.00302734375
1001010101,6150,"[0, 3, 2, 1]",6300,101.55773162841797,False,15.727548804578362,31,0.00302734375
1001010101,6151,"[0, 1, 3, 2]",465,101.58681869506836,True,15.727548804578362,31,0.00302734375
1001010101,6152,"[0, 3, 2, 1]",6300,101.60517692565918,False,15.727548804578362,31,0.00302734375
1001010101,6153,"[0, 1, 3, 2]",465,101.61852836608887,True,15.727548804578362,31,0.00302734375
1001010101,6154,"[0, 3, 2, 1]",6300,101.63712501525879,False,15.727548804578362,31,0.00302734375
1001010101,6155,"[0, 1, 3, 2]",465,101.65023803710938,True,15.727548804578362,31,0.00302734375
1001010101,6156,"[0, 3, 2, 1]",6300,101.6688346862793,False,15.727548804578362,31,0.00302734375
1001010101,6157,"[0, 1, 3, 2]",465,101.68242454528809,True,15.727548804578362,31,0.00302734375
1001010101,6158,"[0, 3, 2, 1]",6300,101.7007827758789,False,15.727548804578362,31,0.00302734375
1001010101,6159,"[0, 1, 3, 2]",465,101.7143726348877,True,15.727548804578362,31,0.00302734375
1001010101,6160,"[0, 3, 2, 1]",6300,101.73273086547852,False,15.727548804578362,31,0.00302734375
1001010101,6161,"[0, 1, 3, 2]",465,101.7463207244873,True,15.727548804578362,31,0.00302734375
1001010101,6162,"[0, 3, 2, 1]",6300,101.76491737365723,False,15.727548804578362,31,0.00302734375
1001010101,6163,"[0, 1, 3, 2]",465,101.77922248840332,True,15.727548804578362,31,0.00302734375
1001010101,6164,"[0, 3, 2, 1]",6300,101.79972648620605,False,15.727548804578362,31,0.00302734375
1001010101,6165,"[0, 1, 3, 2]",465,101.81355476379395,True,15.727548804578362,31,0.00302734375
1001010101,6166,"[0, 3, 2, 1]",6300,101.83238983154297,False,15.727548804578362,31,0.00302734375
1001010101,6167,"[0, 1, 3, 2]",465,101.84621810913086,True,15.727548804578362,31,0.00302734375
1001010101,6168,"[0, 3, 2, 1]",6300,101.86505317687988,False,15.727548804578362,31,0.00302734375
1001010101,6169,"[0, 1, 3, 2]",465,101.87911987304688,True,15.727548804578362,31,0.00302734375
1001010101,6170,"[0, 3, 2, 1]",6300,101.91464424133301,False,15.727548804578362,31,0.00302734375
1001010101,6171,"[0, 1, 3, 2]",465,101.9287109375,True,15.727548804578362,31,0.00302734375
1001010101,6172,"[0, 3, 2, 1]",6300,101.95803642272949,False,15.727548804578362,31,0.00302734375
1001010101,6173,"[0, 1, 3, 2]",465,101.97186470031738,True,15.727548804578362,31,0.00302734375
1001010101,6174,"[0, 3, 2, 1]",6300,102.00095176696777,False,15.727548804578362,31,0.00302734375
1001010101,6175,"[0, 1, 3, 2]",465,102.01478004455566,True,15.727548804578362,31,0.00302734375
1001010101,6176,"[0, 3, 2, 1]",6300,102.04386711120605,False,15.727548804578362,31,0.00302734375
1001010101,6177,"[0, 1, 3, 2]",465,102.05793380737305,True,15.727548804578362,31,0.00302734375
1001010101,6178,"[0, 3, 2, 1]",6300,102.08702087402344,False,15.727548804578362,31,0.00302734375
1001010101,6179,"[0, 1, 3, 2]",465,102.10084915161133,True,15.727548804578362,31,0.00302734375
1001010101,6180,"[0, 3, 2, 1]",6300,102.12993621826172,False,15.727548804578362,31,0.00302734375
1001010101,6181,"[0, 1, 3, 2]",465,102.14376449584961,True,15.727548804578362,31,0.00302734375
1001010101,6182,"[0, 3, 2, 1]",6300,102.1726131439209,False,15.727548804578362,31,0.00302734375
1001010101,6183,"[0, 1, 3, 2]",465,102.18644142150879,True,15.727548804578362,31,0.00302734375
1001010101,6184,"[0, 3, 2, 1]",6300,102.22387313842773,False,15.727548804578362,31,0.00302734375
1001010101,6185,"[0, 1, 3, 2]",465,102.23960876464844,True,15.727548804578362,31,0.00302734375
1001010101,6186,"[0, 3, 2, 1]",6300,102.26035118103027,False,15.727548804578362,31,0.00302734375
1001010101,6187,"[0, 1, 3, 2]",465,102.27417945861816,True,15.727548804578362,31,0.00302734375
1001010101,6188,"[0, 3, 2, 1]",6300,102.29301452636719,False,15.727548804578362,31,0.00302734375
1001010101,6189,"[0, 1, 3, 2]",465,102.30636596679688,True,15.727548804578362,31,0.00302734375
1001010101,6190,"[0, 3, 2, 1]",6300,102.3249626159668,False,15.727548804578362,31,0.00302734375
1001010101,6191,"[0, 1, 3, 2]",465,102.33879089355469,True,15.727548804578362,31,0.00302734375
1001010101,6192,"[0, 3, 2, 1]",6300,102.35714912414551,False,15.727548804578362,31,0.00302734375
1001010101,6193,"[0, 1, 3, 2]",465,102.3712158203125,True,15.727548804578362,31,0.00302734375
1001010101,6194,"[0, 3, 2, 1]",6300,102.38933563232422,False,15.727548804578362,31,0.00302734375
1001010101,6195,"[0, 1, 3, 2]",465,102.40364074707031,True,15.727548804578362,31,0.00302734375
1001010101,6196,"[0, 3, 2, 1]",6300,102.42247581481934,False,15.727548804578362,31,0.00302734375
1001010101,6197,"[0, 1, 3, 2]",465,102.43678092956543,True,15.727548804578362,31,0.00302734375
1001010101,6198,"[0, 3, 2, 1]",6300,102.45490074157715,False,15.727548804578362,31,0.00302734375
1001010101,6199,"[0, 1, 3, 2]",465,102.46896743774414,True,15.727548804578362,31,0.00302734375
0010110101,6200,"[2, 1, 3, 0]",9300,102.48947143554688,False,17.297951579824833,31,0.00302734375
0010110101,6201,"[2, 1, 0, 3]",600,102.50377655029297,True,17.297951579824833,31,0.00302734375
0010110101,6202,"[2, 1, 3, 0]",9300,102.52261161804199,False,17.297951579824833,31,0.00302734375
0010110101,6203,"[2, 1, 0, 3]",600,102.53643989562988,True,17.297951579824833,31,0.00302734375
0010110101,6204,"[2, 1, 3, 0]",9300,102.5552749633789,False,17.297951579824833,31,0.00302734375
0010110101,6205,"[2, 1, 0, 3]",600,102.5691032409668,True,17.297951579824833,31,0.00302734375
0010110101,6206,"[2, 1, 3, 0]",9300,102.58984565734863,False,17.297951579824833,31,0.00302734375
0010110101,6207,"[2, 1, 0, 3]",600,102.60367393493652,True,17.297951579824833,31,0.00302734375
0010110101,6208,"[2, 1, 3, 0]",9300,102.62227058410645,False,17.297951579824833,31,0.00302734375
0010110101,6209,"[2, 1, 0, 3]",600,102.63586044311523,True,17.297951579824833,31,0.00302734375
0010110101,6210,"[2, 1, 3, 0]",9300,102.65469551086426,False,17.297951579824833,31,0.00302734375
0010110101,6211,"[2, 1, 0, 3]",600,102.66852378845215,True,17.297951579824833,31,0.00302734375
0010110101,6212,"[2, 1, 3, 0]",9300,102.68712043762207,False,17.297951579824833,31,0.00302734375
0010110101,6213,"[2, 1, 0, 3]",600,102.70094871520996,True,17.297951579824833,31,0.00302734375
0010110101,6214,"[2, 1, 3, 0]",9300,102.71930694580078,False,17.297951579824833,31,0.00302734375
0010110101,6215,"[2, 1, 0, 3]",600,102.73289680480957,True,17.297951579824833,31,0.00302734375
0010110101,6216,"[2, 1, 3, 0]",9300,102.7517318725586,False,17.297951579824833,31,0.00302734375
0010110101,6217,"[2, 1, 0, 3]",600,102.76579856872559,True,17.297951579824833,31,0.00302734375
0010110101,6218,"[2, 1, 3, 0]",9300,102.78463363647461,False,17.297951579824833,31,0.00302734375
0010110101,6219,"[2, 1, 0, 3]",600,102.80895233154297,True,17.297951579824833,31,0.00302734375
0010110101,6220,"[2, 1, 3, 0]",9300,102.8289794921875,False,17.297951579824833,31,0.00302734375
0010110101,6221,"[2, 1, 0, 3]",600,102.84256935119629,True,17.297951579824833,31,0.00302734375
0010110101,6222,"[2, 1, 3, 0]",9300,102.8602123260498,False,17.297951579824833,31,0.00302734375
0010110101,6223,"[2, 1, 0, 3]",600,102.87356376647949,True,17.297951579824833,31,0.00302734375
0010110101,6224,"[2, 1, 3, 0]",9300,102.89120674133301,False,17.297951579824833,31,0.00302734375
0010110101,6225,"[2, 1, 0, 3]",600,102.9045581817627,True,17.297951579824833,31,0.00302734375
0010110101,6226,"[2, 1, 3, 0]",9300,102.92243957519531,False,17.297951579824833,31,0.00302734375
0010110101,6227,"[2, 1, 0, 3]",600,102.935791015625,True,17.297951579824833,31,0.00302734375
0010110101,6228,"[2, 1, 3, 0]",9300,102.95510292053223,False,17.297951579824833,31,0.00302734375
0010110101,6229,"[2, 1, 0, 3]",600,102.96845436096191,True,17.297951579824833,31,0.00302734375
0010110101,6230,"[2, 1, 3, 0]",9300,102.98609733581543,False,17.297951579824833,31,0.00302734375
0010110101,6231,"[2, 1, 0, 3]",600,102.99921035766602,True,17.297951579824833,31,0.00302734375
0010110101,6232,"[2, 1, 3, 0]",9300,103.01685333251953,False,17.297951579824833,31,0.00302734375
0010110101,6233,"[2, 1, 0, 3]",600,103.03020477294922,True,17.297951579824833,31,0.00302734375
0010110101,6234,"[2, 1, 3, 0]",9300,103.04784774780273,False,17.297951579824833,31,0.00302734375
0010110101,6235,"[2, 1, 0, 3]",600,103.06096076965332,True,17.297951579824833,31,0.00302734375
0010110101,6236,"[2, 1, 3, 0]",9300,103.07884216308594,False,17.297951579824833,31,0.00302734375
0010110101,6237,"[2, 1, 0, 3]",600,103.09219360351562,True,17.297951579824833,31,0.00302734375
0010110101,6238,"[2, 1, 3, 0]",9300,103.10983657836914,False,17.297951579824833,31,0.00302734375
0010110101,6239,"[2, 1, 0, 3]",600,103.12294960021973,True,17.297951579824833,31,0.00302734375
0010110101,6240,"[2, 1, 3, 0]",9300,103.14083099365234,False,17.297951579824833,31,0.00302734375
0010110101,6241,"[2, 1, 0, 3]",600,103.15346717834473,True,17.297951579824833,31,0.00302734375
0010110101,6242,"[2, 1, 3, 0]",9300,103.17134857177734,False,17.297951579824833,31,0.00302734375
0010110101,6243,"[2, 1, 0, 3]",600,103.18422317504883,True,17.297951579824833,31,0.00302734375
0010110101,6244,"[2, 1, 3, 0]",9300,103.20186614990234,False,17.297951579824833,31,0.00302734375
0010110101,6245,"[2, 1, 0, 3]",600,103.21497917175293,True,17.297951579824833,31,0.00302734375
0010110101,6246,"[2, 1, 3, 0]",9300,103.23262214660645,False,17.297951579824833,31,0.00302734375
0010110101,6247,"[2, 1, 0, 3]",600,103.24597358703613,True,17.297951579824833,31,0.00302734375
0010110101,6248,"[2, 1, 3, 0]",9300,103.26576232910156,False,17.297951579824833,31,0.00302734375
0010110101,6249,"[2, 1, 0, 3]",600,103.27935218811035,True,17.297951579824833,31,0.00302734375
0010110101,6250,"[2, 1, 3, 0]",9300,103.29699516296387,False,17.297951579824833,31,0.00302734375
0010110101,6251,"[2, 1, 0, 3]",600,103.31058502197266,True,17.297951579824833,31,0.00302734375
0010110101,6252,"[2, 1, 3, 0]",9300,103.32822799682617,False,17.297951579824833,31,0.00302734375
0010110101,6253,"[2, 1, 0, 3]",600,103.34157943725586,True,17.297951579824833,31,0.00302734375
0010110101,6254,"[2, 1, 3, 0]",9300,103.35922241210938,False,17.297951579824833,31,0.00302734375
0010110101,6255,"[2, 1, 0, 3]",600,103.37233543395996,True,17.297951579824833,31,0.00302734375
0010110101,6256,"[2, 1, 3, 0]",9300,103.39021682739258,False,17.297951579824833,31,0.00302734375
0010110101,6257,"[2, 1, 0, 3]",600,103.40332984924316,True,17.297951579824833,31,0.00302734375
0010110101,6258,"[2, 1, 3, 0]",9300,103.42144966125488,False,17.297951579824833,31,0.00302734375
0010110101,6259,"[2, 1, 0, 3]",600,103.43456268310547,True,17.297951579824833,31,0.00302734375
0010110101,6260,"[2, 1, 3, 0]",9300,103.45268249511719,False,17.297951579824833,31,0.00302734375
0010110101,6261,"[2, 1, 0, 3]",600,103.46603393554688,True,17.297951579824833,31,0.00302734375
1000001100,6262,"[3, 0, 2, 1]",6300,103.4841537475586,False,18.318016911728506,31,0.00302734375
1000001100,6263,"[3, 0, 1, 2]",750,103.49774360656738,True,18.318016911728506,31,0.00302734375
1000001100,6264,"[3, 0, 2, 1]",6300,103.515625,False,18.318016911728506,31,0.00302734375
1000001100,6265,"[3, 0, 1, 2]",750,103.52897644042969,True,18.318016911728506,31,0.00302734375
1000001100,6266,"[3, 0, 2, 1]",6300,103.5466194152832,False,18.318016911728506,31,0.00302734375
1000001100,6267,"[3, 0, 1, 2]",750,103.55973243713379,True,18.318016911728506,31,0.00302734375
1000001100,6268,"[3, 0, 2, 1]",6300,103.57975959777832,False,18.318016911728506,31,0.00302734375
1000001100,6269,"[3, 0, 1, 2]",750,103.59382629394531,True,18.318016911728506,31,0.00302734375
1000001100,6270,"[3, 0, 2, 1]",6300,103.61361503601074,False,18.318016911728506,31,0.00302734375
1000001100,6271,"[3, 0, 1, 2]",750,103.62696647644043,True,18.318016911728506,31,0.00302734375
1000001100,6272,"[3, 0, 2, 1]",6300,103.64484786987305,False,18.318016911728506,31,0.00302734375
1000001100,6273,"[3, 0, 1, 2]",750,103.65819931030273,True,18.318016911728506,31,0.00302734375
1000001100,6274,"[3, 0, 2, 1]",6300,103.67608070373535,False,18.318016911728506,31,0.00302734375
1000001100,6275,"[3, 0, 1, 2]",750,103.68967056274414,True,18.318016911728506,31,0.00302734375
1000001100,6276,"[3, 0, 2, 1]",6300,103.70731353759766,False,18.318016911728506,31,0.00302734375
1000001100,6277,"[3, 0, 1, 2]",750,103.72090339660645,True,18.318016911728506,31,0.00302734375
1000001100,6278,"[3, 0, 2, 1]",6300,103.73806953430176,False,18.318016911728506,31,0.00302734375
1000001100,6279,"[3, 0, 1, 2]",750,103.75118255615234,True,18.318016911728506,31,0.00302734375
1000001100,6280,"[3, 0, 2, 1]",6300,103.76882553100586,False,18.318016911728506,31,0.00302734375
1000001100,6281,"[3, 0, 1, 2]",750,103.78170013427734,True,18.318016911728506,31,0.00302734375
1000001100,6282,"[3, 0, 2, 1]",6300,103.79910469055176,False,18.318016911728506,31,0.00302734375
1000001100,6283,"[3, 0, 1, 2]",750,103.81221771240234,True,18.318016911728506,31,0.00302734375
1000001100,6284,"[3, 0, 2, 1]",6300,103.82986068725586,False,18.318016911728506,31,0.00302734375
1000001100,6285,"[3, 0, 1, 2]",750,103.84631156921387,True,18.318016911728506,31,0.00302734375
1000001100,6286,"[3, 0, 2, 1]",6300,103.86419296264648,False,18.318016911728506,31,0.00302734375
1000001100,6287,"[3, 0, 1, 2]",750,103.87778282165527,True,18.318016911728506,31,0.00302734375
1000001100,6288,"[3, 0, 2, 1]",6300,103.89542579650879,False,18.318016911728506,31,0.00302734375
1000001100,6289,"[3, 0, 1, 2]",750,103.90877723693848,True,18.318016911728506,31,0.00302734375
1000001100,6290,"[3, 0, 2, 1]",6300,103.9283275604248,False,18.318016911728506,31,0.00302734375
1000001100,6291,"[3, 0, 1, 2]",750,103.94144058227539,True,18.318016911728506,31,0.00302734375
1000001100,6292,"[3, 0, 2, 1]",6300,103.97577285766602,False,18.318016911728506,31,0.00302734375
1000001100,6293,"[3, 0, 1, 2]",750,103.9893627166748,True,18.318016911728506,31,0.00302734375
1000001100,6294,"[3, 0, 2, 1]",6300,104.00795936584473,False,18.318016911728506,31,0.00302734375
1000001100,6295,"[3, 0, 1, 2]",750,104.02178764343262,True,18.318016911728506,31,0.00302734375
1000001100,6296,"[3, 0, 2, 1]",6300,104.04014587402344,False,18.318016911728506,31,0.00302734375
1000001100,6297,"[3, 0, 1, 2]",750,104.05373573303223,True,18.318016911728506,31,0.00302734375
1000001100,6298,"[3, 0, 2, 1]",6300,104.07209396362305,False,18.318016911728506,31,0.00302734375
1000001100,6299,"[3, 0, 1, 2]",750,104.08592224121094,True,18.318016911728506,31,0.00302734375
1000001100,6300,"[3, 0, 2, 1]",6300,104.10451889038086,False,18.318016911728506,31,0.00302734375
1000001100,6301,"[3, 0, 1, 2]",750,104.11834716796875,True,18.318016911728506,31,0.00302734375
1000001100,6302,"[3, 0, 2, 1]",6300,104.13718223571777,False,18.318016911728506,31,0.00302734375
1000001100,6303,"[3, 0, 1, 2]",750,104.15101051330566,True,18.318016911728506,31,0.00302734375
1000001100,6304,"[3, 0, 2, 1]",6300,104.16936874389648,False,18.318016911728506,31,0.00302734375
1000001100,6305,"[3, 0, 1, 2]",750,104.18343544006348,True,18.318016911728506,31,0.00302734375
1000001100,6306,"[3, 0, 2, 1]",6300,104.2017936706543,False,18.318016911728506,31,0.00302734375
1000001100,6307,"[3, 0, 1, 2]",750,104.21562194824219,True,18.318016911728506,31,0.00302734375
1000001100,6308,"[3, 0, 2, 1]",6300,104.23398017883301,False,18.318016911728506,31,0.00302734375
1000001100,6309,"[3, 0, 1, 2]",750,104.2478084564209,True,18.318016911728506,31,0.00302734375
1000001100,6310,"[3, 0, 2, 1]",6300,104.26640510559082,False,18.318016911728506,31,0.00302734375
1000001100,6311,"[3, 0, 1, 2]",750,104.28023338317871,True,18.318016911728506,31,0.00302734375
1000001100,6312,"[3, 0, 2, 1]",6300,104.30097579956055,False,18.318016911728506,31,0.00302734375
1000001100,6313,"[3, 0, 1, 2]",750,104.31480407714844,True,18.318016911728506,31,0.00302734375
1000001100,6314,"[3, 0, 2, 1]",6300,104.33363914489746,False,18.318016911728506,31,0.00302734375
1000001100,6315,"[3, 0, 1, 2]",750,104.34746742248535,True,18.318016911728506,31,0.00302734375
1000001100,6316,"[3, 0, 2, 1]",6300,104.36654090881348,False,18.318016911728506,31,0.00302734375
1000001100,6317,"[3, 0, 1, 2]",750,104.38013076782227,True,18.318016911728506,31,0.00302734375
1000001100,6318,"[3, 0, 2, 1]",6300,104.39920425415039,False,18.318016911728506,31,0.00302734375
1000001100,6319,"[3, 0, 1, 2]",750,104.41327095031738,True,18.318016911728506,31,0.00302734375
1000001100,6320,"[3, 0, 2, 1]",6300,104.43377494812012,False,18.318016911728506,31,0.00302734375
1000001100,6321,"[3, 0, 1, 2]",750,104.44784164428711,True,18.318016911728506,31,0.00302734375
1000001100,6322,"[3, 0, 2, 1]",6300,104.46643829345703,False,18.318016911728506,31,0.00302734375
1000001100,6323,"[3, 0, 1, 2]",750,104.48002815246582,True,18.318016911728506,31,0.00302734375
0001100101,6324,"[2, 3, 1, 0]",9600,104.49862480163574,False,12.425790665320811,30,0.0029296875
0001100101,6325,"[2, 3, 1, 0]",9600,104.51292991638184,True,12.425790665320811,30,0.0029296875
0001100101,6326,"[2, 3, 1, 0]",9600,104.53152656555176,False,12.425790665320811,30,0.0029296875
0001100101,6327,"[2, 3, 1, 0]",9600,104.54559326171875,True,12.425790665320811,30,0.0029296875
0001100101,6328,"[2, 3, 1, 0]",9600,104.56395149230957,False,12.425790665320811,30,0.0029296875
0001100101,6329,"[2, 3, 1, 0]",9600,104.57801818847656,True,12.425790665320811,30,0.0029296875
0001100101,6330,"[2, 3, 1, 0]",9600,104.59613800048828,False,12.425790665320811,30,0.0029296875
0001100101,6331,"[2, 3, 1, 0]",9600,104.60996627807617,True,12.425790665320811,30,0.0029296875
0001100101,6332,"[2, 3, 1, 0]",9600,104.6304702758789,False,12.425790665320811,30,0.0029296875
0001100101,6333,"[2, 3, 1, 0]",9600,104.6445369720459,True,12.425790665320811,30,0.0029296875
0001100101,6334,"[2, 3, 1, 0]",9600,104.66265678405762,False,12.425790665320811,30,0.0029296875
0001100101,6335,"[2, 3, 1, 0]",9600,104.67648506164551,True,12.425790665320811,30,0.0029296875
0001100101,6336,"[2, 3, 1, 0]",9600,104.69436645507812,False,12.425790665320811,30,0.0029296875
0001100101,6337,"[2, 3, 1, 0]",9600,104.70771789550781,True,12.425790665320811,30,0.0029296875
0001100101,6338,"[2, 3, 1, 0]",9600,104.72607612609863,False,12.425790665320811,30,0.0029296875
0001100101,6339,"[2, 3, 1, 0]",9600,104.73918914794922,True,12.425790665320811,30,0.0029296875
0001100101,6340,"[2, 3, 1, 0]",9600,104.75778579711914,False,12.425790665320811,30,0.0029296875
0001100101,6341,"[2, 3, 1, 0]",9600,104.77089881896973,True,12.425790665320811,30,0.0029296875
0001100101,6342,"[2, 3, 1, 0]",9600,104.78925704956055,False,12.425790665320811,30,0.0029296875
0001100101,6343,"[2, 3, 1, 0]",9600,104.80237007141113,True,12.425790665320811,30,0.0029296875
0001100101,6344,"[2, 3, 1, 0]",9600,104.82072830200195,False,12.425790665320811,30,0.0029296875
0001100101,6345,"[2, 3, 1, 0]",9600,104.83431816101074,True,12.425790665320811,30,0.0029296875
0001100101,6346,"[2, 3, 1, 0]",9600,104.85243797302246,False,12.425790665320811,30,0.0029296875
0001100101,6347,"[2, 3, 1, 0]",9600,104.86555099487305,True,12.425790665320811,30,0.0029296875
0001100101,6348,"[2, 3, 1, 0]",9600,104.88367080688477,False,12.425790665320811,30,0.0029296875
0001100101,6349,"[2, 3, 1, 0]",9600,104.89678382873535,True,12.425790665320811,30,0.0029296875
0001100101,6350,"[2, 3, 1, 0]",9600,104.91514205932617,False,12.425790665320811,30,0.0029296875
0001100101,6351,"[2, 3, 1, 0]",9600,104.92849349975586,True,12.425790665320811,30,0.0029296875
0001100101,6352,"[2, 3, 1, 0]",9600,104.94685173034668,False,12.425790665320811,30,0.0029296875
0001100101,6353,"[2, 3, 1, 0]",9600,104.96091842651367,True,12.425790665320811,30,0.0029296875
0001100101,6354,"[2, 3, 1, 0]",9600,104.98046875,False,12.425790665320811,30,0.0029296875
0001100101,6355,"[2, 3, 1, 0]",9600,104.99405860900879,True,12.425790665320811,30,0.0029296875
0001100101,6356,"[2, 3, 1, 0]",9600,105.0119400024414,False,12.425790665320811,30,0.0029296875
0001100101,6357,"[2, 3, 1, 0]",9600,105.0255298614502,True,12.425790665320811,30,0.0029296875
0001100101,6358,"[2, 3, 1, 0]",9600,105.04341125488281,False,12.425790665320811,30,0.0029296875
0001100101,6359,"[2, 3, 1, 0]",9600,105.0567626953125,True,12.425790665320811,30,0.0029296875
0001100101,6360,"[2, 3, 1, 0]",9600,105.07512092590332,False,12.425790665320811,30,0.0029296875
0001100101,6361,"[2, 3, 1, 0]",9600,105.08894920349121,True,12.425790665320811,30,0.0029296875
0001100101,6362,"[2, 3, 1, 0]",9600,105.10706901550293,False,12.425790665320811,30,0.0029296875
0001100101,6363,"[2, 3, 1, 0]",9600,105.12113571166992,True,12.425790665320811,30,0.0029296875
0001100101,6364,"[2, 3, 1, 0]",9600,105.13925552368164,False,12.425790665320811,30,0.0029296875
0001100101,6365,"[2, 3, 1, 0]",9600,105.1633358001709,True,12.425790665320811,30,0.0029296875
0001100101,6366,"[2, 3, 1, 0]",9600,105.18050193786621,False,12.425790665320811,30,0.0029296875
0001100101,6367,"[2, 3, 1, 0]",9600,105.1938533782959,True,12.425790665320811,30,0.0029296875
0001100101,6368,"[2, 3, 1, 0]",9600,105.21554946899414,False,12.425790665320811,30,0.0029296875
0001100101,6369,"[2, 3, 1, 0]",9600,105.22890090942383,True,12.425790665320811,30,0.0029296875
0001100101,6370,"[2, 3, 1, 0]",9600,105.24630546569824,False,12.425790665320811,30,0.0029296875
0001100101,6371,"[2, 3, 1, 0]",9600,105.25894165039062,True,12.425790665320811,30,0.0029296875
0001100101,6372,"[2, 3, 1, 0]",9600,105.27849197387695,False,12.425790665320811,30,0.0029296875
0001100101,6373,"[2, 3, 1, 0]",9600,105.29136657714844,True,12.425790665320811,30,0.0029296875
0001100101,6374,"[2, 3, 1, 0]",9600,105.31044006347656,False,12.425790665320811,30,0.0029296875
0001100101,6375,"[2, 3, 1, 0]",9600,105.32331466674805,True,12.425790665320811,30,0.0029296875
0001100101,6376,"[2, 3, 1, 0]",9600,105.34119606018066,False,12.425790665320811,30,0.0029296875
0001100101,6377,"[2, 3, 1, 0]",9600,105.35383224487305,True,12.425790665320811,30,0.0029296875
0001100101,6378,"[2, 3, 1, 0]",9600,105.37123680114746,False,12.425790665320811,30,0.0029296875
0001100101,6379,"[2, 3, 1, 0]",9600,105.38434982299805,True,12.425790665320811,30,0.0029296875
0001100101,6380,"[2, 3, 1, 0]",9600,105.40151596069336,False,12.425790665320811,30,0.0029296875
0001100101,6381,"[2, 3, 1, 0]",9600,105.41462898254395,True,12.425790665320811,30,0.0029296875
0001100101,6382,"[2, 3, 1, 0]",9600,105.43179512023926,False,12.425790665320811,30,0.0029296875
0001100101,6383,"[2, 3, 1, 0]",9600,105.4677963256836,True,12.425790665320811,30,0.0029296875
0010100011,6384,"[2, 1, 3, 0]",9300,105.48591613769531,False,31.18188720114459,30,0.0029296875
0010100011,6385,"[2, 1, 0, 3]",600,105.4997444152832,True,31.18188720114459,30,0.0029296875
0010100011,6386,"[2, 1, 3, 0]",9300,105.51738739013672,False,31.18188720114459,30,0.0029296875
0010100011,6387,"[2, 1, 0, 3]",600,105.53097724914551,True,31.18188720114459,30,0.0029296875
0010100011,6388,"[2, 1, 3, 0]",9300,105.54862022399902,False,31.18188720114459,30,0.0029296875
0010100011,6389,"[2, 1, 0, 3]",600,105.56221008300781,True,31.18188720114459,30,0.0029296875
0010100011,6390,"[2, 1, 3, 0]",9300,105.58009147644043,False,31.18188720114459,30,0.0029296875
0010100011,6391,"[2, 1, 0, 3]",600,105.59344291687012,True,31.18188720114459,30,0.0029296875
0010100011,6392,"[2, 1, 3, 0]",9300,105.62682151794434,False,31.18188720114459,30,0.0029296875
0010100011,6393,"[2, 1, 0, 3]",600,105.64088821411133,True,31.18188720114459,30,0.0029296875
0010100011,6394,"[2, 1, 3, 0]",9300,105.65972328186035,False,31.18188720114459,30,0.0029296875
0010100011,6395,"[2, 1, 0, 3]",600,105.67378997802734,True,31.18188720114459,30,0.0029296875
0010100011,6396,"[2, 1, 3, 0]",9300,105.69429397583008,False,31.18188720114459,30,0.0029296875
0010100011,6397,"[2, 1, 0, 3]",600,105.70836067199707,True,31.18188720114459,30,0.0029296875
0010100011,6398,"[2, 1, 3, 0]",9300,105.72695732116699,False,31.18188720114459,30,0.0029296875
0010100011,6399,"[2, 1, 0, 3]",600,105.74078559875488,True,31.18188720114459,30,0.0029296875
0010100011,6400,"[2, 1, 3, 0]",9300,105.7593822479248,False,31.18188720114459,30,0.0029296875
0010100011,6401,"[2, 1, 0, 3]",600,105.7732105255127,True,31.18188720114459,30,0.0029296875
0010100011,6402,"[2, 1, 3, 0]",9300,105.79156875610352,False,31.18188720114459,30,0.0029296875
0010100011,6403,"[2, 1, 0, 3]",600,105.80563545227051,True,31.18188720114459,30,0.0029296875
0010100011,6404,"[2, 1, 3, 0]",9300,105.82447052001953,False,31.18188720114459,30,0.0029296875
0010100011,6405,"[2, 1, 0, 3]",600,105.83853721618652,True,31.18188720114459,30,0.0029296875
0010100011,6406,"[2, 1, 3, 0]",9300,105.85713386535645,False,31.18188720114459,30,0.0029296875
0010100011,6407,"[2, 1, 0, 3]",600,105.87072372436523,True,31.18188720114459,30,0.0029296875
0010100011,6408,"[2, 1, 3, 0]",9300,105.88908195495605,False,31.18188720114459,30,0.0029296875
0010100011,6409,"[2, 1, 0, 3]",600,105.90338706970215,True,31.18188720114459,30,0.0029296875
0010100011,6410,"[2, 1, 3, 0]",9300,105.92174530029297,False,31.18188720114459,30,0.0029296875
0010100011,6411,"[2, 1, 0, 3]",600,105.93557357788086,True,31.18188720114459,30,0.0029296875
0010100011,6412,"[2, 1, 3, 0]",9300,105.95417022705078,False,31.18188720114459,30,0.0029296875
0010100011,6413,"[2, 1, 0, 3]",600,105.96823692321777,True,31.18188720114459,30,0.0029296875
0010100011,6414,"[2, 1, 3, 0]",9300,105.9868335723877,False,31.18188720114459,30,0.0029296875
0010100011,6415,"[2, 1, 0, 3]",600,106.00113868713379,True,31.18188720114459,30,0.0029296875
0010100011,6416,"[2, 1, 3, 0]",9300,106.02164268493652,False,31.18188720114459,30,0.0029296875
0010100011,6417,"[2, 1, 0, 3]",600,106.03547096252441,True,31.18188720114459,30,0.0029296875
0010100011,6418,"[2, 1, 3, 0]",9300,106.05406761169434,False,31.18188720114459,30,0.0029296875
0010100011,6419,"[2, 1, 0, 3]",600,106.06813430786133,True,31.18188720114459,30,0.0029296875
0010100011,6420,"[2, 1, 3, 0]",9300,106.08696937561035,False,31.18188720114459,30,0.0029296875
0010100011,6421,"[2, 1, 0, 3]",600,106.10079765319824,True,31.18188720114459,30,0.0029296875
0010100011,6422,"[2, 1, 3, 0]",9300,106.12130165100098,False,31.18188720114459,30,0.0029296875
0010100011,6423,"[2, 1, 0, 3]",600,106.13512992858887,True,31.18188720114459,30,0.0029296875
0010100011,6424,"[2, 1, 3, 0]",9300,106.15372657775879,False,31.18188720114459,30,0.0029296875
0010100011,6425,"[2, 1, 0, 3]",600,106.16731643676758,True,31.18188720114459,30,0.0029296875
0010100011,6426,"[2, 1, 3, 0]",9300,106.1856746673584,False,31.18188720114459,30,0.0029296875
0010100011,6427,"[2, 1, 0, 3]",600,106.19950294494629,True,31.18188720114459,30,0.0029296875
0010100011,6428,"[2, 1, 3, 0]",9300,106.21786117553711,False,31.18188720114459,30,0.0029296875
0010100011,6429,"[2, 1, 0, 3]",600,106.231689453125,True,31.18188720114459,30,0.0029296875
0010100011,6430,"[2, 1, 3, 0]",9300,106.24980926513672,False,31.18188720114459,30,0.0029296875
0010100011,6431,"[2, 1, 0, 3]",600,106.26363754272461,True,31.18188720114459,30,0.0029296875
0010100011,6432,"[2, 1, 3, 0]",9300,106.2924861907959,False,31.18188720114459,30,0.0029296875
0010100011,6433,"[2, 1, 0, 3]",600,106.30559921264648,True,31.18188720114459,30,0.0029296875
0010100011,6434,"[2, 1, 3, 0]",9300,106.3230037689209,False,31.18188720114459,30,0.0029296875
0010100011,6435,"[2, 1, 0, 3]",600,106.33659362792969,True,31.18188720114459,30,0.0029296875
0010100011,6436,"[2, 1, 3, 0]",9300,106.3542366027832,False,31.18188720114459,30,0.0029296875
0010100011,6437,"[2, 1, 0, 3]",600,106.36758804321289,True,31.18188720114459,30,0.0029296875
0010100011,6438,"[2, 1, 3, 0]",9300,106.38689994812012,False,31.18188720114459,30,0.0029296875
0010100011,6439,"[2, 1, 0, 3]",600,106.4002513885498,True,31.18188720114459,30,0.0029296875
0010100011,6440,"[2, 1, 3, 0]",9300,106.41765594482422,False,31.18188720114459,30,0.0029296875
0010100011,6441,"[2, 1, 0, 3]",600,106.4305305480957,True,31.18188720114459,30,0.0029296875
0010100011,6442,"[2, 1, 3, 0]",9300,106.44865036010742,False,31.18188720114459,30,0.0029296875
0010100011,6443,"[2, 1, 0, 3]",600,106.4615249633789,True,31.18188720114459,30,0.0029296875
0110011100,6444,"[3, 1, 2, 0]",9450,106.47940635681152,False,23.313963514029567,30,0.0029296875
0110011100,6445,"[3, 1, 0, 2]",900,106.49251937866211,True,23.313963514029567,30,0.0029296875
0110011100,6446,"[3, 1, 2, 0]",9450,106.51016235351562,False,23.313963514029567,30,0.0029296875
0110011100,6447,"[3, 1, 0, 2]",900,106.52351379394531,True,23.313963514029567,30,0.0029296875
0110011100,6448,"[3, 1, 2, 0]",9450,106.54091835021973,False,23.313963514029567,30,0.0029296875
0110011100,6449,"[3, 1, 0, 2]",900,106.55403137207031,True,23.313963514029567,30,0.0029296875
0110011100,6450,"[3, 1, 2, 0]",9450,106.57143592834473,False,23.313963514029567,30,0.0029296875
0110011100,6451,"[3, 1, 0, 2]",900,106.58454895019531,True,23.313963514029567,30,0.0029296875
0110011100,6452,"[3, 1, 2, 0]",9450,106.60219192504883,False,23.313963514029567,30,0.0029296875
0110011100,6453,"[3, 1, 0, 2]",900,106.61530494689941,True,23.313963514029567,30,0.0029296875
0110011100,6454,"[3, 1, 2, 0]",9450,106.63270950317383,False,23.313963514029567,30,0.0029296875
0110011100,6455,"[3, 1, 0, 2]",900,106.64582252502441,True,23.313963514029567,30,0.0029296875
0110011100,6456,"[3, 1, 2, 0]",9450,106.66322708129883,False,23.313963514029567,30,0.0029296875
0110011100,6457,"[3, 1, 0, 2]",900,106.67705535888672,True,23.313963514029567,30,0.0029296875
0110011100,6458,"[3, 1, 2, 0]",9450,106.69636726379395,False,23.313963514029567,30,0.0029296875
0110011100,6459,"[3, 1, 0, 2]",900,106.70971870422363,True,23.313963514029567,30,0.0029296875
0110011100,6460,"[3, 1, 2, 0]",9450,106.72760009765625,False,23.313963514029567,30,0.0029296875
0110011100,6461,"[3, 1, 0, 2]",900,106.74095153808594,True,23.313963514029567,30,0.0029296875
0110011100,6462,"[3, 1, 2, 0]",9450,106.75835609436035,False,23.313963514029567,30,0.0029296875
0110011100,6463,"[3, 1, 0, 2]",900,106.77170753479004,True,23.313963514029567,30,0.0029296875
0110011100,6464,"[3, 1, 2, 0]",9450,106.78935050964355,False,23.313963514029567,30,0.0029296875
0110011100,6465,"[3, 1, 0, 2]",900,106.80270195007324,True,23.313963514029567,30,0.0029296875
0110011100,6466,"[3, 1, 2, 0]",9450,106.82010650634766,False,23.313963514029567,30,0.0029296875
0110011100,6467,"[3, 1, 0, 2]",900,106.83298110961914,True,23.313963514029567,30,0.0029296875
0110011100,6468,"[3, 1, 2, 0]",9450,106.85062408447266,False,23.313963514029567,30,0.0029296875
0110011100,6469,"[3, 1, 0, 2]",900,106.86373710632324,True,23.313963514029567,30,0.0029296875
0110011100,6470,"[3, 1, 2, 0]",9450,106.88161849975586,False,23.313963514029567,30,0.0029296875
0110011100,6471,"[3, 1, 0, 2]",900,106.89496994018555,True,23.313963514029567,30,0.0029296875
0110011100,6472,"[3, 1, 2, 0]",9450,106.91452026367188,False,23.313963514029567,30,0.0029296875
0110011100,6473,"[3, 1, 0, 2]",900,106.92787170410156,True,23.313963514029567,30,0.0029296875
0110011100,6474,"[3, 1, 2, 0]",9450,106.94551467895508,False,23.313963514029567,30,0.0029296875
0110011100,6475,"[3, 1, 0, 2]",900,106.95886611938477,True,23.313963514029567,30,0.0029296875
0110011100,6476,"[3, 1, 2, 0]",9450,106.97627067565918,False,23.313963514029567,30,0.0029296875
0110011100,6477,"[3, 1, 0, 2]",900,106.98938369750977,True,23.313963514029567,30,0.0029296875
0110011100,6478,"[3, 1, 2, 0]",9450,107.00702667236328,False,23.313963514029567,30,0.0029296875
0110011100,6479,"[3, 1, 0, 2]",900,107.02013969421387,True,23.313963514029567,30,0.0029296875
0110011100,6480,"[3, 1, 2, 0]",9450,107.0394515991211,False,23.313963514029567,30,0.0029296875
0110011100,6481,"[3, 1, 0, 2]",900,107.05256462097168,True,23.313963514029567,30,0.0029296875
0110011100,6482,"[3, 1, 2, 0]",9450,107.0699691772461,False,23.313963514029567,30,0.0029296875
0110011100,6483,"[3, 1, 0, 2]",900,107.08332061767578,True,23.313963514029567,30,0.0029296875
0110011100,6484,"[3, 1, 2, 0]",9450,107.1007251739502,False,23.313963514029567,30,0.0029296875
0110011100,6485,"[3, 1, 0, 2]",900,107.11455345153809,True,23.313963514029567,30,0.0029296875
0110011100,6486,"[3, 1, 2, 0]",9450,107.1324348449707,False,23.313963514029567,30,0.0029296875
0110011100,6487,"[3, 1, 0, 2]",900,107.14578628540039,True,23.313963514029567,30,0.0029296875
0110011100,6488,"[3, 1, 2, 0]",9450,107.16390609741211,False,23.313963514029567,30,0.0029296875
0110011100,6489,"[3, 1, 0, 2]",900,107.1770191192627,True,23.313963514029567,30,0.0029296875
0110011100,6490,"[3, 1, 2, 0]",9450,107.19490051269531,False,23.313963514029567,30,0.0029296875
0110011100,6491,"[3, 1, 0, 2]",900,107.2080135345459,True,23.313963514029567,30,0.0029296875
0110011100,6492,"[3, 1, 2, 0]",9450,107.22565650939941,False,23.313963514029567,30,0.0029296875
0110011100,6493,"[3, 1, 0, 2]",900,107.23876953125,True,23.313963514029567,30,0.0029296875
0110011100,6494,"[3, 1, 2, 0]",9450,107.25641250610352,False,23.313963514029567,30,0.0029296875
0110011100,6495,"[3, 1, 0, 2]",900,107.2695255279541,True,23.313963514029567,30,0.0029296875
0110011100,6496,"[3, 1, 2, 0]",9450,107.28716850280762,False,23.313963514029567,30,0.0029296875
0110011100,6497,"[3, 1, 0, 2]",900,107.3002815246582,True,23.313963514029567,30,0.0029296875
0110011100,6498,"[3, 1, 2, 0]",9450,107.31768608093262,False,23.313963514029567,30,0.0029296875
0110011100,6499,"[3, 1, 0, 2]",900,107.3312759399414,True,23.313963514029567,30,0.0029296875
0110011100,6500,"[3, 1, 2, 0]",9450,107.35106468200684,False,23.313963514029567,30,0.0029296875
0110011100,6501,"[3, 1, 0, 2]",900,107.36417770385742,True,23.313963514029567,30,0.0029296875
0110011100,6502,"[3, 1, 2, 0]",9450,107.38229751586914,False,23.313963514029567,30,0.0029296875
0110011100,6503,"[3, 1, 0, 2]",900,107.39541053771973,True,23.313963514029567,30,0.0029296875
0111110111,6504,"[2, 1, 3, 0]",9300,107.41353034973145,False,21.817921024601603,30,0.0029296875
0111110111,6505,"[2, 1, 0, 3]",600,107.42640495300293,True,21.817921024601603,30,0.0029296875
0111110111,6506,"[2, 1, 3, 0]",9300,107.44428634643555,False,21.817921024601603,30,0.0029296875
0111110111,6507,"[2, 1, 0, 3]",600,107.45739936828613,True,21.817921024601603,30,0.0029296875
0111110111,6508,"[2, 1, 3, 0]",9300,107.47528076171875,False,21.817921024601603,30,0.0029296875
0111110111,6509,"[2, 1, 0, 3]",600,107.48863220214844,True,21.817921024601603,30,0.0029296875
0111110111,6510,"[2, 1, 3, 0]",9300,107.50627517700195,False,21.817921024601603,30,0.0029296875
0111110111,6511,"[2, 1, 0, 3]",600,107.51986503601074,True,21.817921024601603,30,0.0029296875
0111110111,6512,"[2, 1, 3, 0]",9300,107.53774642944336,False,21.817921024601603,30,0.0029296875
0111110111,6513,"[2, 1, 0, 3]",600,107.55133628845215,True,21.817921024601603,30,0.0029296875
0111110111,6514,"[2, 1, 3, 0]",9300,107.56921768188477,False,21.817921024601603,30,0.0029296875
0111110111,6515,"[2, 1, 0, 3]",600,107.58304595947266,True,21.817921024601603,30,0.0029296875
0111110111,6516,"[2, 1, 3, 0]",9300,107.60068893432617,False,21.817921024601603,30,0.0029296875
0111110111,6517,"[2, 1, 0, 3]",600,107.61404037475586,True,21.817921024601603,30,0.0029296875
0111110111,6518,"[2, 1, 3, 0]",9300,107.63192176818848,False,21.817921024601603,30,0.0029296875
0111110111,6519,"[2, 1, 0, 3]",600,107.64527320861816,True,21.817921024601603,30,0.0029296875
0111110111,6520,"[2, 1, 3, 0]",9300,107.66458511352539,False,21.817921024601603,30,0.0029296875
0111110111,6521,"[2, 1, 0, 3]",600,107.67889022827148,True,21.817921024601603,30,0.0029296875
0111110111,6522,"[2, 1, 3, 0]",9300,107.69820213317871,False,21.817921024601603,30,0.0029296875
0111110111,6523,"[2, 1, 0, 3]",600,107.7115535736084,True,21.817921024601603,30,0.0029296875
0111110111,6524,"[2, 1, 3, 0]",9300,107.72943496704102,False,21.817921024601603,30,0.0029296875
0111110111,6525,"[2, 1, 0, 3]",600,107.7427864074707,True,21.817921024601603,30,0.0029296875
0111110111,6526,"[2, 1, 3, 0]",9300,107.76066780090332,False,21.817921024601603,30,0.0029296875
0111110111,6527,"[2, 1, 0, 3]",600,107.7737808227539,True,21.817921024601603,30,0.0029296875
0111110111,6528,"[2, 1, 3, 0]",9300,107.79118537902832,False,21.817921024601603,30,0.0029296875
0111110111,6529,"[2, 1, 0, 3]",600,107.80453681945801,True,21.817921024601603,30,0.0029296875
0111110111,6530,"[2, 1, 3, 0]",9300,107.82217979431152,False,21.817921024601603,30,0.0029296875
0111110111,6531,"[2, 1, 0, 3]",600,107.83624649047852,True,21.817921024601603,30,0.0029296875
0111110111,6532,"[2, 1, 3, 0]",9300,107.85818099975586,False,21.817921024601603,30,0.0029296875
0111110111,6533,"[2, 1, 0, 3]",600,107.88774490356445,True,21.817921024601603,30,0.0029296875
0111110111,6534,"[2, 1, 3, 0]",9300,107.90657997131348,False,21.817921024601603,30,0.0029296875
0111110111,6535,"[2, 1, 0, 3]",600,107.92112350463867,True,21.817921024601603,30,0.0029296875
0111110111,6536,"[2, 1, 3, 0]",9300,107.9413890838623,False,21.817921024601603,30,0.0029296875
0111110111,6537,"[2, 1, 0, 3]",600,107.9554557800293,True,21.817921024601603,30,0.0029296875
0111110111,6538,"[2, 1, 3, 0]",9300,107.97381401062012,False,21.817921024601603,30,0.0029296875
0111110111,6539,"[2, 1, 0, 3]",600,107.98788070678711,True,21.817921024601603,30,0.0029296875
0111110111,6540,"[2, 1, 3, 0]",9300,108.00647735595703,False,21.817921024601603,30,0.0029296875
0111110111,6541,"[2, 1, 0, 3]",600,108.02125930786133,True,21.817921024601603,30,0.0029296875
0111110111,6542,"[2, 1, 3, 0]",9300,108.04128646850586,False,21.817921024601603,30,0.0029296875
0111110111,6543,"[2, 1, 0, 3]",600,108.05583000183105,True,21.817921024601603,30,0.0029296875
0111110111,6544,"[2, 1, 3, 0]",9300,108.07442665100098,False,21.817921024601603,30,0.0029296875
0111110111,6545,"[2, 1, 0, 3]",600,108.08849334716797,True,21.817921024601603,30,0.0029296875
0111110111,6546,"[2, 1, 3, 0]",9300,108.10661315917969,False,21.817921024601603,30,0.0029296875
0111110111,6547,"[2, 1, 0, 3]",600,108.12044143676758,True,21.817921024601603,30,0.0029296875
0111110111,6548,"[2, 1, 3, 0]",9300,108.1387996673584,False,21.817921024601603,30,0.0029296875
0111110111,6549,"[2, 1, 0, 3]",600,108.15310478210449,True,21.817921024601603,30,0.0029296875
0111110111,6550,"[2, 1, 3, 0]",9300,108.17122459411621,False,21.817921024601603,30,0.0029296875
0111110111,6551,"[2, 1, 0, 3]",600,108.19554328918457,True,21.817921024601603,30,0.0029296875
0111110111,6552,"[2, 1, 3, 0]",9300,108.21342468261719,False,21.817921024601603,30,0.0029296875
0111110111,6553,"[2, 1, 0, 3]",600,108.22653770446777,True,21.817921024601603,30,0.0029296875
0111110111,6554,"[2, 1, 3, 0]",9300,108.24394226074219,False,21.817921024601603,30,0.0029296875
0111110111,6555,"[2, 1, 0, 3]",600,108.25729370117188,True,21.817921024601603,30,0.0029296875
0111110111,6556,"[2, 1, 3, 0]",9300,108.27493667602539,False,21.817921024601603,30,0.0029296875
0111110111,6557,"[2, 1, 0, 3]",600,108.28781127929688,True,21.817921024601603,30,0.0029296875
0111110111,6558,"[2, 1, 3, 0]",9300,108.30545425415039,False,21.817921024601603,30,0.0029296875
0111110111,6559,"[2, 1, 0, 3]",600,108.31856727600098,True,21.817921024601603,30,0.0029296875
0111110111,6560,"[2, 1, 3, 0]",9300,108.33621025085449,False,21.817921024601603,30,0.0029296875
0111110111,6561,"[2, 1, 0, 3]",600,108.34932327270508,True,21.817921024601603,30,0.0029296875
0111110111,6562,"[2, 1, 3, 0]",9300,108.3672046661377,False,21.817921024601603,30,0.0029296875
0111110111,6563,"[2, 1, 0, 3]",600,108.38055610656738,True,21.817921024601603,30,0.0029296875
1001101101,6564,"[3, 2, 0, 1]",6600,108.40058326721191,False,27.00753848647888,30,0.0029296875
1001101101,6565,"[3, 2, 0, 1]",6600,108.4141731262207,True,27.00753848647888,30,0.0029296875
1001101101,6566,"[3, 2, 0, 1]",6600,108.43181610107422,False,27.00753848647888,30,0.0029296875
1001101101,6567,"[3, 2, 0, 1]",6600,108.4449291229248,True,27.00753848647888,30,0.0029296875
1001101101,6568,"[3, 2, 0, 1]",6600,108.46257209777832,False,27.00753848647888,30,0.0029296875
1001101101,6569,"[3, 2, 0, 1]",6600,108.4754467010498,True,27.00753848647888,30,0.0029296875
1001101101,6570,"[3, 2, 0, 1]",6600,108.49332809448242,False,27.00753848647888,30,0.0029296875
1001101101,6571,"[3, 2, 0, 1]",6600,108.50715637207031,True,27.00753848647888,30,0.0029296875
1001101101,6572,"[3, 2, 0, 1]",6600,108.52622985839844,False,27.00753848647888,30,0.0029296875
1001101101,6573,"[3, 2, 0, 1]",6600,108.53958129882812,True,27.00753848647888,30,0.0029296875
1001101101,6574,"[3, 2, 0, 1]",6600,108.55746269226074,False,27.00753848647888,30,0.0029296875
1001101101,6575,"[3, 2, 0, 1]",6600,108.57033729553223,True,27.00753848647888,30,0.0029296875
1001101101,6576,"[3, 2, 0, 1]",6600,108.58774185180664,False,27.00753848647888,30,0.0029296875
1001101101,6577,"[3, 2, 0, 1]",6600,108.60037803649902,True,27.00753848647888,30,0.0029296875
1001101101,6578,"[3, 2, 0, 1]",6600,108.61825942993164,False,27.00753848647888,30,0.0029296875
1001101101,6579,"[3, 2, 0, 1]",6600,108.63089561462402,True,27.00753848647888,30,0.0029296875
1001101101,6580,"[3, 2, 0, 1]",6600,108.64830017089844,False,27.00753848647888,30,0.0029296875
1001101101,6581,"[3, 2, 0, 1]",6600,108.66117477416992,True,27.00753848647888,30,0.0029296875
1001101101,6582,"[3, 2, 0, 1]",6600,108.67881774902344,False,27.00753848647888,30,0.0029296875
1001101101,6583,"[3, 2, 0, 1]",6600,108.69169235229492,True,27.00753848647888,30,0.0029296875
1001101101,6584,"[3, 2, 0, 1]",6600,108.71148109436035,False,27.00753848647888,30,0.0029296875
1001101101,6585,"[3, 2, 0, 1]",6600,108.72435569763184,True,27.00753848647888,30,0.0029296875
1001101101,6586,"[3, 2, 0, 1]",6600,108.74176025390625,False,27.00753848647888,30,0.0029296875
1001101101,6587,"[3, 2, 0, 1]",6600,108.75463485717773,True,27.00753848647888,30,0.0029296875
1001101101,6588,"[3, 2, 0, 1]",6600,108.77203941345215,False,27.00753848647888,30,0.0029296875
1001101101,6589,"[3, 2, 0, 1]",6600,108.78515243530273,True,27.00753848647888,30,0.0029296875
1001101101,6590,"[3, 2, 0, 1]",6600,108.80279541015625,False,27.00753848647888,30,0.0029296875
1001101101,6591,"[3, 2, 0, 1]",6600,108.81567001342773,True,27.00753848647888,30,0.0029296875
1001101101,6592,"[3, 2, 0, 1]",6600,108.83307456970215,False,27.00753848647888,30,0.0029296875
1001101101,6593,"[3, 2, 0, 1]",6600,108.84618759155273,True,27.00753848647888,30,0.0029296875
1001101101,6594,"[3, 2, 0, 1]",6600,108.86383056640625,False,27.00753848647888,30,0.0029296875
1001101101,6595,"[3, 2, 0, 1]",6600,108.87670516967773,True,27.00753848647888,30,0.0029296875
1001101101,6596,"[3, 2, 0, 1]",6600,108.89434814453125,False,27.00753848647888,30,0.0029296875
1001101101,6597,"[3, 2, 0, 1]",6600,108.90746116638184,True,27.00753848647888,30,0.0029296875
1001101101,6598,"[3, 2, 0, 1]",6600,108.92462730407715,False,27.00753848647888,30,0.0029296875
1001101101,6599,"[3, 2, 0, 1]",6600,108.93774032592773,True,27.00753848647888,30,0.0029296875
1001101101,6600,"[3, 2, 0, 1]",6600,108.95490646362305,False,27.00753848647888,30,0.0029296875
1001101101,6601,"[3, 2, 0, 1]",6600,108.96754264831543,True,27.00753848647888,30,0.0029296875
1001101101,6602,"[3, 2, 0, 1]",6600,108.98494720458984,False,27.00753848647888,30,0.0029296875
1001101101,6603,"[3, 2, 0, 1]",6600,108.99782180786133,True,27.00753848647888,30,0.0029296875
1001101101,6604,"[3, 2, 0, 1]",6600,109.01546478271484,False,27.00753848647888,30,0.0029296875
1001101101,6605,"[3, 2, 0, 1]",6600,109.02833938598633,True,27.00753848647888,30,0.0029296875
1001101101,6606,"[3, 2, 0, 1]",6600,109.04741287231445,False,27.00753848647888,30,0.0029296875
1001101101,6607,"[3, 2, 0, 1]",6600,109.06052589416504,True,27.00753848647888,30,0.0029296875
1001101101,6608,"[3, 2, 0, 1]",6600,109.07793045043945,False,27.00753848647888,30,0.0029296875
1001101101,6609,"[3, 2, 0, 1]",6600,109.09080505371094,True,27.00753848647888,30,0.0029296875
1001101101,6610,"[3, 2, 0, 1]",6600,109.10820960998535,False,27.00753848647888,30,0.0029296875
1001101101,6611,"[3, 2, 0, 1]",6600,109.12084579467773,True,27.00753848647888,30,0.0029296875
1001101101,6612,"[3, 2, 0, 1]",6600,109.13825035095215,False,27.00753848647888,30,0.0029296875
1001101101,6613,"[3, 2, 0, 1]",6600,109.15112495422363,True,27.00753848647888,30,0.0029296875
1001101101,6614,"[3, 2, 0, 1]",6600,109.16852951049805,False,27.00753848647888,30,0.0029296875
1001101101,6615,"[3, 2, 0, 1]",6600,109.18140411376953,True,27.00753848647888,30,0.0029296875
1001101101,6616,"[3, 2, 0, 1]",6600,109.19880867004395,False,27.00753848647888,30,0.0029296875
1001101101,6617,"[3, 2, 0, 1]",6600,109.21192169189453,True,27.00753848647888,30,0.0029296875
1001101101,6618,"[3, 2, 0, 1]",6600,109.22884941101074,False,27.00753848647888,30,0.0029296875
1001101101,6619,"[3, 2, 0, 1]",6600,109.24196243286133,True,27.00753848647888,30,0.0029296875
1001101101,6620,"[3, 2, 0, 1]",6600,109.25912857055664,False,27.00753848647888,30,0.0029296875
1001101101,6621,"[3, 2, 0, 1]",6600,109.27248001098633,True,27.00753848647888,30,0.0029296875
1001101101,6622,"[3, 2, 0, 1]",6600,109.28988456726074,False,27.00753848647888,30,0.0029296875
1001101101,6623,"[3, 2, 0, 1]",6600,109.30299758911133,True,27.00753848647888,30,0.0029296875
0101010001,6624,"[2, 1, 0, 3]",600,109.32207107543945,False,14.136129710583916,30,0.0029296875
0101010001,6625,"[2, 1, 0, 3]",600,109.33566093444824,True,14.136129710583916,30,0.0029296875
0101010001,6626,"[2, 1, 0, 3]",600,109.35568809509277,False,14.136129710583916,30,0.0029296875
0101010001,6627,"[2, 1, 0, 3]",600,109.36903953552246,True,14.136129710583916,30,0.0029296875
0101010001,6628,"[2, 1, 0, 3]",600,109.38692092895508,False,14.136129710583916,30,0.0029296875
0101010001,6629,"[2, 1, 0, 3]",600,109.40003395080566,True,14.136129710583916,30,0.0029296875
0101010001,6630,"[2, 1, 0, 3]",600,109.41791534423828,False,14.136129710583916,30,0.0029296875
0101010001,6631,"[2, 1, 0, 3]",600,109.43102836608887,True,14.136129710583916,30,0.0029296875
0101010001,6632,"[2, 1, 0, 3]",600,109.44867134094238,False,14.136129710583916,30,0.0029296875
0101010001,6633,"[2, 1, 0, 3]",600,109.46178436279297,True,14.136129710583916,30,0.0029296875
0101010001,6634,"[2, 1, 0, 3]",600,109.47918891906738,False,14.136129710583916,30,0.0029296875
0101010001,6635,"[2, 1, 0, 3]",600,109.49206352233887,True,14.136129710583916,30,0.0029296875
0101010001,6636,"[2, 1, 0, 3]",600,109.50970649719238,False,14.136129710583916,30,0.0029296875
0101010001,6637,"[2, 1, 0, 3]",600,109.52281951904297,True,14.136129710583916,30,0.0029296875
0101010001,6638,"[2, 1, 0, 3]",600,109.54046249389648,False,14.136129710583916,30,0.0029296875
0101010001,6639,"[2, 1, 0, 3]",600,109.55333709716797,True,14.136129710583916,30,0.0029296875
0101010001,6640,"[2, 1, 0, 3]",600,109.57121849060059,False,14.136129710583916,30,0.0029296875
0101010001,6641,"[2, 1, 0, 3]",600,109.58433151245117,True,14.136129710583916,30,0.0029296875
0101010001,6642,"[2, 1, 0, 3]",600,109.60173606872559,False,14.136129710583916,30,0.0029296875
0101010001,6643,"[2, 1, 0, 3]",600,109.61508750915527,True,14.136129710583916,30,0.0029296875
0101010001,6644,"[2, 1, 0, 3]",600,109.63273048400879,False,14.136129710583916,30,0.0029296875
0101010001,6645,"[2, 1, 0, 3]",600,109.64584350585938,True,14.136129710583916,30,0.0029296875
0101010001,6646,"[2, 1, 0, 3]",600,109.66324806213379,False,14.136129710583916,30,0.0029296875
0101010001,6647,"[2, 1, 0, 3]",600,109.67659950256348,True,14.136129710583916,30,0.0029296875
0101010001,6648,"[2, 1, 0, 3]",600,109.6956729888916,False,14.136129710583916,30,0.0029296875
0101010001,6649,"[2, 1, 0, 3]",600,109.70902442932129,True,14.136129710583916,30,0.0029296875
0101010001,6650,"[2, 1, 0, 3]",600,109.7264289855957,False,14.136129710583916,30,0.0029296875
0101010001,6651,"[2, 1, 0, 3]",600,109.73978042602539,True,14.136129710583916,30,0.0029296875
0101010001,6652,"[2, 1, 0, 3]",600,109.7571849822998,False,14.136129710583916,30,0.0029296875
0101010001,6653,"[2, 1, 0, 3]",600,109.77005958557129,True,14.136129710583916,30,0.0029296875
0101010001,6654,"[2, 1, 0, 3]",600,109.7877025604248,False,14.136129710583916,30,0.0029296875
0101010001,6655,"[2, 1, 0, 3]",600,109.80057716369629,True,14.136129710583916,30,0.0029296875
0101010001,6656,"[2, 1, 0, 3]",600,109.8182201385498,False,14.136129710583916,30,0.0029296875
0101010001,6657,"[2, 1, 0, 3]",600,109.83157157897949,True,14.136129710583916,30,0.0029296875
0101010001,6658,"[2, 1, 0, 3]",600,109.8489761352539,False,14.136129710583916,30,0.0029296875
0101010001,6659,"[2, 1, 0, 3]",600,109.86208915710449,True,14.136129710583916,30,0.0029296875
0101010001,6660,"[2, 1, 0, 3]",600,109.8794937133789,False,14.136129710583916,30,0.0029296875
0101010001,6661,"[2, 1, 0, 3]",600,109.89260673522949,True,14.136129710583916,30,0.0029296875
0101010001,6662,"[2, 1, 0, 3]",600,109.91024971008301,False,14.136129710583916,30,0.0029296875
0101010001,6663,"[2, 1, 0, 3]",600,109.92312431335449,True,14.136129710583916,30,0.0029296875
0101010001,6664,"[2, 1, 0, 3]",600,109.94100570678711,False,14.136129710583916,30,0.0029296875
0101010001,6665,"[2, 1, 0, 3]",600,109.9541187286377,True,14.136129710583916,30,0.0029296875
0101010001,6666,"[2, 1, 0, 3]",600,109.97176170349121,False,14.136129710583916,30,0.0029296875
0101010001,6667,"[2, 1, 0, 3]",600,109.9851131439209,True,14.136129710583916,30,0.0029296875
0101010001,6668,"[2, 1, 0, 3]",600,110.00466346740723,False,14.136129710583916,30,0.0029296875
0101010001,6669,"[2, 1, 0, 3]",600,110.01825332641602,True,14.136129710583916,30,0.0029296875
0101010001,6670,"[2, 1, 0, 3]",600,110.03589630126953,False,14.136129710583916,30,0.0029296875
0101010001,6671,"[2, 1, 0, 3]",600,110.04972457885742,True,14.136129710583916,30,0.0029296875
0101010001,6672,"[2, 1, 0, 3]",600,110.06784439086914,False,14.136129710583916,30,0.0029296875
0101010001,6673,"[2, 1, 0, 3]",600,110.08143424987793,True,14.136129710583916,30,0.0029296875
0101010001,6674,"[2, 1, 0, 3]",600,110.10074615478516,False,14.136129710583916,30,0.0029296875
0101010001,6675,"[2, 1, 0, 3]",600,110.11409759521484,True,14.136129710583916,30,0.0029296875
0101010001,6676,"[2, 1, 0, 3]",600,110.13150215148926,False,14.136129710583916,30,0.0029296875
0101010001,6677,"[2, 1, 0, 3]",600,110.14485359191895,True,14.136129710583916,30,0.0029296875
0101010001,6678,"[2, 1, 0, 3]",600,110.16201972961426,False,14.136129710583916,30,0.0029296875
0101010001,6679,"[2, 1, 0, 3]",600,110.17537117004395,True,14.136129710583916,30,0.0029296875
0101010001,6680,"[2, 1, 0, 3]",600,110.19301414489746,False,14.136129710583916,30,0.0029296875
0101010001,6681,"[2, 1, 0, 3]",600,110.20612716674805,True,14.136129710583916,30,0.0029296875
0101010001,6682,"[2, 1, 0, 3]",600,110.22377014160156,False,14.136129710583916,30,0.0029296875
0101010001,6683,"[2, 1, 0, 3]",600,110.23712158203125,True,14.136129710583916,30,0.0029296875
1001101100,6684,"[3, 2, 0, 1]",6600,110.25500297546387,False,29.313963514029567,30,0.0029296875
1001101100,6685,"[3, 2, 0, 1]",6600,110.26811599731445,True,29.313963514029567,30,0.0029296875
1001101100,6686,"[3, 2, 0, 1]",6600,110.28575897216797,False,29.313963514029567,30,0.0029296875
1001101100,6687,"[3, 2, 0, 1]",6600,110.29887199401855,True,29.313963514029567,30,0.0029296875
1001101100,6688,"[3, 2, 0, 1]",6600,110.31675338745117,False,29.313963514029567,30,0.0029296875
1001101100,6689,"[3, 2, 0, 1]",6600,110.32986640930176,True,29.313963514029567,30,0.0029296875
1001101100,6690,"[3, 2, 0, 1]",6600,110.34893989562988,False,29.313963514029567,30,0.0029296875
1001101100,6691,"[3, 2, 0, 1]",6600,110.36181449890137,True,29.313963514029567,30,0.0029296875
1001101100,6692,"[3, 2, 0, 1]",6600,110.37945747375488,False,29.313963514029567,30,0.0029296875
1001101100,6693,"[3, 2, 0, 1]",6600,110.39233207702637,True,29.313963514029567,30,0.0029296875
1001101100,6694,"[3, 2, 0, 1]",6600,110.40973663330078,False,29.313963514029567,30,0.0029296875
1001101100,6695,"[3, 2, 0, 1]",6600,110.42261123657227,True,29.313963514029567,30,0.0029296875
1001101100,6696,"[3, 2, 0, 1]",6600,110.44025421142578,False,29.313963514029567,30,0.0029296875
1001101100,6697,"[3, 2, 0, 1]",6600,110.45336723327637,True,29.313963514029567,30,0.0029296875
1001101100,6698,"[3, 2, 0, 1]",6600,110.47053337097168,False,29.313963514029567,30,0.0029296875
1001101100,6699,"[3, 2, 0, 1]",6600,110.48412322998047,True,29.313963514029567,30,0.0029296875
1001101100,6700,"[3, 2, 0, 1]",6600,110.50152778625488,False,29.313963514029567,30,0.0029296875
1001101100,6701,"[3, 2, 0, 1]",6600,110.51535606384277,True,29.313963514029567,30,0.0029296875
1001101100,6702,"[3, 2, 0, 1]",6600,110.53252220153809,False,29.313963514029567,30,0.0029296875
1001101100,6703,"[3, 2, 0, 1]",6600,110.54587364196777,True,29.313963514029567,30,0.0029296875
1001101100,6704,"[3, 2, 0, 1]",6600,110.5644702911377,False,29.313963514029567,30,0.0029296875
1001101100,6705,"[3, 2, 0, 1]",6600,110.57758331298828,True,29.313963514029567,30,0.0029296875
1001101100,6706,"[3, 2, 0, 1]",6600,110.5949878692627,False,29.313963514029567,30,0.0029296875
1001101100,6707,"[3, 2, 0, 1]",6600,110.60762405395508,True,29.313963514029567,30,0.0029296875
1001101100,6708,"[3, 2, 0, 1]",6600,110.6252670288086,False,29.313963514029567,30,0.0029296875
1001101100,6709,"[3, 2, 0, 1]",6600,110.63861846923828,True,29.313963514029567,30,0.0029296875
1001101100,6710,"[3, 2, 0, 1]",6600,110.6576919555664,False,29.313963514029567,30,0.0029296875
1001101100,6711,"[3, 2, 0, 1]",6600,110.67080497741699,True,29.313963514029567,30,0.0029296875
1001101100,6712,"[3, 2, 0, 1]",6600,110.6882095336914,False,29.313963514029567,30,0.0029296875
1001101100,6713,"[3, 2, 0, 1]",6600,110.70108413696289,True,29.313963514029567,30,0.0029296875
1001101100,6714,"[3, 2, 0, 1]",6600,110.7187271118164,False,29.313963514029567,30,0.0029296875
1001101100,6715,"[3, 2, 0, 1]",6600,110.73136329650879,True,29.313963514029567,30,0.0029296875
1001101100,6716,"[3, 2, 0, 1]",6600,110.7485294342041,False,29.313963514029567,30,0.0029296875
1001101100,6717,"[3, 2, 0, 1]",6600,110.76140403747559,True,29.313963514029567,30,0.0029296875
1001101100,6718,"[3, 2, 0, 1]",6600,110.77880859375,False,29.313963514029567,30,0.0029296875
1001101100,6719,"[3, 2, 0, 1]",6600,110.79168319702148,True,29.313963514029567,30,0.0029296875
1001101100,6720,"[3, 2, 0, 1]",6600,110.8090877532959,False,29.313963514029567,30,0.0029296875
1001101100,6721,"[3, 2, 0, 1]",6600,110.82220077514648,True,29.313963514029567,30,0.0029296875
1001101100,6722,"[3, 2, 0, 1]",6600,110.8403205871582,False,29.313963514029567,30,0.0029296875
1001101100,6723,"[3, 2, 0, 1]",6600,110.85343360900879,True,29.313963514029567,30,0.0029296875
1001101100,6724,"[3, 2, 0, 1]",6600,110.87298393249512,False,29.313963514029567,30,0.0029296875
1001101100,6725,"[3, 2, 0, 1]",6600,110.8860969543457,True,29.313963514029567,30,0.0029296875
1001101100,6726,"[3, 2, 0, 1]",6600,110.90350151062012,False,29.313963514029567,30,0.0029296875
1001101100,6727,"[3, 2, 0, 1]",6600,110.9163761138916,True,29.313963514029567,30,0.0029296875
1001101100,6728,"[3, 2, 0, 1]",6600,110.93401908874512,False,29.313963514029567,30,0.0029296875
1001101100,6729,"[3, 2, 0, 1]",6600,110.9466552734375,True,29.313963514029567,30,0.0029296875
1001101100,6730,"[3, 2, 0, 1]",6600,110.96405982971191,False,29.313963514029567,30,0.0029296875
1001101100,6731,"[3, 2, 0, 1]",6600,110.99886894226074,True,29.313963514029567,30,0.0029296875
1001101100,6732,"[3, 2, 0, 1]",6600,111.01865768432617,False,29.313963514029567,30,0.0029296875
1001101100,6733,"[3, 2, 0, 1]",6600,111.03200912475586,True,29.313963514029567,30,0.0029296875
1001101100,6734,"[3, 2, 0, 1]",6600,111.04965209960938,False,29.313963514029567,30,0.0029296875
1001101100,6735,"[3, 2, 0, 1]",6600,111.06252670288086,True,29.313963514029567,30,0.0029296875
1001101100,6736,"[3, 2, 0, 1]",6600,111.08040809631348,False,29.313963514029567,30,0.0029296875
1001101100,6737,"[3, 2, 0, 1]",6600,111.09352111816406,True,29.313963514029567,30,0.0029296875
1001101100,6738,"[3, 2, 0, 1]",6600,111.11116409301758,False,29.313963514029567,30,0.0029296875
1001101100,6739,"[3, 2, 0, 1]",6600,111.12380027770996,True,29.313963514029567,30,0.0029296875
1001101100,6740,"[3, 2, 0, 1]",6600,111.14144325256348,False,29.313963514029567,30,0.0029296875
1001101100,6741,"[3, 2, 0, 1]",6600,111.15431785583496,True,29.313963514029567,30,0.0029296875
1001101100,6742,"[3, 2, 0, 1]",6600,111.17196083068848,False,29.313963514029567,30,0.0029296875
1001101100,6743,"[3, 2, 0, 1]",6600,111.18483543395996,True,29.313963514029567,30,0.0029296875
0111010111,6744,"[1, 3, 2, 0]",9450,111.20247840881348,False,21.66704195497283,30,0.0029296875
0111010111,6745,"[1, 0, 3, 2]",465,111.21654510498047,True,21.66704195497283,30,0.0029296875
0111010111,6746,"[1, 3, 2, 0]",9450,111.23418807983398,False,21.66704195497283,30,0.0029296875
0111010111,6747,"[1, 0, 3, 2]",465,111.24801635742188,True,21.66704195497283,30,0.0029296875
0111010111,6748,"[1, 3, 2, 0]",9450,111.26565933227539,False,21.66704195497283,30,0.0029296875
0111010111,6749,"[1, 0, 3, 2]",465,111.27972602844238,True,21.66704195497283,30,0.0029296875
0111010111,6750,"[1, 3, 2, 0]",9450,111.2973690032959,False,21.66704195497283,30,0.0029296875
0111010111,6751,"[1, 0, 3, 2]",465,111.31143569946289,True,21.66704195497283,30,0.0029296875
0111010111,6752,"[1, 3, 2, 0]",9450,111.33098602294922,False,21.66704195497283,30,0.0029296875
0111010111,6753,"[1, 0, 3, 2]",465,111.34457588195801,True,21.66704195497283,30,0.0029296875
0111010111,6754,"[1, 3, 2, 0]",9450,111.36198043823242,False,21.66704195497283,30,0.0029296875
0111010111,6755,"[1, 0, 3, 2]",465,111.37557029724121,True,21.66704195497283,30,0.0029296875
0111010111,6756,"[1, 3, 2, 0]",9450,111.39345169067383,False,21.66704195497283,30,0.0029296875
0111010111,6757,"[1, 0, 3, 2]",465,111.40680313110352,True,21.66704195497283,30,0.0029296875
0111010111,6758,"[1, 3, 2, 0]",9450,111.42444610595703,False,21.66704195497283,30,0.0029296875
0111010111,6759,"[1, 0, 3, 2]",465,111.43803596496582,True,21.66704195497283,30,0.0029296875
0111010111,6760,"[1, 3, 2, 0]",9450,111.45567893981934,False,21.66704195497283,30,0.0029296875
0111010111,6761,"[1, 0, 3, 2]",465,111.46926879882812,True,21.66704195497283,30,0.0029296875
0111010111,6762,"[1, 3, 2, 0]",9450,111.48715019226074,False,21.66704195497283,30,0.0029296875
0111010111,6763,"[1, 0, 3, 2]",465,111.50050163269043,True,21.66704195497283,30,0.0029296875
0111010111,6764,"[1, 3, 2, 0]",9450,111.51814460754395,False,21.66704195497283,30,0.0029296875
0111010111,6765,"[1, 0, 3, 2]",465,111.53125762939453,True,21.66704195497283,30,0.0029296875
0111010111,6766,"[1, 3, 2, 0]",9450,111.54890060424805,False,21.66704195497283,30,0.0029296875
0111010111,6767,"[1, 0, 3, 2]",465,111.56225204467773,True,21.66704195497283,30,0.0029296875
0111010111,6768,"[1, 3, 2, 0]",9450,111.57989501953125,False,21.66704195497283,30,0.0029296875
0111010111,6769,"[1, 0, 3, 2]",465,111.59300804138184,True,21.66704195497283,30,0.0029296875
0111010111,6770,"[1, 3, 2, 0]",9450,111.61088943481445,False,21.66704195497283,30,0.0029296875
0111010111,6771,"[1, 0, 3, 2]",465,111.62376403808594,True,21.66704195497283,30,0.0029296875
0111010111,6772,"[1, 3, 2, 0]",9450,111.64450645446777,False,21.66704195497283,30,0.0029296875
0111010111,6773,"[1, 0, 3, 2]",465,111.65881156921387,True,21.66704195497283,30,0.0029296875
0111010111,6774,"[1, 3, 2, 0]",9450,111.6786003112793,False,21.66704195497283,30,0.0029296875
0111010111,6775,"[1, 0, 3, 2]",465,111.69242858886719,True,21.66704195497283,30,0.0029296875
0111010111,6776,"[1, 3, 2, 0]",9450,111.7105484008789,False,21.66704195497283,30,0.0029296875
0111010111,6777,"[1, 0, 3, 2]",465,111.7238998413086,True,21.66704195497283,30,0.0029296875
0111010111,6778,"[1, 3, 2, 0]",9450,111.74154281616211,False,21.66704195497283,30,0.0029296875
0111010111,6779,"[1, 0, 3, 2]",465,111.7551326751709,True,21.66704195497283,30,0.0029296875
0111010111,6780,"[1, 3, 2, 0]",9450,111.77301406860352,False,21.66704195497283,30,0.0029296875
0111010111,6781,"[1, 0, 3, 2]",465,111.7866039276123,True,21.66704195497283,30,0.0029296875
0111010111,6782,"[1, 3, 2, 0]",9450,111.80448532104492,False,21.66704195497283,30,0.0029296875
0111010111,6783,"[1, 0, 3, 2]",465,111.81759834289551,True,21.66704195497283,30,0.0029296875
0111010111,6784,"[1, 3, 2, 0]",9450,111.83547973632812,False,21.66704195497283,30,0.0029296875
0111010111,6785,"[1, 0, 3, 2]",465,111.85407638549805,True,21.66704195497283,30,0.0029296875
0111010111,6786,"[1, 3, 2, 0]",9450,111.88793182373047,False,21.66704195497283,30,0.0029296875
0111010111,6787,"[1, 0, 3, 2]",465,111.90152168273926,True,21.66704195497283,30,0.0029296875
0111010111,6788,"[1, 3, 2, 0]",9450,111.92059516906738,False,21.66704195497283,30,0.0029296875
0111010111,6789,"[1, 0, 3, 2]",465,111.93418502807617,True,21.66704195497283,30,0.0029296875
0111010111,6790,"[1, 3, 2, 0]",9450,111.9527816772461,False,21.66704195497283,30,0.0029296875
0111010111,6791,"[1, 0, 3, 2]",465,111.96637153625488,True,21.66704195497283,30,0.0029296875
0111010111,6792,"[1, 3, 2, 0]",9450,111.9852066040039,False,21.66704195497283,30,0.0029296875
0111010111,6793,"[1, 0, 3, 2]",465,111.9990348815918,True,21.66704195497283,30,0.0029296875
0111010111,6794,"[1, 3, 2, 0]",9450,112.01953887939453,False,21.66704195497283,30,0.0029296875
0111010111,6795,"[1, 0, 3, 2]",465,112.03312873840332,True,21.66704195497283,30,0.0029296875
0111010111,6796,"[1, 3, 2, 0]",9450,112.05172538757324,False,21.66704195497283,30,0.0029296875
0111010111,6797,"[1, 0, 3, 2]",465,112.06555366516113,True,21.66704195497283,30,0.0029296875
0111010111,6798,"[1, 3, 2, 0]",9450,112.08391189575195,False,21.66704195497283,30,0.0029296875
0111010111,6799,"[1, 0, 3, 2]",465,112.09774017333984,True,21.66704195497283,30,0.0029296875
0111010111,6800,"[1, 3, 2, 0]",9450,112.11609840393066,False,21.66704195497283,30,0.0029296875
0111010111,6801,"[1, 0, 3, 2]",465,112.12992668151855,True,21.66704195497283,30,0.0029296875
0111010111,6802,"[1, 3, 2, 0]",9450,112.14828491210938,False,21.66704195497283,30,0.0029296875
0111010111,6803,"[1, 0, 3, 2]",465,112.16211318969727,True,21.66704195497283,30,0.0029296875
0011000100,6804,"[1, 3, 2, 0]",9450,112.18070983886719,False,12.422727292881255,30,0.0029296875
0011000100,6805,"[1, 0, 3, 2]",465,112.19501495361328,True,12.422727292881255,30,0.0029296875
0011000100,6806,"[1, 3, 2, 0]",9450,112.213134765625,False,12.422727292881255,30,0.0029296875
0011000100,6807,"[1, 0, 3, 2]",465,112.22720146179199,True,12.422727292881255,30,0.0029296875
0011000100,6808,"[1, 3, 2, 0]",9450,112.24555969238281,False,12.422727292881255,30,0.0029296875
0011000100,6809,"[1, 0, 3, 2]",465,112.2593879699707,True,12.422727292881255,30,0.0029296875
0011000100,6810,"[1, 3, 2, 0]",9450,112.27774620056152,False,12.422727292881255,30,0.0029296875
0011000100,6811,"[1, 0, 3, 2]",465,112.29109764099121,True,12.422727292881255,30,0.0029296875
0011000100,6812,"[1, 3, 2, 0]",9450,112.30945587158203,False,12.422727292881255,30,0.0029296875
0011000100,6813,"[1, 0, 3, 2]",465,112.32304573059082,True,12.422727292881255,30,0.0029296875
0011000100,6814,"[1, 3, 2, 0]",9450,112.34402656555176,False,12.422727292881255,30,0.0029296875
0011000100,6815,"[1, 0, 3, 2]",465,112.35785484313965,True,12.422727292881255,30,0.0029296875
0011000100,6816,"[1, 3, 2, 0]",9450,112.37812042236328,False,12.422727292881255,30,0.0029296875
0011000100,6817,"[1, 0, 3, 2]",465,112.39147186279297,True,12.422727292881255,30,0.0029296875
0011000100,6818,"[1, 3, 2, 0]",9450,112.41030693054199,False,12.422727292881255,30,0.0029296875
0011000100,6819,"[1, 0, 3, 2]",465,112.42365837097168,True,12.422727292881255,30,0.0029296875
0011000100,6820,"[1, 3, 2, 0]",9450,112.4420166015625,False,12.422727292881255,30,0.0029296875
0011000100,6821,"[1, 0, 3, 2]",465,112.45536804199219,True,12.422727292881255,30,0.0029296875
0011000100,6822,"[1, 3, 2, 0]",9450,112.47396469116211,False,12.422727292881255,30,0.0029296875
0011000100,6823,"[1, 0, 3, 2]",465,112.4880313873291,True,12.422727292881255,30,0.0029296875
0011000100,6824,"[1, 3, 2, 0]",9450,112.50853538513184,False,12.422727292881255,30,0.0029296875
0011000100,6825,"[1, 0, 3, 2]",465,112.52212524414062,True,12.422727292881255,30,0.0029296875
0011000100,6826,"[1, 3, 2, 0]",9450,112.54048347473145,False,12.422727292881255,30,0.0029296875
0011000100,6827,"[1, 0, 3, 2]",465,112.55431175231934,True,12.422727292881255,30,0.0029296875
0011000100,6828,"[1, 3, 2, 0]",9450,112.57290840148926,False,12.422727292881255,30,0.0029296875
0011000100,6829,"[1, 0, 3, 2]",465,112.58673667907715,True,12.422727292881255,30,0.0029296875
0011000100,6830,"[1, 3, 2, 0]",9450,112.60509490966797,False,12.422727292881255,30,0.0029296875
0011000100,6831,"[1, 0, 3, 2]",465,112.61892318725586,True,12.422727292881255,30,0.0029296875
0011000100,6832,"[1, 3, 2, 0]",9450,112.63728141784668,False,12.422727292881255,30,0.0029296875
0011000100,6833,"[1, 0, 3, 2]",465,112.65110969543457,True,12.422727292881255,30,0.0029296875
0011000100,6834,"[1, 3, 2, 0]",9450,112.66970634460449,False,12.422727292881255,30,0.0029296875
0011000100,6835,"[1, 0, 3, 2]",465,112.68377304077148,True,12.422727292881255,30,0.0029296875
0011000100,6836,"[1, 3, 2, 0]",9450,112.70380020141602,False,12.422727292881255,30,0.0029296875
0011000100,6837,"[1, 0, 3, 2]",465,112.7173900604248,True,12.422727292881255,30,0.0029296875
0011000100,6838,"[1, 3, 2, 0]",9450,112.73574829101562,False,12.422727292881255,30,0.0029296875
0011000100,6839,"[1, 0, 3, 2]",465,112.74957656860352,True,12.422727292881255,30,0.0029296875
0011000100,6840,"[1, 3, 2, 0]",9450,112.76793479919434,False,12.422727292881255,30,0.0029296875
0011000100,6841,"[1, 0, 3, 2]",465,112.78152465820312,True,12.422727292881255,30,0.0029296875
0011000100,6842,"[1, 3, 2, 0]",9450,112.79964447021484,False,12.422727292881255,30,0.0029296875
0011000100,6843,"[1, 0, 3, 2]",465,112.81371116638184,True,12.422727292881255,30,0.0029296875
0011000100,6844,"[1, 3, 2, 0]",9450,112.83183097839355,False,12.422727292881255,30,0.0029296875
0011000100,6845,"[1, 0, 3, 2]",465,112.84565925598145,True,12.422727292881255,30,0.0029296875
0011000100,6846,"[1, 3, 2, 0]",9450,112.86354064941406,False,12.422727292881255,30,0.0029296875
0011000100,6847,"[1, 0, 3, 2]",465,112.87713050842285,True,12.422727292881255,30,0.0029296875
0011000100,6848,"[1, 3, 2, 0]",9450,112.89548873901367,False,12.422727292881255,30,0.0029296875
0011000100,6849,"[1, 0, 3, 2]",465,112.90907859802246,True,12.422727292881255,30,0.0029296875
0011000100,6850,"[1, 3, 2, 0]",9450,112.92719841003418,False,12.422727292881255,30,0.0029296875
0011000100,6851,"[1, 0, 3, 2]",465,112.94078826904297,True,12.422727292881255,30,0.0029296875
0011000100,6852,"[1, 3, 2, 0]",9450,112.95914649963379,False,12.422727292881255,30,0.0029296875
0011000100,6853,"[1, 0, 3, 2]",465,112.97273635864258,True,12.422727292881255,30,0.0029296875
0011000100,6854,"[1, 3, 2, 0]",9450,112.9910945892334,False,12.422727292881255,30,0.0029296875
0011000100,6855,"[1, 0, 3, 2]",465,113.00468444824219,True,12.422727292881255,30,0.0029296875
0011000100,6856,"[1, 3, 2, 0]",9450,113.02304267883301,False,12.422727292881255,30,0.0029296875
0011000100,6857,"[1, 0, 3, 2]",465,113.037109375,True,12.422727292881255,30,0.0029296875
0011000100,6858,"[1, 3, 2, 0]",9450,113.05737495422363,False,12.422727292881255,30,0.0029296875
0011000100,6859,"[1, 0, 3, 2]",465,113.08121681213379,True,12.422727292881255,30,0.0029296875
0011000100,6860,"[1, 3, 2, 0]",9450,113.0988597869873,False,12.422727292881255,30,0.0029296875
0011000100,6861,"[1, 0, 3, 2]",465,113.11197280883789,True,12.422727292881255,30,0.0029296875
0011000100,6862,"[1, 3, 2, 0]",9450,113.1293773651123,False,12.422727292881255,30,0.0029296875
0011000100,6863,"[1, 0, 3, 2]",465,113.14249038696289,True,12.422727292881255,30,0.0029296875
0001001101,6864,"[3, 1, 2, 0]",9450,113.1598949432373,False,10.91499881684798,30,0.0029296875
0001001101,6865,"[3, 1, 0, 2]",900,113.1734848022461,True,10.91499881684798,30,0.0029296875
0001001101,6866,"[3, 1, 2, 0]",9450,113.19088935852051,False,10.91499881684798,30,0.0029296875
0001001101,6867,"[3, 1, 0, 2]",900,113.2047176361084,True,10.91499881684798,30,0.0029296875
0001001101,6868,"[3, 1, 2, 0]",9450,113.22236061096191,False,10.91499881684798,30,0.0029296875
0001001101,6869,"[3, 1, 0, 2]",900,113.2364273071289,True,10.91499881684798,30,0.0029296875
0001001101,6870,"[3, 1, 2, 0]",9450,113.25407028198242,False,10.91499881684798,30,0.0029296875
0001001101,6871,"[3, 1, 0, 2]",900,113.26789855957031,True,10.91499881684798,30,0.0029296875
0001001101,6872,"[3, 1, 2, 0]",9450,113.28697204589844,False,10.91499881684798,30,0.0029296875
0001001101,6873,"[3, 1, 0, 2]",900,113.30056190490723,True,10.91499881684798,30,0.0029296875
0001001101,6874,"[3, 1, 2, 0]",9450,113.32011222839355,False,10.91499881684798,30,0.0029296875
0001001101,6875,"[3, 1, 0, 2]",900,113.33346366882324,True,10.91499881684798,30,0.0029296875
0001001101,6876,"[3, 1, 2, 0]",9450,113.35110664367676,False,10.91499881684798,30,0.0029296875
0001001101,6877,"[3, 1, 0, 2]",900,113.36445808410645,True,10.91499881684798,30,0.0029296875
0001001101,6878,"[3, 1, 2, 0]",9450,113.38329315185547,False,10.91499881684798,30,0.0029296875
0001001101,6879,"[3, 1, 0, 2]",900,113.39640617370605,True,10.91499881684798,30,0.0029296875
0001001101,6880,"[3, 1, 2, 0]",9450,113.41404914855957,False,10.91499881684798,30,0.0029296875
0001001101,6881,"[3, 1, 0, 2]",900,113.42716217041016,True,10.91499881684798,30,0.0029296875
0001001101,6882,"[3, 1, 2, 0]",9450,113.44480514526367,False,10.91499881684798,30,0.0029296875
0001001101,6883,"[3, 1, 0, 2]",900,113.45791816711426,True,10.91499881684798,30,0.0029296875
0001001101,6884,"[3, 1, 2, 0]",9450,113.47556114196777,False,10.91499881684798,30,0.0029296875
0001001101,6885,"[3, 1, 0, 2]",900,113.48915100097656,True,10.91499881684798,30,0.0029296875
0001001101,6886,"[3, 1, 2, 0]",9450,113.50679397583008,False,10.91499881684798,30,0.0029296875
0001001101,6887,"[3, 1, 0, 2]",900,113.52014541625977,True,10.91499881684798,30,0.0029296875
0001001101,6888,"[3, 1, 2, 0]",9450,113.53754997253418,False,10.91499881684798,30,0.0029296875
0001001101,6889,"[3, 1, 0, 2]",900,113.55066299438477,True,10.91499881684798,30,0.0029296875
0001001101,6890,"[3, 1, 2, 0]",9450,113.56806755065918,False,10.91499881684798,30,0.0029296875
0001001101,6891,"[3, 1, 0, 2]",900,113.58118057250977,True,10.91499881684798,30,0.0029296875
0001001101,6892,"[3, 1, 2, 0]",9450,113.59882354736328,False,10.91499881684798,30,0.0029296875
0001001101,6893,"[3, 1, 0, 2]",900,113.61193656921387,True,10.91499881684798,30,0.0029296875
0001001101,6894,"[3, 1, 2, 0]",9450,113.62934112548828,False,10.91499881684798,30,0.0029296875
0001001101,6895,"[3, 1, 0, 2]",900,113.64221572875977,True,10.91499881684798,30,0.0029296875
0001001101,6896,"[3, 1, 2, 0]",9450,113.65985870361328,False,10.91499881684798,30,0.0029296875
0001001101,6897,"[3, 1, 0, 2]",900,113.67297172546387,True,10.91499881684798,30,0.0029296875
0001001101,6898,"[3, 1, 2, 0]",9450,113.69109153747559,False,10.91499881684798,30,0.0029296875
0001001101,6899,"[3, 1, 0, 2]",900,113.70444297790527,True,10.91499881684798,30,0.0029296875
0001001101,6900,"[3, 1, 2, 0]",9450,113.7237548828125,False,10.91499881684798,30,0.0029296875
0001001101,6901,"[3, 1, 0, 2]",900,113.73710632324219,True,10.91499881684798,30,0.0029296875
0001001101,6902,"[3, 1, 2, 0]",9450,113.7549877166748,False,10.91499881684798,30,0.0029296875
0001001101,6903,"[3, 1, 0, 2]",900,113.76810073852539,True,10.91499881684798,30,0.0029296875
0001001101,6904,"[3, 1, 2, 0]",9450,113.78598213195801,False,10.91499881684798,30,0.0029296875
0001001101,6905,"[3, 1, 0, 2]",900,113.7990951538086,True,10.91499881684798,30,0.0029296875
0001001101,6906,"[3, 1, 2, 0]",9450,113.81673812866211,False,10.91499881684798,30,0.0029296875
0001001101,6907,"[3, 1, 0, 2]",900,113.8298511505127,True,10.91499881684798,30,0.0029296875
0001001101,6908,"[3, 1, 2, 0]",9450,113.84749412536621,False,10.91499881684798,30,0.0029296875
0001001101,6909,"[3, 1, 0, 2]",900,113.8608455657959,True,10.91499881684798,30,0.0029296875
0001001101,6910,"[3, 1, 2, 0]",9450,113.87848854064941,False,10.91499881684798,30,0.0029296875
0001001101,6911,"[3, 1, 0, 2]",900,113.8920783996582,True,10.91499881684798,30,0.0029296875
0001001101,6912,"[3, 1, 2, 0]",9450,113.90972137451172,False,10.91499881684798,30,0.0029296875
0001001101,6913,"[3, 1, 0, 2]",900,113.9230728149414,True,10.91499881684798,30,0.0029296875
0001001101,6914,"[3, 1, 2, 0]",9450,113.94071578979492,False,10.91499881684798,30,0.0029296875
0001001101,6915,"[3, 1, 0, 2]",900,113.95406723022461,True,10.91499881684798,30,0.0029296875
0001001101,6916,"[3, 1, 2, 0]",9450,113.97194862365723,False,10.91499881684798,30,0.0029296875
0001001101,6917,"[3, 1, 0, 2]",900,113.98530006408691,True,10.91499881684798,30,0.0029296875
0001001101,6918,"[3, 1, 2, 0]",9450,114.00270462036133,False,10.91499881684798,30,0.0029296875
0001001101,6919,"[3, 1, 0, 2]",900,114.01605606079102,True,10.91499881684798,30,0.0029296875
0001001101,6920,"[3, 1, 2, 0]",9450,114.03560638427734,False,10.91499881684798,30,0.0029296875
0001001101,6921,"[3, 1, 0, 2]",900,114.04871940612793,True,10.91499881684798,30,0.0029296875
0001001101,6922,"[3, 1, 2, 0]",9450,114.06636238098145,False,10.91499881684798,30,0.0029296875
0001001101,6923,"[3, 1, 0, 2]",900,114.07995223999023,True,10.91499881684798,30,0.0029296875
0111100111,6924,"[1, 2, 3, 0]",9300,114.09807205200195,False,13.221423844398672,30,0.0029296875
0111100111,6925,"[1, 0, 2, 3]",315,114.11333084106445,True,13.221423844398672,30,0.0029296875
0111100111,6926,"[1, 2, 3, 0]",9300,114.13311958312988,False,13.221423844398672,30,0.0029296875
0111100111,6927,"[1, 0, 2, 3]",315,114.14670944213867,True,13.221423844398672,30,0.0029296875
0111100111,6928,"[1, 2, 3, 0]",9300,114.16435241699219,False,13.221423844398672,30,0.0029296875
0111100111,6929,"[1, 0, 2, 3]",315,114.17746543884277,True,13.221423844398672,30,0.0029296875
0111100111,6930,"[1, 2, 3, 0]",9300,114.19486999511719,False,13.221423844398672,30,0.0029296875
0111100111,6931,"[1, 0, 2, 3]",315,114.20798301696777,True,13.221423844398672,30,0.0029296875
0111100111,6932,"[1, 2, 3, 0]",9300,114.22562599182129,False,13.221423844398672,30,0.0029296875
0111100111,6933,"[1, 0, 2, 3]",315,114.23873901367188,True,13.221423844398672,30,0.0029296875
0111100111,6934,"[1, 2, 3, 0]",9300,114.25614356994629,False,13.221423844398672,30,0.0029296875
0111100111,6935,"[1, 0, 2, 3]",315,114.26901817321777,True,13.221423844398672,30,0.0029296875
0111100111,6936,"[1, 2, 3, 0]",9300,114.28642272949219,False,13.221423844398672,30,0.0029296875
0111100111,6937,"[1, 0, 2, 3]",315,114.29977416992188,True,13.221423844398672,30,0.0029296875
0111100111,6938,"[1, 2, 3, 0]",9300,114.31717872619629,False,13.221423844398672,30,0.0029296875
0111100111,6939,"[1, 0, 2, 3]",315,114.33053016662598,True,13.221423844398672,30,0.0029296875
0111100111,6940,"[1, 2, 3, 0]",9300,114.34817314147949,False,13.221423844398672,30,0.0029296875
0111100111,6941,"[1, 0, 2, 3]",315,114.36176300048828,True,13.221423844398672,30,0.0029296875
0111100111,6942,"[1, 2, 3, 0]",9300,114.38179016113281,False,13.221423844398672,30,0.0029296875
0111100111,6943,"[1, 0, 2, 3]",315,114.3951416015625,True,13.221423844398672,30,0.0029296875
0111100111,6944,"[1, 2, 3, 0]",9300,114.41254615783691,False,13.221423844398672,30,0.0029296875
0111100111,6945,"[1, 0, 2, 3]",315,114.4256591796875,True,13.221423844398672,30,0.0029296875
0111100111,6946,"[1, 2, 3, 0]",9300,114.44354057312012,False,13.221423844398672,30,0.0029296875
0111100111,6947,"[1, 0, 2, 3]",315,114.4566535949707,True,13.221423844398672,30,0.0029296875
0111100111,6948,"[1, 2, 3, 0]",9300,114.47405815124512,False,13.221423844398672,30,0.0029296875
0111100111,6949,"[1, 0, 2, 3]",315,114.4871711730957,True,13.221423844398672,30,0.0029296875
0111100111,6950,"[1, 2, 3, 0]",9300,114.50457572937012,False,13.221423844398672,30,0.0029296875
0111100111,6951,"[1, 0, 2, 3]",315,114.5174503326416,True,13.221423844398672,30,0.0029296875
0111100111,6952,"[1, 2, 3, 0]",9300,114.53557014465332,False,13.221423844398672,30,0.0029296875
0111100111,6953,"[1, 0, 2, 3]",315,114.5484447479248,True,13.221423844398672,30,0.0029296875
0111100111,6954,"[1, 2, 3, 0]",9300,114.56632614135742,False,13.221423844398672,30,0.0029296875
0111100111,6955,"[1, 0, 2, 3]",315,114.57943916320801,True,13.221423844398672,30,0.0029296875
0111100111,6956,"[1, 2, 3, 0]",9300,114.59732055664062,False,13.221423844398672,30,0.0029296875
0111100111,6957,"[1, 0, 2, 3]",315,114.61043357849121,True,13.221423844398672,30,0.0029296875
0111100111,6958,"[1, 2, 3, 0]",9300,114.62831497192383,False,13.221423844398672,30,0.0029296875
0111100111,6959,"[1, 0, 2, 3]",315,114.64142799377441,True,13.221423844398672,30,0.0029296875
0111100111,6960,"[1, 2, 3, 0]",9300,114.65907096862793,False,13.221423844398672,30,0.0029296875
0111100111,6961,"[1, 0, 2, 3]",315,114.67218399047852,True,13.221423844398672,30,0.0029296875
0111100111,6962,"[1, 2, 3, 0]",9300,114.69173431396484,False,13.221423844398672,30,0.0029296875
0111100111,6963,"[1, 0, 2, 3]",315,114.70508575439453,True,13.221423844398672,30,0.0029296875
0111100111,6964,"[1, 2, 3, 0]",9300,114.72249031066895,False,13.221423844398672,30,0.0029296875
0111100111,6965,"[1, 0, 2, 3]",315,114.73584175109863,True,13.221423844398672,30,0.0029296875
0111100111,6966,"[1, 2, 3, 0]",9300,114.75324630737305,False,13.221423844398672,30,0.0029296875
0111100111,6967,"[1, 0, 2, 3]",315,114.76659774780273,True,13.221423844398672,30,0.0029296875
0111100111,6968,"[1, 2, 3, 0]",9300,114.78424072265625,False,13.221423844398672,30,0.0029296875
0111100111,6969,"[1, 0, 2, 3]",315,114.79711532592773,True,13.221423844398672,30,0.0029296875
0111100111,6970,"[1, 2, 3, 0]",9300,114.81499671936035,False,13.221423844398672,30,0.0029296875
0111100111,6971,"[1, 0, 2, 3]",315,114.82810974121094,True,13.221423844398672,30,0.0029296875
0111100111,6972,"[1, 2, 3, 0]",9300,114.84575271606445,False,13.221423844398672,30,0.0029296875
0111100111,6973,"[1, 0, 2, 3]",315,114.85910415649414,True,13.221423844398672,30,0.0029296875
0111100111,6974,"[1, 2, 3, 0]",9300,114.87674713134766,False,13.221423844398672,30,0.0029296875
0111100111,6975,"[1, 0, 2, 3]",315,114.89009857177734,True,13.221423844398672,30,0.0029296875
0111100111,6976,"[1, 2, 3, 0]",9300,114.90988731384277,False,13.221423844398672,30,0.0029296875
0111100111,6977,"[1, 0, 2, 3]",315,114.92300033569336,True,13.221423844398672,30,0.0029296875
0111100111,6978,"[1, 2, 3, 0]",9300,114.94064331054688,False,13.221423844398672,30,0.0029296875
0111100111,6979,"[1, 0, 2, 3]",315,114.95375633239746,True,13.221423844398672,30,0.0029296875
0111100111,6980,"[1, 2, 3, 0]",9300,114.97139930725098,False,13.221423844398672,30,0.0029296875
0111100111,6981,"[1, 0, 2, 3]",315,114.98427391052246,True,13.221423844398672,30,0.0029296875
0111100111,6982,"[1, 2, 3, 0]",9300,115.00239372253418,False,13.221423844398672,30,0.0029296875
0111100111,6983,"[1, 0, 2, 3]",315,115.01550674438477,True,13.221423844398672,30,0.0029296875
1000111110,6984,"[3, 2, 0, 1]",6600,115.0352954864502,False,23.43624874001641,30,0.0029296875
1000111110,6985,"[3, 2, 0, 1]",6600,115.04888534545898,True,23.43624874001641,30,0.0029296875
1000111110,6986,"[3, 2, 0, 1]",6600,115.0667667388916,False,23.43624874001641,30,0.0029296875
1000111110,6987,"[3, 2, 0, 1]",6600,115.07987976074219,True,23.43624874001641,30,0.0029296875
1000111110,6988,"[3, 2, 0, 1]",6600,115.0975227355957,False,23.43624874001641,30,0.0029296875
1000111110,6989,"[3, 2, 0, 1]",6600,115.11063575744629,True,23.43624874001641,30,0.0029296875
1000111110,6990,"[3, 2, 0, 1]",6600,115.1280403137207,False,23.43624874001641,30,0.0029296875
1000111110,6991,"[3, 2, 0, 1]",6600,115.14067649841309,True,23.43624874001641,30,0.0029296875
1000111110,6992,"[3, 2, 0, 1]",6600,115.1580810546875,False,23.43624874001641,30,0.0029296875
1000111110,6993,"[3, 2, 0, 1]",6600,115.17095565795898,True,23.43624874001641,30,0.0029296875
1000111110,6994,"[3, 2, 0, 1]",6600,115.1883602142334,False,23.43624874001641,30,0.0029296875
1000111110,6995,"[3, 2, 0, 1]",6600,115.20171165466309,True,23.43624874001641,30,0.0029296875
1000111110,6996,"[3, 2, 0, 1]",6600,115.2193546295166,False,23.43624874001641,30,0.0029296875
1000111110,6997,"[3, 2, 0, 1]",6600,115.23246765136719,True,23.43624874001641,30,0.0029296875
1000111110,6998,"[3, 2, 0, 1]",6600,115.2498722076416,False,23.43624874001641,30,0.0029296875
1000111110,6999,"[3, 2, 0, 1]",6600,115.26298522949219,True,23.43624874001641,30,0.0029296875
1000111110,7000,"[3, 2, 0, 1]",6600,115.2803897857666,False,23.43624874001641,30,0.0029296875
1000111110,7001,"[3, 2, 0, 1]",6600,115.29302597045898,True,23.43624874001641,30,0.0029296875
1000111110,7002,"[3, 2, 0, 1]",6600,115.3104305267334,False,23.43624874001641,30,0.0029296875
1000111110,7003,"[3, 2, 0, 1]",6600,115.32354354858398,True,23.43624874001641,30,0.0029296875
1000111110,7004,"[3, 2, 0, 1]",6600,115.34333229064941,False,23.43624874001641,30,0.0029296875
1000111110,7005,"[3, 2, 0, 1]",6600,115.3562068939209,True,23.43624874001641,30,0.0029296875
1000111110,7006,"[3, 2, 0, 1]",6600,115.37384986877441,False,23.43624874001641,30,0.0029296875
1000111110,7007,"[3, 2, 0, 1]",6600,115.3864860534668,True,23.43624874001641,30,0.0029296875
1000111110,7008,"[3, 2, 0, 1]",6600,115.40389060974121,False,23.43624874001641,30,0.0029296875
1000111110,7009,"[3, 2, 0, 1]",6600,115.4167652130127,True,23.43624874001641,30,0.0029296875
1000111110,7010,"[3, 2, 0, 1]",6600,115.43440818786621,False,23.43624874001641,30,0.0029296875
1000111110,7011,"[3, 2, 0, 1]",6600,115.4472827911377,True,23.43624874001641,30,0.0029296875
1000111110,7012,"[3, 2, 0, 1]",6600,115.46468734741211,False,23.43624874001641,30,0.0029296875
1000111110,7013,"[3, 2, 0, 1]",6600,115.47732353210449,True,23.43624874001641,30,0.0029296875
1000111110,7014,"[3, 2, 0, 1]",6600,115.4947280883789,False,23.43624874001641,30,0.0029296875
1000111110,7015,"[3, 2, 0, 1]",6600,115.50736427307129,True,23.43624874001641,30,0.0029296875
1000111110,7016,"[3, 2, 0, 1]",6600,115.5247688293457,False,23.43624874001641,30,0.0029296875
1000111110,7017,"[3, 2, 0, 1]",6600,115.53764343261719,True,23.43624874001641,30,0.0029296875
1000111110,7018,"[3, 2, 0, 1]",6600,115.5552864074707,False,23.43624874001641,30,0.0029296875
1000111110,7019,"[3, 2, 0, 1]",6600,115.56839942932129,True,23.43624874001641,30,0.0029296875
1000111110,7020,"[3, 2, 0, 1]",6600,115.5860424041748,False,23.43624874001641,30,0.0029296875
1000111110,7021,"[3, 2, 0, 1]",6600,115.59891700744629,True,23.43624874001641,30,0.0029296875
1000111110,7022,"[3, 2, 0, 1]",6600,115.6163215637207,False,23.43624874001641,30,0.0029296875
1000111110,7023,"[3, 2, 0, 1]",6600,115.62967300415039,True,23.43624874001641,30,0.0029296875
1000111110,7024,"[3, 2, 0, 1]",6600,115.64970016479492,False,23.43624874001641,30,0.0029296875
1000111110,7025,"[3, 2, 0, 1]",6600,115.66352844238281,True,23.43624874001641,30,0.0029296875
1000111110,7026,"[3, 2, 0, 1]",6600,115.68355560302734,False,23.43624874001641,30,0.0029296875
1000111110,7027,"[3, 2, 0, 1]",6600,115.69690704345703,True,23.43624874001641,30,0.0029296875
1000111110,7028,"[3, 2, 0, 1]",6600,115.71455001831055,False,23.43624874001641,30,0.0029296875
1000111110,7029,"[3, 2, 0, 1]",6600,115.72694778442383,True,23.43624874001641,30,0.0029296875
1000111110,7030,"[3, 2, 0, 1]",6600,115.74482917785645,False,23.43624874001641,30,0.0029296875
1000111110,7031,"[3, 2, 0, 1]",6600,115.75746536254883,True,23.43624874001641,30,0.0029296875
1000111110,7032,"[3, 2, 0, 1]",6600,115.77534675598145,False,23.43624874001641,30,0.0029296875
1000111110,7033,"[3, 2, 0, 1]",6600,115.78822135925293,True,23.43624874001641,30,0.0029296875
1000111110,7034,"[3, 2, 0, 1]",6600,115.80586433410645,False,23.43624874001641,30,0.0029296875
1000111110,7035,"[3, 2, 0, 1]",6600,115.81945419311523,True,23.43624874001641,30,0.0029296875
1000111110,7036,"[3, 2, 0, 1]",6600,115.83733558654785,False,23.43624874001641,30,0.0029296875
1000111110,7037,"[3, 2, 0, 1]",6600,115.85474014282227,True,23.43624874001641,30,0.0029296875
1000111110,7038,"[3, 2, 0, 1]",6600,115.88883399963379,False,23.43624874001641,30,0.0029296875
1000111110,7039,"[3, 2, 0, 1]",6600,115.90266227722168,True,23.43624874001641,30,0.0029296875
1000111110,7040,"[3, 2, 0, 1]",6600,115.93747138977051,False,23.43624874001641,30,0.0029296875
1000111110,7041,"[3, 2, 0, 1]",6600,115.9515380859375,True,23.43624874001641,30,0.0029296875
1000111110,7042,"[3, 2, 0, 1]",6600,115.9820556640625,False,23.43624874001641,30,0.0029296875
1000111110,7043,"[3, 2, 0, 1]",6600,115.99612236022949,True,23.43624874001641,30,0.0029296875
0101111011,7044,"[2, 3, 1, 0]",9600,116.02544784545898,False,15.297951579824826,29,0.00283203125
0101111011,7045,"[2, 3, 1, 0]",9600,116.05620384216309,True,15.297951579824826,29,0.00283203125
0101111011,7046,"[2, 3, 1, 0]",9600,116.07885360717773,False,15.297951579824826,29,0.00283203125
0101111011,7047,"[2, 3, 1, 0]",9600,116.09315872192383,True,15.297951579824826,29,0.00283203125
0101111011,7048,"[2, 3, 1, 0]",9600,116.11175537109375,False,15.297951579824826,29,0.00283203125
0101111011,7049,"[2, 3, 1, 0]",9600,116.12558364868164,True,15.297951579824826,29,0.00283203125
0101111011,7050,"[2, 3, 1, 0]",9600,116.14394187927246,False,15.297951579824826,29,0.00283203125
0101111011,7051,"[2, 3, 1, 0]",9600,116.15753173828125,True,15.297951579824826,29,0.00283203125
0101111011,7052,"[2, 3, 1, 0]",9600,116.17612838745117,False,15.297951579824826,29,0.00283203125
0101111011,7053,"[2, 3, 1, 0]",9600,116.18924140930176,True,15.297951579824826,29,0.00283203125
0101111011,7054,"[2, 3, 1, 0]",9600,116.20759963989258,False,15.297951579824826,29,0.00283203125
0101111011,7055,"[2, 3, 1, 0]",9600,116.22095108032227,True,15.297951579824826,29,0.00283203125
0101111011,7056,"[2, 3, 1, 0]",9600,116.23954772949219,False,15.297951579824826,29,0.00283203125
0101111011,7057,"[2, 3, 1, 0]",9600,116.25289916992188,True,15.297951579824826,29,0.00283203125
0101111011,7058,"[2, 3, 1, 0]",9600,116.2712574005127,False,15.297951579824826,29,0.00283203125
0101111011,7059,"[2, 3, 1, 0]",9600,116.28437042236328,True,15.297951579824826,29,0.00283203125
0101111011,7060,"[2, 3, 1, 0]",9600,116.3027286529541,False,15.297951579824826,29,0.00283203125
0101111011,7061,"[2, 3, 1, 0]",9600,116.31608009338379,True,15.297951579824826,29,0.00283203125
0101111011,7062,"[2, 3, 1, 0]",9600,116.33419990539551,False,15.297951579824826,29,0.00283203125
0101111011,7063,"[2, 3, 1, 0]",9600,116.3477897644043,True,15.297951579824826,29,0.00283203125
0101111011,7064,"[2, 3, 1, 0]",9600,116.36614799499512,False,15.297951579824826,29,0.00283203125
0101111011,7065,"[2, 3, 1, 0]",9600,116.3797378540039,True,15.297951579824826,29,0.00283203125
0101111011,7066,"[2, 3, 1, 0]",9600,116.39809608459473,False,15.297951579824826,29,0.00283203125
0101111011,7067,"[2, 3, 1, 0]",9600,116.41192436218262,True,15.297951579824826,29,0.00283203125
0101111011,7068,"[2, 3, 1, 0]",9600,116.43195152282715,False,15.297951579824826,29,0.00283203125
0101111011,7069,"[2, 3, 1, 0]",9600,116.44554138183594,True,15.297951579824826,29,0.00283203125
0101111011,7070,"[2, 3, 1, 0]",9600,116.46389961242676,False,15.297951579824826,29,0.00283203125
0101111011,7071,"[2, 3, 1, 0]",9600,116.47725105285645,True,15.297951579824826,29,0.00283203125
0101111011,7072,"[2, 3, 1, 0]",9600,116.49560928344727,False,15.297951579824826,29,0.00283203125
0101111011,7073,"[2, 3, 1, 0]",9600,116.50919914245605,True,15.297951579824826,29,0.00283203125
0101111011,7074,"[2, 3, 1, 0]",9600,116.52731895446777,False,15.297951579824826,29,0.00283203125
0101111011,7075,"[2, 3, 1, 0]",9600,116.54138565063477,True,15.297951579824826,29,0.00283203125
0101111011,7076,"[2, 3, 1, 0]",9600,116.5616512298584,False,15.297951579824826,29,0.00283203125
0101111011,7077,"[2, 3, 1, 0]",9600,116.57547950744629,True,15.297951579824826,29,0.00283203125
0101111011,7078,"[2, 3, 1, 0]",9600,116.59383773803711,False,15.297951579824826,29,0.00283203125
0101111011,7079,"[2, 3, 1, 0]",9600,116.63103103637695,True,15.297951579824826,29,0.00283203125
0101111011,7080,"[2, 3, 1, 0]",9600,116.64986610412598,False,15.297951579824826,29,0.00283203125
0101111011,7081,"[2, 3, 1, 0]",9600,116.66321754455566,True,15.297951579824826,29,0.00283203125
0101111011,7082,"[2, 3, 1, 0]",9600,116.68109893798828,False,15.297951579824826,29,0.00283203125
0101111011,7083,"[2, 3, 1, 0]",9600,116.69445037841797,True,15.297951579824826,29,0.00283203125
0101111011,7084,"[2, 3, 1, 0]",9600,116.71304702758789,False,15.297951579824826,29,0.00283203125
0101111011,7085,"[2, 3, 1, 0]",9600,116.72639846801758,True,15.297951579824826,29,0.00283203125
0101111011,7086,"[2, 3, 1, 0]",9600,116.7445182800293,False,15.297951579824826,29,0.00283203125
0101111011,7087,"[2, 3, 1, 0]",9600,116.75810813903809,True,15.297951579824826,29,0.00283203125
0101111011,7088,"[2, 3, 1, 0]",9600,116.77837371826172,False,15.297951579824826,29,0.00283203125
0101111011,7089,"[2, 3, 1, 0]",9600,116.7914867401123,True,15.297951579824826,29,0.00283203125
0101111011,7090,"[2, 3, 1, 0]",9600,116.80960655212402,False,15.297951579824826,29,0.00283203125
0101111011,7091,"[2, 3, 1, 0]",9600,116.82295799255371,True,15.297951579824826,29,0.00283203125
0101111011,7092,"[2, 3, 1, 0]",9600,116.84107780456543,False,15.297951579824826,29,0.00283203125
0101111011,7093,"[2, 3, 1, 0]",9600,116.85442924499512,True,15.297951579824826,29,0.00283203125
0101111011,7094,"[2, 3, 1, 0]",9600,116.87231063842773,False,15.297951579824826,29,0.00283203125
0101111011,7095,"[2, 3, 1, 0]",9600,116.88590049743652,True,15.297951579824826,29,0.00283203125
0101111011,7096,"[2, 3, 1, 0]",9600,116.90402030944824,False,15.297951579824826,29,0.00283203125
0101111011,7097,"[2, 3, 1, 0]",9600,116.91737174987793,True,15.297951579824826,29,0.00283203125
0101111011,7098,"[2, 3, 1, 0]",9600,116.93525314331055,False,15.297951579824826,29,0.00283203125
0101111011,7099,"[2, 3, 1, 0]",9600,116.94884300231934,True,15.297951579824826,29,0.00283203125
0101111011,7100,"[2, 3, 1, 0]",9600,116.96672439575195,False,15.297951579824826,29,0.00283203125
0101111011,7101,"[2, 3, 1, 0]",9600,116.98007583618164,True,15.297951579824826,29,0.00283203125
0110100001,7102,"[2, 1, 0, 3]",600,116.99867248535156,False,20.136129710583916,29,0.00283203125
0110100001,7103,"[2, 1, 0, 3]",600,117.01321601867676,True,20.136129710583916,29,0.00283203125
0110100001,7104,"[2, 1, 0, 3]",600,117.03205108642578,False,20.136129710583916,29,0.00283203125
0110100001,7105,"[2, 1, 0, 3]",600,117.04587936401367,True,20.136129710583916,29,0.00283203125
0110100001,7106,"[2, 1, 0, 3]",600,117.0644760131836,False,20.136129710583916,29,0.00283203125
0110100001,7107,"[2, 1, 0, 3]",600,117.07806587219238,True,20.136129710583916,29,0.00283203125
0110100001,7108,"[2, 1, 0, 3]",600,117.11263656616211,False,20.136129710583916,29,0.00283203125
0110100001,7109,"[2, 1, 0, 3]",600,117.1267032623291,True,20.136129710583916,29,0.00283203125
0110100001,7110,"[2, 1, 0, 3]",600,117.1579360961914,False,20.136129710583916,29,0.00283203125
0110100001,7111,"[2, 1, 0, 3]",600,117.1717643737793,True,20.136129710583916,29,0.00283203125
0110100001,7112,"[2, 1, 0, 3]",600,117.19059944152832,False,20.136129710583916,29,0.00283203125
0110100001,7113,"[2, 1, 0, 3]",600,117.20442771911621,True,20.136129710583916,29,0.00283203125
0110100001,7114,"[2, 1, 0, 3]",600,117.22254753112793,False,20.136129710583916,29,0.00283203125
0110100001,7115,"[2, 1, 0, 3]",600,117.23637580871582,True,20.136129710583916,29,0.00283203125
0110100001,7116,"[2, 1, 0, 3]",600,117.25473403930664,False,20.136129710583916,29,0.00283203125
0110100001,7117,"[2, 1, 0, 3]",600,117.26832389831543,True,20.136129710583916,29,0.00283203125
0110100001,7118,"[2, 1, 0, 3]",600,117.28692054748535,False,20.136129710583916,29,0.00283203125
0110100001,7119,"[2, 1, 0, 3]",600,117.30074882507324,True,20.136129710583916,29,0.00283203125
0110100001,7120,"[2, 1, 0, 3]",600,117.31910705566406,False,20.136129710583916,29,0.00283203125
0110100001,7121,"[2, 1, 0, 3]",600,117.33293533325195,True,20.136129710583916,29,0.00283203125
0110100001,7122,"[2, 1, 0, 3]",600,117.35129356384277,False,20.136129710583916,29,0.00283203125
0110100001,7123,"[2, 1, 0, 3]",600,117.36512184143066,True,20.136129710583916,29,0.00283203125
0110100001,7124,"[2, 1, 0, 3]",600,117.38395690917969,False,20.136129710583916,29,0.00283203125
0110100001,7125,"[2, 1, 0, 3]",600,117.39802360534668,True,20.136129710583916,29,0.00283203125
0110100001,7126,"[2, 1, 0, 3]",600,117.41900444030762,False,20.136129710583916,29,0.00283203125
0110100001,7127,"[2, 1, 0, 3]",600,117.43307113647461,True,20.136129710583916,29,0.00283203125
0110100001,7128,"[2, 1, 0, 3]",600,117.45142936706543,False,20.136129710583916,29,0.00283203125
0110100001,7129,"[2, 1, 0, 3]",600,117.46549606323242,True,20.136129710583916,29,0.00283203125
0110100001,7130,"[2, 1, 0, 3]",600,117.48576164245605,False,20.136129710583916,29,0.00283203125
0110100001,7131,"[2, 1, 0, 3]",600,117.49958992004395,True,20.136129710583916,29,0.00283203125
0110100001,7132,"[2, 1, 0, 3]",600,117.51842498779297,False,20.136129710583916,29,0.00283203125
0110100001,7133,"[2, 1, 0, 3]",600,117.53201484680176,True,20.136129710583916,29,0.00283203125
0110100001,7134,"[2, 1, 0, 3]",600,117.55084991455078,False,20.136129710583916,29,0.00283203125
0110100001,7135,"[2, 1, 0, 3]",600,117.56467819213867,True,20.136129710583916,29,0.00283203125
0110100001,7136,"[2, 1, 0, 3]",600,117.59328842163086,False,20.136129710583916,29,0.00283203125
0110100001,7137,"[2, 1, 0, 3]",600,117.60640144348145,True,20.136129710583916,29,0.00283203125
0110100001,7138,"[2, 1, 0, 3]",600,117.62380599975586,False,20.136129710583916,29,0.00283203125
0110100001,7139,"[2, 1, 0, 3]",600,117.63668060302734,True,20.136129710583916,29,0.00283203125
0110100001,7140,"[2, 1, 0, 3]",600,117.65432357788086,False,20.136129710583916,29,0.00283203125
0110100001,7141,"[2, 1, 0, 3]",600,117.66743659973145,True,20.136129710583916,29,0.00283203125
0110100001,7142,"[2, 1, 0, 3]",600,117.68507957458496,False,20.136129710583916,29,0.00283203125
0110100001,7143,"[2, 1, 0, 3]",600,117.69819259643555,True,20.136129710583916,29,0.00283203125
0110100001,7144,"[2, 1, 0, 3]",600,117.71583557128906,False,20.136129710583916,29,0.00283203125
0110100001,7145,"[2, 1, 0, 3]",600,117.72918701171875,True,20.136129710583916,29,0.00283203125
0110100001,7146,"[2, 1, 0, 3]",600,117.74659156799316,False,20.136129710583916,29,0.00283203125
0110100001,7147,"[2, 1, 0, 3]",600,117.75994300842285,True,20.136129710583916,29,0.00283203125
0110100001,7148,"[2, 1, 0, 3]",600,117.77782440185547,False,20.136129710583916,29,0.00283203125
0110100001,7149,"[2, 1, 0, 3]",600,117.79117584228516,True,20.136129710583916,29,0.00283203125
0110100001,7150,"[2, 1, 0, 3]",600,117.80905723571777,False,20.136129710583916,29,0.00283203125
0110100001,7151,"[2, 1, 0, 3]",600,117.82264709472656,True,20.136129710583916,29,0.00283203125
0110100001,7152,"[2, 1, 0, 3]",600,117.84219741821289,False,20.136129710583916,29,0.00283203125
0110100001,7153,"[2, 1, 0, 3]",600,117.85507202148438,True,20.136129710583916,29,0.00283203125
0110100001,7154,"[2, 1, 0, 3]",600,117.87247657775879,False,20.136129710583916,29,0.00283203125
0110100001,7155,"[2, 1, 0, 3]",600,117.88582801818848,True,20.136129710583916,29,0.00283203125
0110100001,7156,"[2, 1, 0, 3]",600,117.90323257446289,False,20.136129710583916,29,0.00283203125
0110100001,7157,"[2, 1, 0, 3]",600,117.91634559631348,True,20.136129710583916,29,0.00283203125
0110100001,7158,"[2, 1, 0, 3]",600,117.9342269897461,False,20.136129710583916,29,0.00283203125
0110100001,7159,"[2, 1, 0, 3]",600,117.94734001159668,True,20.136129710583916,29,0.00283203125
0001010111,7160,"[3, 2, 1, 0]",9600,117.9652214050293,False,23.727548804578362,29,0.00283203125
0001010111,7161,"[3, 2, 1, 0]",9600,117.97833442687988,True,23.727548804578362,29,0.00283203125
0001010111,7162,"[3, 2, 1, 0]",9600,117.9962158203125,False,23.727548804578362,29,0.00283203125
0001010111,7163,"[3, 2, 1, 0]",9600,118.00932884216309,True,23.727548804578362,29,0.00283203125
0001010111,7164,"[3, 2, 1, 0]",9600,118.0267333984375,False,23.727548804578362,29,0.00283203125
0001010111,7165,"[3, 2, 1, 0]",9600,118.03960800170898,True,23.727548804578362,29,0.00283203125
0001010111,7166,"[3, 2, 1, 0]",9600,118.0570125579834,False,23.727548804578362,29,0.00283203125
0001010111,7167,"[3, 2, 1, 0]",9600,118.06988716125488,True,23.727548804578362,29,0.00283203125
0001010111,7168,"[3, 2, 1, 0]",9600,118.0875301361084,False,23.727548804578362,29,0.00283203125
0001010111,7169,"[3, 2, 1, 0]",9600,118.10040473937988,True,23.727548804578362,29,0.00283203125
0001010111,7170,"[3, 2, 1, 0]",9600,118.1178092956543,False,23.727548804578362,29,0.00283203125
0001010111,7171,"[3, 2, 1, 0]",9600,118.13092231750488,True,23.727548804578362,29,0.00283203125
0001010111,7172,"[3, 2, 1, 0]",9600,118.15023422241211,False,23.727548804578362,29,0.00283203125
0001010111,7173,"[3, 2, 1, 0]",9600,118.1631088256836,True,23.727548804578362,29,0.00283203125
0001010111,7174,"[3, 2, 1, 0]",9600,118.18075180053711,False,23.727548804578362,29,0.00283203125
0001010111,7175,"[3, 2, 1, 0]",9600,118.1941032409668,True,23.727548804578362,29,0.00283203125
0001010111,7176,"[3, 2, 1, 0]",9600,118.21198463439941,False,23.727548804578362,29,0.00283203125
0001010111,7177,"[3, 2, 1, 0]",9600,118.22509765625,True,23.727548804578362,29,0.00283203125
0001010111,7178,"[3, 2, 1, 0]",9600,118.24440956115723,False,23.727548804578362,29,0.00283203125
0001010111,7179,"[3, 2, 1, 0]",9600,118.25752258300781,True,23.727548804578362,29,0.00283203125
0001010111,7180,"[3, 2, 1, 0]",9600,118.27492713928223,False,23.727548804578362,29,0.00283203125
0001010111,7181,"[3, 2, 1, 0]",9600,118.28780174255371,True,23.727548804578362,29,0.00283203125
0001010111,7182,"[3, 2, 1, 0]",9600,118.30520629882812,False,23.727548804578362,29,0.00283203125
0001010111,7183,"[3, 2, 1, 0]",9600,118.31808090209961,True,23.727548804578362,29,0.00283203125
0001010111,7184,"[3, 2, 1, 0]",9600,118.33572387695312,False,23.727548804578362,29,0.00283203125
0001010111,7185,"[3, 2, 1, 0]",9600,118.3481216430664,True,23.727548804578362,29,0.00283203125
0001010111,7186,"[3, 2, 1, 0]",9600,118.36576461791992,False,23.727548804578362,29,0.00283203125
0001010111,7187,"[3, 2, 1, 0]",9600,118.3784008026123,True,23.727548804578362,29,0.00283203125
0001010111,7188,"[3, 2, 1, 0]",9600,118.39604377746582,False,23.727548804578362,29,0.00283203125
0001010111,7189,"[3, 2, 1, 0]",9600,118.4086799621582,True,23.727548804578362,29,0.00283203125
0001010111,7190,"[3, 2, 1, 0]",9600,118.42608451843262,False,23.727548804578362,29,0.00283203125
0001010111,7191,"[3, 2, 1, 0]",9600,118.4384822845459,True,23.727548804578362,29,0.00283203125
0001010111,7192,"[3, 2, 1, 0]",9600,118.45684051513672,False,23.727548804578362,29,0.00283203125
0001010111,7193,"[3, 2, 1, 0]",9600,118.46923828125,True,23.727548804578362,29,0.00283203125
0001010111,7194,"[3, 2, 1, 0]",9600,118.49093437194824,False,23.727548804578362,29,0.00283203125
0001010111,7195,"[3, 2, 1, 0]",9600,118.50380897521973,True,23.727548804578362,29,0.00283203125
0001010111,7196,"[3, 2, 1, 0]",9600,118.52145195007324,False,23.727548804578362,29,0.00283203125
0001010111,7197,"[3, 2, 1, 0]",9600,118.53408813476562,True,23.727548804578362,29,0.00283203125
0001010111,7198,"[3, 2, 1, 0]",9600,118.55149269104004,False,23.727548804578362,29,0.00283203125
0001010111,7199,"[3, 2, 1, 0]",9600,118.56436729431152,True,23.727548804578362,29,0.00283203125
0001010111,7200,"[3, 2, 1, 0]",9600,118.58201026916504,False,23.727548804578362,29,0.00283203125
0001010111,7201,"[3, 2, 1, 0]",9600,118.59488487243652,True,23.727548804578362,29,0.00283203125
0001010111,7202,"[3, 2, 1, 0]",9600,118.61205101013184,False,23.727548804578362,29,0.00283203125
0001010111,7203,"[3, 2, 1, 0]",9600,118.62564086914062,True,23.727548804578362,29,0.00283203125
0001010111,7204,"[3, 2, 1, 0]",9600,118.64304542541504,False,23.727548804578362,29,0.00283203125
0001010111,7205,"[3, 2, 1, 0]",9600,118.65663528442383,True,23.727548804578362,29,0.00283203125
0001010111,7206,"[3, 2, 1, 0]",9600,118.67427825927734,False,23.727548804578362,29,0.00283203125
0001010111,7207,"[3, 2, 1, 0]",9600,118.68739128112793,True,23.727548804578362,29,0.00283203125
0001010111,7208,"[3, 2, 1, 0]",9600,118.70622634887695,False,23.727548804578362,29,0.00283203125
0001010111,7209,"[3, 2, 1, 0]",9600,118.71933937072754,True,23.727548804578362,29,0.00283203125
0001010111,7210,"[3, 2, 1, 0]",9600,118.73698234558105,False,23.727548804578362,29,0.00283203125
0001010111,7211,"[3, 2, 1, 0]",9600,118.74985694885254,True,23.727548804578362,29,0.00283203125
0001010111,7212,"[3, 2, 1, 0]",9600,118.76749992370605,False,23.727548804578362,29,0.00283203125
0001010111,7213,"[3, 2, 1, 0]",9600,118.78037452697754,True,23.727548804578362,29,0.00283203125
0001010111,7214,"[3, 2, 1, 0]",9600,118.79968643188477,False,23.727548804578362,29,0.00283203125
0001010111,7215,"[3, 2, 1, 0]",9600,118.81256103515625,True,23.727548804578362,29,0.00283203125
0001010111,7216,"[3, 2, 1, 0]",9600,118.83020401000977,False,23.727548804578362,29,0.00283203125
0001010111,7217,"[3, 2, 1, 0]",9600,118.84284019470215,True,23.727548804578362,29,0.00283203125
1110010010,7218,"[0, 1, 2, 3]",315,118.86072158813477,False,10.677929690572562,29,0.00283203125
1110010010,7219,"[0, 1, 2, 3]",315,118.87431144714355,True,10.677929690572562,29,0.00283203125
1110010010,7220,"[0, 1, 2, 3]",315,118.89195442199707,False,10.677929690572562,29,0.00283203125
1110010010,7221,"[0, 1, 2, 3]",315,118.90530586242676,True,10.677929690572562,29,0.00283203125
1110010010,7222,"[0, 1, 2, 3]",315,118.92294883728027,False,10.677929690572562,29,0.00283203125
1110010010,7223,"[0, 1, 2, 3]",315,118.93630027770996,True,10.677929690572562,29,0.00283203125
1110010010,7224,"[0, 1, 2, 3]",315,118.95370483398438,False,10.677929690572562,29,0.00283203125
1110010010,7225,"[0, 1, 2, 3]",315,118.96705627441406,True,10.677929690572562,29,0.00283203125
1110010010,7226,"[0, 1, 2, 3]",315,118.98493766784668,False,10.677929690572562,29,0.00283203125
1110010010,7227,"[0, 1, 2, 3]",315,118.99781227111816,True,10.677929690572562,29,0.00283203125
1110010010,7228,"[0, 1, 2, 3]",315,119.0180778503418,False,10.677929690572562,29,0.00283203125
1110010010,7229,"[0, 1, 2, 3]",315,119.03142929077148,True,10.677929690572562,29,0.00283203125
1110010010,7230,"[0, 1, 2, 3]",315,119.049072265625,False,10.677929690572562,29,0.00283203125
1110010010,7231,"[0, 1, 2, 3]",315,119.06242370605469,True,10.677929690572562,29,0.00283203125
1110010010,7232,"[0, 1, 2, 3]",315,119.0798282623291,False,10.677929690572562,29,0.00283203125
1110010010,7233,"[0, 1, 2, 3]",315,119.09317970275879,True,10.677929690572562,29,0.00283203125
1110010010,7234,"[0, 1, 2, 3]",315,119.1108226776123,False,10.677929690572562,29,0.00283203125
1110010010,7235,"[0, 1, 2, 3]",315,119.12417411804199,True,10.677929690572562,29,0.00283203125
1110010010,7236,"[0, 1, 2, 3]",315,119.14348602294922,False,10.677929690572562,29,0.00283203125
1110010010,7237,"[0, 1, 2, 3]",315,119.1565990447998,True,10.677929690572562,29,0.00283203125
1110010010,7238,"[0, 1, 2, 3]",315,119.17424201965332,False,10.677929690572562,29,0.00283203125
1110010010,7239,"[0, 1, 2, 3]",315,119.1873550415039,True,10.677929690572562,29,0.00283203125
1110010010,7240,"[0, 1, 2, 3]",315,119.20475959777832,False,10.677929690572562,29,0.00283203125
1110010010,7241,"[0, 1, 2, 3]",315,119.2178726196289,True,10.677929690572562,29,0.00283203125
1110010010,7242,"[0, 1, 2, 3]",315,119.23527717590332,False,10.677929690572562,29,0.00283203125
1110010010,7243,"[0, 1, 2, 3]",315,119.2481517791748,True,10.677929690572562,29,0.00283203125
1110010010,7244,"[0, 1, 2, 3]",315,119.26555633544922,False,10.677929690572562,29,0.00283203125
1110010010,7245,"[0, 1, 2, 3]",315,119.2781925201416,True,10.677929690572562,29,0.00283203125
1110010010,7246,"[0, 1, 2, 3]",315,119.29559707641602,False,10.677929690572562,29,0.00283203125
1110010010,7247,"[0, 1, 2, 3]",315,119.3084716796875,True,10.677929690572562,29,0.00283203125
1110010010,7248,"[0, 1, 2, 3]",315,119.32587623596191,False,10.677929690572562,29,0.00283203125
1110010010,7249,"[0, 1, 2, 3]",315,119.3387508392334,True,10.677929690572562,29,0.00283203125
1110010010,7250,"[0, 1, 2, 3]",315,119.35615539550781,False,10.677929690572562,29,0.00283203125
1110010010,7251,"[0, 1, 2, 3]",315,119.3690299987793,True,10.677929690572562,29,0.00283203125
1110010010,7252,"[0, 1, 2, 3]",315,119.38643455505371,False,10.677929690572562,29,0.00283203125
1110010010,7253,"[0, 1, 2, 3]",315,119.3993091583252,True,10.677929690572562,29,0.00283203125
1110010010,7254,"[0, 1, 2, 3]",315,119.41671371459961,False,10.677929690572562,29,0.00283203125
1110010010,7255,"[0, 1, 2, 3]",315,119.4298267364502,True,10.677929690572562,29,0.00283203125
1110010010,7256,"[0, 1, 2, 3]",315,119.44890022277832,False,10.677929690572562,29,0.00283203125
1110010010,7257,"[0, 1, 2, 3]",315,119.4617748260498,True,10.677929690572562,29,0.00283203125
1110010010,7258,"[0, 1, 2, 3]",315,119.47894096374512,False,10.677929690572562,29,0.00283203125
1110010010,7259,"[0, 1, 2, 3]",315,119.4920539855957,True,10.677929690572562,29,0.00283203125
1110010010,7260,"[0, 1, 2, 3]",315,119.50922012329102,False,10.677929690572562,29,0.00283203125
1110010010,7261,"[0, 1, 2, 3]",315,119.5218563079834,True,10.677929690572562,29,0.00283203125
1110010010,7262,"[0, 1, 2, 3]",315,119.53926086425781,False,10.677929690572562,29,0.00283203125
1110010010,7263,"[0, 1, 2, 3]",315,119.5518970489502,True,10.677929690572562,29,0.00283203125
1110010010,7264,"[0, 1, 2, 3]",315,119.56930160522461,False,10.677929690572562,29,0.00283203125
1110010010,7265,"[0, 1, 2, 3]",315,119.5821762084961,True,10.677929690572562,29,0.00283203125
1110010010,7266,"[0, 1, 2, 3]",315,119.5993423461914,False,10.677929690572562,29,0.00283203125
1110010010,7267,"[0, 1, 2, 3]",315,119.61197853088379,True,10.677929690572562,29,0.00283203125
1110010010,7268,"[0, 1, 2, 3]",315,119.6293830871582,False,10.677929690572562,29,0.00283203125
1110010010,7269,"[0, 1, 2, 3]",315,119.64225769042969,True,10.677929690572562,29,0.00283203125
1110010010,7270,"[0, 1, 2, 3]",315,119.659423828125,False,10.677929690572562,29,0.00283203125
1110010010,7271,"[0, 1, 2, 3]",315,119.67229843139648,True,10.677929690572562,29,0.00283203125
1110010010,7272,"[0, 1, 2, 3]",315,119.6897029876709,False,10.677929690572562,29,0.00283203125
1110010010,7273,"[0, 1, 2, 3]",315,119.70233917236328,True,10.677929690572562,29,0.00283203125
1110010010,7274,"[0, 1, 2, 3]",315,119.7199821472168,False,10.677929690572562,29,0.00283203125
1110010010,7275,"[0, 1, 2, 3]",315,119.73309516906738,True,10.677929690572562,29,0.00283203125
1111000111,7276,"[1, 0, 3, 2]",465,119.75336074829102,False,8.422727292881255,29,0.00283203125
1111000111,7277,"[1, 0, 3, 2]",465,119.76742744445801,True,8.422727292881255,29,0.00283203125
1111000111,7278,"[1, 0, 3, 2]",465,119.78745460510254,False,8.422727292881255,29,0.00283203125
1111000111,7279,"[1, 0, 3, 2]",465,119.80104446411133,True,8.422727292881255,29,0.00283203125
1111000111,7280,"[1, 0, 3, 2]",465,119.81868743896484,False,8.422727292881255,29,0.00283203125
1111000111,7281,"[1, 0, 3, 2]",465,119.83227729797363,True,8.422727292881255,29,0.00283203125
1111000111,7282,"[1, 0, 3, 2]",465,119.85373497009277,False,8.422727292881255,29,0.00283203125
1111000111,7283,"[1, 0, 3, 2]",465,119.86684799194336,True,8.422727292881255,29,0.00283203125
1111000111,7284,"[1, 0, 3, 2]",465,119.90118026733398,False,8.422727292881255,29,0.00283203125
1111000111,7285,"[1, 0, 3, 2]",465,119.91500854492188,True,8.422727292881255,29,0.00283203125
1111000111,7286,"[1, 0, 3, 2]",465,119.93288993835449,False,8.422727292881255,29,0.00283203125
1111000111,7287,"[1, 0, 3, 2]",465,119.94671821594238,True,8.422727292881255,29,0.00283203125
1111000111,7288,"[1, 0, 3, 2]",465,119.9650764465332,False,8.422727292881255,29,0.00283203125
1111000111,7289,"[1, 0, 3, 2]",465,119.9789047241211,True,8.422727292881255,29,0.00283203125
1111000111,7290,"[1, 0, 3, 2]",465,119.99702453613281,False,8.422727292881255,29,0.00283203125
1111000111,7291,"[1, 0, 3, 2]",465,120.0106143951416,True,8.422727292881255,29,0.00283203125
1111000111,7292,"[1, 0, 3, 2]",465,120.02921104431152,False,8.422727292881255,29,0.00283203125
1111000111,7293,"[1, 0, 3, 2]",465,120.04256248474121,True,8.422727292881255,29,0.00283203125
1111000111,7294,"[1, 0, 3, 2]",465,120.06115913391113,False,8.422727292881255,29,0.00283203125
1111000111,7295,"[1, 0, 3, 2]",465,120.07451057434082,True,8.422727292881255,29,0.00283203125
1111000111,7296,"[1, 0, 3, 2]",465,120.09286880493164,False,8.422727292881255,29,0.00283203125
1111000111,7297,"[1, 0, 3, 2]",465,120.10645866394043,True,8.422727292881255,29,0.00283203125
1111000111,7298,"[1, 0, 3, 2]",465,120.12696266174316,False,8.422727292881255,29,0.00283203125
1111000111,7299,"[1, 0, 3, 2]",465,120.14055252075195,True,8.422727292881255,29,0.00283203125
1111000111,7300,"[1, 0, 3, 2]",465,120.15867233276367,False,8.422727292881255,29,0.00283203125
1111000111,7301,"[1, 0, 3, 2]",465,120.17226219177246,True,8.422727292881255,29,0.00283203125
1111000111,7302,"[1, 0, 3, 2]",465,120.19038200378418,False,8.422727292881255,29,0.00283203125
1111000111,7303,"[1, 0, 3, 2]",465,120.20421028137207,True,8.422727292881255,29,0.00283203125
1111000111,7304,"[1, 0, 3, 2]",465,120.22256851196289,False,8.422727292881255,29,0.00283203125
1111000111,7305,"[1, 0, 3, 2]",465,120.23615837097168,True,8.422727292881255,29,0.00283203125
1111000111,7306,"[1, 0, 3, 2]",465,120.2545166015625,False,8.422727292881255,29,0.00283203125
1111000111,7307,"[1, 0, 3, 2]",465,120.26834487915039,True,8.422727292881255,29,0.00283203125
1111000111,7308,"[1, 0, 3, 2]",465,120.28670310974121,False,8.422727292881255,29,0.00283203125
1111000111,7309,"[1, 0, 3, 2]",465,120.3005313873291,True,8.422727292881255,29,0.00283203125
1111000111,7310,"[1, 0, 3, 2]",465,120.31865119934082,False,8.422727292881255,29,0.00283203125
1111000111,7311,"[1, 0, 3, 2]",465,120.33247947692871,True,8.422727292881255,29,0.00283203125
1111000111,7312,"[1, 0, 3, 2]",465,120.35036087036133,False,8.422727292881255,29,0.00283203125
1111000111,7313,"[1, 0, 3, 2]",465,120.36418914794922,True,8.422727292881255,29,0.00283203125
1111000111,7314,"[1, 0, 3, 2]",465,120.38230895996094,False,8.422727292881255,29,0.00283203125
1111000111,7315,"[1, 0, 3, 2]",465,120.39566040039062,True,8.422727292881255,29,0.00283203125
1111000111,7316,"[1, 0, 3, 2]",465,120.41401863098145,False,8.422727292881255,29,0.00283203125
1111000111,7317,"[1, 0, 3, 2]",465,120.42784690856934,True,8.422727292881255,29,0.00283203125
1111000111,7318,"[1, 0, 3, 2]",465,120.44620513916016,False,8.422727292881255,29,0.00283203125
1111000111,7319,"[1, 0, 3, 2]",465,120.46003341674805,True,8.422727292881255,29,0.00283203125
1111000111,7320,"[1, 0, 3, 2]",465,120.48006057739258,False,8.422727292881255,29,0.00283203125
1111000111,7321,"[1, 0, 3, 2]",465,120.49388885498047,True,8.422727292881255,29,0.00283203125
1111000111,7322,"[1, 0, 3, 2]",465,120.51248550415039,False,8.422727292881255,29,0.00283203125
1111000111,7323,"[1, 0, 3, 2]",465,120.52631378173828,True,8.422727292881255,29,0.00283203125
1111000111,7324,"[1, 0, 3, 2]",465,120.5446720123291,False,8.422727292881255,29,0.00283203125
1111000111,7325,"[1, 0, 3, 2]",465,120.55802345275879,True,8.422727292881255,29,0.00283203125
1111000111,7326,"[1, 0, 3, 2]",465,120.57662010192871,False,8.422727292881255,29,0.00283203125
1111000111,7327,"[1, 0, 3, 2]",465,120.5909252166748,True,8.422727292881255,29,0.00283203125
1111000111,7328,"[1, 0, 3, 2]",465,120.61142921447754,False,8.422727292881255,29,0.00283203125
1111000111,7329,"[1, 0, 3, 2]",465,120.62501907348633,True,8.422727292881255,29,0.00283203125
1111000111,7330,"[1, 0, 3, 2]",465,120.64313888549805,False,8.422727292881255,29,0.00283203125
1111000111,7331,"[1, 0, 3, 2]",465,120.65672874450684,True,8.422727292881255,29,0.00283203125
1111000111,7332,"[1, 0, 3, 2]",465,120.67532539367676,False,8.422727292881255,29,0.00283203125
1111000111,7333,"[1, 0, 3, 2]",465,120.68891525268555,True,8.422727292881255,29,0.00283203125
0010110011,7334,"[2, 1, 3, 0]",9300,120.70751190185547,False,18.272506259434046,29,0.00283203125
0010110011,7335,"[2, 1, 0, 3]",600,120.72205543518066,True,18.272506259434046,29,0.00283203125
0010110011,7336,"[2, 1, 3, 0]",9300,120.74089050292969,False,18.272506259434046,29,0.00283203125
0010110011,7337,"[2, 1, 0, 3]",600,120.75495719909668,True,18.272506259434046,29,0.00283203125
0010110011,7338,"[2, 1, 3, 0]",9300,120.7735538482666,False,18.272506259434046,29,0.00283203125
0010110011,7339,"[2, 1, 0, 3]",600,120.7880973815918,True,18.272506259434046,29,0.00283203125
0010110011,7340,"[2, 1, 3, 0]",9300,120.80860137939453,False,18.272506259434046,29,0.00283203125
0010110011,7341,"[2, 1, 0, 3]",600,120.82290649414062,True,18.272506259434046,29,0.00283203125
0010110011,7342,"[2, 1, 3, 0]",9300,120.84126472473145,False,18.272506259434046,29,0.00283203125
0010110011,7343,"[2, 1, 0, 3]",600,120.85556983947754,True,18.272506259434046,29,0.00283203125
0010110011,7344,"[2, 1, 3, 0]",9300,120.87392807006836,False,18.272506259434046,29,0.00283203125
0010110011,7345,"[2, 1, 0, 3]",600,120.88775634765625,True,18.272506259434046,29,0.00283203125
0010110011,7346,"[2, 1, 3, 0]",9300,120.90611457824707,False,18.272506259434046,29,0.00283203125
0010110011,7347,"[2, 1, 0, 3]",600,120.93019485473633,True,18.272506259434046,29,0.00283203125
0010110011,7348,"[2, 1, 3, 0]",9300,120.94807624816895,False,18.272506259434046,29,0.00283203125
0010110011,7349,"[2, 1, 0, 3]",600,120.96118927001953,True,18.272506259434046,29,0.00283203125
0010110011,7350,"[2, 1, 3, 0]",9300,120.97907066345215,False,18.272506259434046,29,0.00283203125
0010110011,7351,"[2, 1, 0, 3]",600,120.99218368530273,True,18.272506259434046,29,0.00283203125
0010110011,7352,"[2, 1, 3, 0]",9300,121.00982666015625,False,18.272506259434046,29,0.00283203125
0010110011,7353,"[2, 1, 0, 3]",600,121.02293968200684,True,18.272506259434046,29,0.00283203125
0010110011,7354,"[2, 1, 3, 0]",9300,121.04058265686035,False,18.272506259434046,29,0.00283203125
0010110011,7355,"[2, 1, 0, 3]",600,121.05369567871094,True,18.272506259434046,29,0.00283203125
0010110011,7356,"[2, 1, 3, 0]",9300,121.07157707214355,False,18.272506259434046,29,0.00283203125
0010110011,7357,"[2, 1, 0, 3]",600,121.08469009399414,True,18.272506259434046,29,0.00283203125
0010110011,7358,"[2, 1, 3, 0]",9300,121.10233306884766,False,18.272506259434046,29,0.00283203125
0010110011,7359,"[2, 1, 0, 3]",600,121.11520767211914,True,18.272506259434046,29,0.00283203125
0010110011,7360,"[2, 1, 3, 0]",9300,121.13356590270996,False,18.272506259434046,29,0.00283203125
0010110011,7361,"[2, 1, 0, 3]",600,121.14667892456055,True,18.272506259434046,29,0.00283203125
0010110011,7362,"[2, 1, 3, 0]",9300,121.16622924804688,False,18.272506259434046,29,0.00283203125
0010110011,7363,"[2, 1, 0, 3]",600,121.17958068847656,True,18.272506259434046,29,0.00283203125
0010110011,7364,"[2, 1, 3, 0]",9300,121.19746208190918,False,18.272506259434046,29,0.00283203125
0010110011,7365,"[2, 1, 0, 3]",600,121.21081352233887,True,18.272506259434046,29,0.00283203125
0010110011,7366,"[2, 1, 3, 0]",9300,121.22869491577148,False,18.272506259434046,29,0.00283203125
0010110011,7367,"[2, 1, 0, 3]",600,121.24228477478027,True,18.272506259434046,29,0.00283203125
0010110011,7368,"[2, 1, 3, 0]",9300,121.26016616821289,False,18.272506259434046,29,0.00283203125
0010110011,7369,"[2, 1, 0, 3]",600,121.27351760864258,True,18.272506259434046,29,0.00283203125
0010110011,7370,"[2, 1, 3, 0]",9300,121.29092216491699,False,18.272506259434046,29,0.00283203125
0010110011,7371,"[2, 1, 0, 3]",600,121.30475044250488,True,18.272506259434046,29,0.00283203125
0010110011,7372,"[2, 1, 3, 0]",9300,121.3226318359375,False,18.272506259434046,29,0.00283203125
0010110011,7373,"[2, 1, 0, 3]",600,121.33646011352539,True,18.272506259434046,29,0.00283203125
0010110011,7374,"[2, 1, 3, 0]",9300,121.3541030883789,False,18.272506259434046,29,0.00283203125
0010110011,7375,"[2, 1, 0, 3]",600,121.3674545288086,True,18.272506259434046,29,0.00283203125
0010110011,7376,"[2, 1, 3, 0]",9300,121.38724327087402,False,18.272506259434046,29,0.00283203125
0010110011,7377,"[2, 1, 0, 3]",600,121.40083312988281,True,18.272506259434046,29,0.00283203125
0010110011,7378,"[2, 1, 3, 0]",9300,121.42086029052734,False,18.272506259434046,29,0.00283203125
0010110011,7379,"[2, 1, 0, 3]",600,121.43445014953613,True,18.272506259434046,29,0.00283203125
0010110011,7380,"[2, 1, 3, 0]",9300,121.45280838012695,False,18.272506259434046,29,0.00283203125
0010110011,7381,"[2, 1, 0, 3]",600,121.46592140197754,True,18.272506259434046,29,0.00283203125
0010110011,7382,"[2, 1, 3, 0]",9300,121.48594856262207,False,18.272506259434046,29,0.00283203125
0010110011,7383,"[2, 1, 0, 3]",600,121.49906158447266,True,18.272506259434046,29,0.00283203125
0010110011,7384,"[2, 1, 3, 0]",9300,121.51670455932617,False,18.272506259434046,29,0.00283203125
0010110011,7385,"[2, 1, 0, 3]",600,121.53005599975586,True,18.272506259434046,29,0.00283203125
0010110011,7386,"[2, 1, 3, 0]",9300,121.54746055603027,False,18.272506259434046,29,0.00283203125
0010110011,7387,"[2, 1, 0, 3]",600,121.56081199645996,True,18.272506259434046,29,0.00283203125
0010110011,7388,"[2, 1, 3, 0]",9300,121.57869338989258,False,18.272506259434046,29,0.00283203125
0010110011,7389,"[2, 1, 0, 3]",600,121.59156799316406,True,18.272506259434046,29,0.00283203125
0010110011,7390,"[2, 1, 3, 0]",9300,121.60944938659668,False,18.272506259434046,29,0.00283203125
0010110011,7391,"[2, 1, 0, 3]",600,121.62232398986816,True,18.272506259434046,29,0.00283203125
0110011110,7392,"[3, 1, 2, 0]",9450,121.64044380187988,False,21.00753848647888,28,0.002734375
0110011110,7393,"[3, 1, 0, 2]",900,121.65403366088867,True,21.00753848647888,28,0.002734375
0110011110,7394,"[3, 1, 2, 0]",9450,121.67167663574219,False,21.00753848647888,28,0.002734375
0110011110,7395,"[3, 1, 0, 2]",900,121.68478965759277,True,21.00753848647888,28,0.002734375
0110011110,7396,"[3, 1, 2, 0]",9450,121.70267105102539,False,21.00753848647888,28,0.002734375
0110011110,7397,"[3, 1, 0, 2]",900,121.71578407287598,True,21.00753848647888,28,0.002734375
0110011110,7398,"[3, 1, 2, 0]",9450,121.73318862915039,False,21.00753848647888,28,0.002734375
0110011110,7399,"[3, 1, 0, 2]",900,121.74654006958008,True,21.00753848647888,28,0.002734375
0110011110,7400,"[3, 1, 2, 0]",9450,121.7644214630127,False,21.00753848647888,28,0.002734375
0110011110,7401,"[3, 1, 0, 2]",900,121.77801132202148,True,21.00753848647888,28,0.002734375
0110011110,7402,"[3, 1, 2, 0]",9450,121.7954158782959,False,21.00753848647888,28,0.002734375
0110011110,7403,"[3, 1, 0, 2]",900,121.80876731872559,True,21.00753848647888,28,0.002734375
0110011110,7404,"[3, 1, 2, 0]",9450,121.82831764221191,False,21.00753848647888,28,0.002734375
0110011110,7405,"[3, 1, 0, 2]",900,121.8414306640625,True,21.00753848647888,28,0.002734375
0110011110,7406,"[3, 1, 2, 0]",9450,121.85931205749512,False,21.00753848647888,28,0.002734375
0110011110,7407,"[3, 1, 0, 2]",900,121.8721866607666,True,21.00753848647888,28,0.002734375
0110011110,7408,"[3, 1, 2, 0]",9450,121.90628051757812,False,21.00753848647888,28,0.002734375
0110011110,7409,"[3, 1, 0, 2]",900,121.91987037658691,True,21.00753848647888,28,0.002734375
0110011110,7410,"[3, 1, 2, 0]",9450,121.93870544433594,False,21.00753848647888,28,0.002734375
0110011110,7411,"[3, 1, 0, 2]",900,121.95205688476562,True,21.00753848647888,28,0.002734375
0110011110,7412,"[3, 1, 2, 0]",9450,121.97065353393555,False,21.00753848647888,28,0.002734375
0110011110,7413,"[3, 1, 0, 2]",900,121.98400497436523,True,21.00753848647888,28,0.002734375
0110011110,7414,"[3, 1, 2, 0]",9450,122.00236320495605,False,21.00753848647888,28,0.002734375
0110011110,7415,"[3, 1, 0, 2]",900,122.01571464538574,True,21.00753848647888,28,0.002734375
0110011110,7416,"[3, 1, 2, 0]",9450,122.03431129455566,False,21.00753848647888,28,0.002734375
0110011110,7417,"[3, 1, 0, 2]",900,122.04813957214355,True,21.00753848647888,28,0.002734375
0110011110,7418,"[3, 1, 2, 0]",9450,122.06625938415527,False,21.00753848647888,28,0.002734375
0110011110,7419,"[3, 1, 0, 2]",900,122.08008766174316,True,21.00753848647888,28,0.002734375
0110011110,7420,"[3, 1, 2, 0]",9450,122.09892272949219,False,21.00753848647888,28,0.002734375
0110011110,7421,"[3, 1, 0, 2]",900,122.11251258850098,True,21.00753848647888,28,0.002734375
0110011110,7422,"[3, 1, 2, 0]",9450,122.1308708190918,False,21.00753848647888,28,0.002734375
0110011110,7423,"[3, 1, 0, 2]",900,122.14493751525879,True,21.00753848647888,28,0.002734375
0110011110,7424,"[3, 1, 2, 0]",9450,122.16544151306152,False,21.00753848647888,28,0.002734375
0110011110,7425,"[3, 1, 0, 2]",900,122.17903137207031,True,21.00753848647888,28,0.002734375
0110011110,7426,"[3, 1, 2, 0]",9450,122.19738960266113,False,21.00753848647888,28,0.002734375
0110011110,7427,"[3, 1, 0, 2]",900,122.23505973815918,True,21.00753848647888,28,0.002734375
0110011110,7428,"[3, 1, 2, 0]",9450,122.25484848022461,False,21.00753848647888,28,0.002734375
0110011110,7429,"[3, 1, 0, 2]",900,122.2689151763916,True,21.00753848647888,28,0.002734375
0110011110,7430,"[3, 1, 2, 0]",9450,122.29013442993164,False,21.00753848647888,28,0.002734375
0110011110,7431,"[3, 1, 0, 2]",900,122.30420112609863,True,21.00753848647888,28,0.002734375
0110011110,7432,"[3, 1, 2, 0]",9450,122.32279777526855,False,21.00753848647888,28,0.002734375
0110011110,7433,"[3, 1, 0, 2]",900,122.33638763427734,True,21.00753848647888,28,0.002734375
0110011110,7434,"[3, 1, 2, 0]",9450,122.35522270202637,False,21.00753848647888,28,0.002734375
0110011110,7435,"[3, 1, 0, 2]",900,122.36857414245605,True,21.00753848647888,28,0.002734375
0110011110,7436,"[3, 1, 2, 0]",9450,122.38740921020508,False,21.00753848647888,28,0.002734375
0110011110,7437,"[3, 1, 0, 2]",900,122.40099906921387,True,21.00753848647888,28,0.002734375
0110011110,7438,"[3, 1, 2, 0]",9450,122.41983413696289,False,21.00753848647888,28,0.002734375
0110011110,7439,"[3, 1, 0, 2]",900,122.43342399597168,True,21.00753848647888,28,0.002734375
0110011110,7440,"[3, 1, 2, 0]",9450,122.4517822265625,False,21.00753848647888,28,0.002734375
0110011110,7441,"[3, 1, 0, 2]",900,122.46537208557129,True,21.00753848647888,28,0.002734375
0110011110,7442,"[3, 1, 2, 0]",9450,122.48396873474121,False,21.00753848647888,28,0.002734375
0110011110,7443,"[3, 1, 0, 2]",900,122.4977970123291,True,21.00753848647888,28,0.002734375
0110011110,7444,"[3, 1, 2, 0]",9450,122.51639366149902,False,21.00753848647888,28,0.002734375
0110011110,7445,"[3, 1, 0, 2]",900,122.52998352050781,True,21.00753848647888,28,0.002734375
0110011110,7446,"[3, 1, 2, 0]",9450,122.55024909973145,False,21.00753848647888,28,0.002734375
0110011110,7447,"[3, 1, 0, 2]",900,122.56407737731934,True,21.00753848647888,28,0.002734375
1000011110,7448,"[3, 0, 2, 1]",6300,122.58267402648926,False,15.900011571152792,28,0.002734375
1000011110,7449,"[3, 0, 1, 2]",750,122.59697914123535,True,15.900011571152792,28,0.002734375
1000011110,7450,"[3, 0, 2, 1]",6300,122.61557579040527,False,15.900011571152792,28,0.002734375
1000011110,7451,"[3, 0, 1, 2]",750,122.62964248657227,True,15.900011571152792,28,0.002734375
1000011110,7452,"[3, 0, 2, 1]",6300,122.64823913574219,False,15.900011571152792,28,0.002734375
1000011110,7453,"[3, 0, 1, 2]",750,122.66206741333008,True,15.900011571152792,28,0.002734375
1000011110,7454,"[3, 0, 2, 1]",6300,122.6804256439209,False,15.900011571152792,28,0.002734375
1000011110,7455,"[3, 0, 1, 2]",750,122.69425392150879,True,15.900011571152792,28,0.002734375
1000011110,7456,"[3, 0, 2, 1]",6300,122.71285057067871,False,15.900011571152792,28,0.002734375
1000011110,7457,"[3, 0, 1, 2]",750,122.7262020111084,True,15.900011571152792,28,0.002734375
1000011110,7458,"[3, 0, 2, 1]",6300,122.74479866027832,False,15.900011571152792,28,0.002734375
1000011110,7459,"[3, 0, 1, 2]",750,122.75862693786621,True,15.900011571152792,28,0.002734375
1000011110,7460,"[3, 0, 2, 1]",6300,122.77674674987793,False,15.900011571152792,28,0.002734375
1000011110,7461,"[3, 0, 1, 2]",750,122.79033660888672,True,15.900011571152792,28,0.002734375
1000011110,7462,"[3, 0, 2, 1]",6300,122.80893325805664,False,15.900011571152792,28,0.002734375
1000011110,7463,"[3, 0, 1, 2]",750,122.82276153564453,True,15.900011571152792,28,0.002734375
1000011110,7464,"[3, 0, 2, 1]",6300,122.84159660339355,False,15.900011571152792,28,0.002734375
1000011110,7465,"[3, 0, 1, 2]",750,122.85542488098145,True,15.900011571152792,28,0.002734375
1000011110,7466,"[3, 0, 2, 1]",6300,122.87545204162598,False,15.900011571152792,28,0.002734375
1000011110,7467,"[3, 0, 1, 2]",750,122.88904190063477,True,15.900011571152792,28,0.002734375
1000011110,7468,"[3, 0, 2, 1]",6300,122.90763854980469,False,15.900011571152792,28,0.002734375
1000011110,7469,"[3, 0, 1, 2]",750,122.92075157165527,True,15.900011571152792,28,0.002734375
1000011110,7470,"[3, 0, 2, 1]",6300,122.9393482208252,False,15.900011571152792,28,0.002734375
1000011110,7471,"[3, 0, 1, 2]",750,122.95269966125488,True,15.900011571152792,28,0.002734375
1000011110,7472,"[3, 0, 2, 1]",6300,122.9712963104248,False,15.900011571152792,28,0.002734375
1000011110,7473,"[3, 0, 1, 2]",750,122.9848861694336,True,15.900011571152792,28,0.002734375
1000011110,7474,"[3, 0, 2, 1]",6300,123.00300598144531,False,15.900011571152792,28,0.002734375
1000011110,7475,"[3, 0, 1, 2]",750,123.0165958404541,True,15.900011571152792,28,0.002734375
1000011110,7476,"[3, 0, 2, 1]",6300,123.03519248962402,False,15.900011571152792,28,0.002734375
1000011110,7477,"[3, 0, 1, 2]",750,123.04902076721191,True,15.900011571152792,28,0.002734375
1000011110,7478,"[3, 0, 2, 1]",6300,123.06785583496094,False,15.900011571152792,28,0.002734375
1000011110,7479,"[3, 0, 1, 2]",750,123.08216094970703,True,15.900011571152792,28,0.002734375
1000011110,7480,"[3, 0, 2, 1]",6300,123.11291694641113,False,15.900011571152792,28,0.002734375
1000011110,7481,"[3, 0, 1, 2]",750,123.12626838684082,True,15.900011571152792,28,0.002734375
1000011110,7482,"[3, 0, 2, 1]",6300,123.14391136169434,False,15.900011571152792,28,0.002734375
1000011110,7483,"[3, 0, 1, 2]",750,123.15678596496582,True,15.900011571152792,28,0.002734375
1000011110,7484,"[3, 0, 2, 1]",6300,123.17466735839844,False,15.900011571152792,28,0.002734375
1000011110,7485,"[3, 0, 1, 2]",750,123.18754196166992,True,15.900011571152792,28,0.002734375
1000011110,7486,"[3, 0, 2, 1]",6300,123.20518493652344,False,15.900011571152792,28,0.002734375
1000011110,7487,"[3, 0, 1, 2]",750,123.21853637695312,True,15.900011571152792,28,0.002734375
1000011110,7488,"[3, 0, 2, 1]",6300,123.23808670043945,False,15.900011571152792,28,0.002734375
1000011110,7489,"[3, 0, 1, 2]",750,123.25119972229004,True,15.900011571152792,28,0.002734375
1000011110,7490,"[3, 0, 2, 1]",6300,123.26908111572266,False,15.900011571152792,28,0.002734375
1000011110,7491,"[3, 0, 1, 2]",750,123.28243255615234,True,15.900011571152792,28,0.002734375
1000011110,7492,"[3, 0, 2, 1]",6300,123.30031394958496,False,15.900011571152792,28,0.002734375
1000011110,7493,"[3, 0, 1, 2]",750,123.31366539001465,True,15.900011571152792,28,0.002734375
1000011110,7494,"[3, 0, 2, 1]",6300,123.33154678344727,False,15.900011571152792,28,0.002734375
1000011110,7495,"[3, 0, 1, 2]",750,123.34489822387695,True,15.900011571152792,28,0.002734375
1000011110,7496,"[3, 0, 2, 1]",6300,123.36277961730957,False,15.900011571152792,28,0.002734375
1000011110,7497,"[3, 0, 1, 2]",750,123.37613105773926,True,15.900011571152792,28,0.002734375
1000011110,7498,"[3, 0, 2, 1]",6300,123.39377403259277,False,15.900011571152792,28,0.002734375
1000011110,7499,"[3, 0, 1, 2]",750,123.40641021728516,True,15.900011571152792,28,0.002734375
1000011110,7500,"[3, 0, 2, 1]",6300,123.42405319213867,False,15.900011571152792,28,0.002734375
1000011110,7501,"[3, 0, 1, 2]",750,123.43716621398926,True,15.900011571152792,28,0.002734375
1000011110,7502,"[3, 0, 2, 1]",6300,123.45480918884277,False,15.900011571152792,28,0.002734375
1000011110,7503,"[3, 0, 1, 2]",750,123.46792221069336,True,15.900011571152792,28,0.002734375
0111100110,7504,"[1, 2, 3, 0]",9300,123.48556518554688,False,19.52784887194936,28,0.002734375
0111100110,7505,"[1, 0, 2, 3]",315,123.49939346313477,True,19.52784887194936,28,0.002734375
0111100110,7506,"[1, 2, 3, 0]",9300,123.51727485656738,False,19.52784887194936,28,0.002734375
0111100110,7507,"[1, 0, 2, 3]",315,123.53110313415527,True,19.52784887194936,28,0.002734375
0111100110,7508,"[1, 2, 3, 0]",9300,123.5506534576416,False,19.52784887194936,28,0.002734375
0111100110,7509,"[1, 0, 2, 3]",315,123.56424331665039,True,19.52784887194936,28,0.002734375
0111100110,7510,"[1, 2, 3, 0]",9300,123.5818862915039,False,19.52784887194936,28,0.002734375
0111100110,7511,"[1, 0, 2, 3]",315,123.5954761505127,True,19.52784887194936,28,0.002734375
0111100110,7512,"[1, 2, 3, 0]",9300,123.61311912536621,False,19.52784887194936,28,0.002734375
0111100110,7513,"[1, 0, 2, 3]",315,123.6264705657959,True,19.52784887194936,28,0.002734375
0111100110,7514,"[1, 2, 3, 0]",9300,123.66056442260742,False,19.52784887194936,28,0.002734375
0111100110,7515,"[1, 0, 2, 3]",315,123.67439270019531,True,19.52784887194936,28,0.002734375
0111100110,7516,"[1, 2, 3, 0]",9300,123.69298934936523,False,19.52784887194936,28,0.002734375
0111100110,7517,"[1, 0, 2, 3]",315,123.70681762695312,True,19.52784887194936,28,0.002734375
0111100110,7518,"[1, 2, 3, 0]",9300,123.72541427612305,False,19.52784887194936,28,0.002734375
0111100110,7519,"[1, 0, 2, 3]",315,123.73948097229004,True,19.52784887194936,28,0.002734375
0111100110,7520,"[1, 2, 3, 0]",9300,123.75831604003906,False,19.52784887194936,28,0.002734375
0111100110,7521,"[1, 0, 2, 3]",315,123.77214431762695,True,19.52784887194936,28,0.002734375
0111100110,7522,"[1, 2, 3, 0]",9300,123.79050254821777,False,19.52784887194936,28,0.002734375
0111100110,7523,"[1, 0, 2, 3]",315,123.80409240722656,True,19.52784887194936,28,0.002734375
0111100110,7524,"[1, 2, 3, 0]",9300,123.82245063781738,False,19.52784887194936,28,0.002734375
0111100110,7525,"[1, 0, 2, 3]",315,123.83627891540527,True,19.52784887194936,28,0.002734375
0111100110,7526,"[1, 2, 3, 0]",9300,123.85797500610352,False,19.52784887194936,28,0.002734375
0111100110,7527,"[1, 0, 2, 3]",315,123.8718032836914,True,19.52784887194936,28,0.002734375
0111100110,7528,"[1, 2, 3, 0]",9300,123.89254570007324,False,19.52784887194936,28,0.002734375
0111100110,7529,"[1, 0, 2, 3]",315,123.90732765197754,True,19.52784887194936,28,0.002734375
0111100110,7530,"[1, 2, 3, 0]",9300,123.92735481262207,False,19.52784887194936,28,0.002734375
0111100110,7531,"[1, 0, 2, 3]",315,123.94165992736816,True,19.52784887194936,28,0.002734375
0111100110,7532,"[1, 2, 3, 0]",9300,123.96001815795898,False,19.52784887194936,28,0.002734375
0111100110,7533,"[1, 0, 2, 3]",315,123.97408485412598,True,19.52784887194936,28,0.002734375
0111100110,7534,"[1, 2, 3, 0]",9300,123.9924430847168,False,19.52784887194936,28,0.002734375
0111100110,7535,"[1, 0, 2, 3]",315,124.00650978088379,True,19.52784887194936,28,0.002734375
0111100110,7536,"[1, 2, 3, 0]",9300,124.02462959289551,False,19.52784887194936,28,0.002734375
0111100110,7537,"[1, 0, 2, 3]",315,124.0389347076416,True,19.52784887194936,28,0.002734375
0111100110,7538,"[1, 2, 3, 0]",9300,124.05705451965332,False,19.52784887194936,28,0.002734375
0111100110,7539,"[1, 0, 2, 3]",315,124.07135963439941,True,19.52784887194936,28,0.002734375
0111100110,7540,"[1, 2, 3, 0]",9300,124.08947944641113,False,19.52784887194936,28,0.002734375
0111100110,7541,"[1, 0, 2, 3]",315,124.10402297973633,True,19.52784887194936,28,0.002734375
0111100110,7542,"[1, 2, 3, 0]",9300,124.12190437316895,False,19.52784887194936,28,0.002734375
0111100110,7543,"[1, 0, 2, 3]",315,124.13573265075684,True,19.52784887194936,28,0.002734375
0111100110,7544,"[1, 2, 3, 0]",9300,124.15575981140137,False,19.52784887194936,28,0.002734375
0111100110,7545,"[1, 0, 2, 3]",315,124.16958808898926,True,19.52784887194936,28,0.002734375
0111100110,7546,"[1, 2, 3, 0]",9300,124.18818473815918,False,19.52784887194936,28,0.002734375
0111100110,7547,"[1, 0, 2, 3]",315,124.20153617858887,True,19.52784887194936,28,0.002734375
0111100110,7548,"[1, 2, 3, 0]",9300,124.22013282775879,False,19.52784887194936,28,0.002734375
0111100110,7549,"[1, 0, 2, 3]",315,124.23396110534668,True,19.52784887194936,28,0.002734375
0111100110,7550,"[1, 2, 3, 0]",9300,124.25374984741211,False,19.52784887194936,28,0.002734375
0111100110,7551,"[1, 0, 2, 3]",315,124.2673397064209,True,19.52784887194936,28,0.002734375
0111100110,7552,"[1, 2, 3, 0]",9300,124.28569793701172,False,19.52784887194936,28,0.002734375
0111100110,7553,"[1, 0, 2, 3]",315,124.29952621459961,True,19.52784887194936,28,0.002734375
0111100110,7554,"[1, 2, 3, 0]",9300,124.31764602661133,False,19.52784887194936,28,0.002734375
0111100110,7555,"[1, 0, 2, 3]",315,124.33123588562012,True,19.52784887194936,28,0.002734375
0111100110,7556,"[1, 2, 3, 0]",9300,124.34959411621094,False,19.52784887194936,28,0.002734375
0111100110,7557,"[1, 0, 2, 3]",315,124.36342239379883,True,19.52784887194936,28,0.002734375
0111100110,7558,"[1, 2, 3, 0]",9300,124.38154220581055,False,19.52784887194936,28,0.002734375
0111100110,7559,"[1, 0, 2, 3]",315,124.39537048339844,True,19.52784887194936,28,0.002734375
0111011011,7560,"[1, 3, 2, 0]",9450,124.41349029541016,False,12.869241326287309,28,0.002734375
0111011011,7561,"[1, 0, 3, 2]",465,124.42731857299805,True,12.869241326287309,28,0.002734375
0111011011,7562,"[1, 3, 2, 0]",9450,124.44567680358887,False,12.869241326287309,28,0.002734375
0111011011,7563,"[1, 0, 3, 2]",465,124.45950508117676,True,12.869241326287309,28,0.002734375
0111011011,7564,"[1, 3, 2, 0]",9450,124.47762489318848,False,12.869241326287309,28,0.002734375
0111011011,7565,"[1, 0, 3, 2]",465,124.49145317077637,True,12.869241326287309,28,0.002734375
0111011011,7566,"[1, 3, 2, 0]",9450,124.50957298278809,False,12.869241326287309,28,0.002734375
0111011011,7567,"[1, 0, 3, 2]",465,124.52363967895508,True,12.869241326287309,28,0.002734375
0111011011,7568,"[1, 3, 2, 0]",9450,124.5417594909668,False,12.869241326287309,28,0.002734375
0111011011,7569,"[1, 0, 3, 2]",465,124.55534934997559,True,12.869241326287309,28,0.002734375
0111011011,7570,"[1, 3, 2, 0]",9450,124.57394599914551,False,12.869241326287309,28,0.002734375
0111011011,7571,"[1, 0, 3, 2]",465,124.5875358581543,True,12.869241326287309,28,0.002734375
0111011011,7572,"[1, 3, 2, 0]",9450,124.60756301879883,False,12.869241326287309,28,0.002734375
0111011011,7573,"[1, 0, 3, 2]",465,124.62139129638672,True,12.869241326287309,28,0.002734375
0111011011,7574,"[1, 3, 2, 0]",9450,124.64022636413574,False,12.869241326287309,28,0.002734375
0111011011,7575,"[1, 0, 3, 2]",465,124.65381622314453,True,12.869241326287309,28,0.002734375
0111011011,7576,"[1, 3, 2, 0]",9450,124.67241287231445,False,12.869241326287309,28,0.002734375
0111011011,7577,"[1, 0, 3, 2]",465,124.68576431274414,True,12.869241326287309,28,0.002734375
0111011011,7578,"[1, 3, 2, 0]",9450,124.70459938049316,False,12.869241326287309,28,0.002734375
0111011011,7579,"[1, 0, 3, 2]",465,124.71866607666016,True,12.869241326287309,28,0.002734375
0111011011,7580,"[1, 3, 2, 0]",9450,124.73940849304199,False,12.869241326287309,28,0.002734375
0111011011,7581,"[1, 0, 3, 2]",465,124.75347518920898,True,12.869241326287309,28,0.002734375
0111011011,7582,"[1, 3, 2, 0]",9450,124.7720718383789,False,12.869241326287309,28,0.002734375
0111011011,7583,"[1, 0, 3, 2]",465,124.7859001159668,True,12.869241326287309,28,0.002734375
0111011011,7584,"[1, 3, 2, 0]",9450,124.80425834655762,False,12.869241326287309,28,0.002734375
0111011011,7585,"[1, 0, 3, 2]",465,124.81832504272461,True,12.869241326287309,28,0.002734375
0111011011,7586,"[1, 3, 2, 0]",9450,124.83668327331543,False,12.869241326287309,28,0.002734375
0111011011,7587,"[1, 0, 3, 2]",465,124.85051155090332,True,12.869241326287309,28,0.002734375
0111011011,7588,"[1, 3, 2, 0]",9450,124.86934661865234,False,12.869241326287309,28,0.002734375
0111011011,7589,"[1, 0, 3, 2]",465,124.88341331481934,True,12.869241326287309,28,0.002734375
0111011011,7590,"[1, 3, 2, 0]",9450,124.90177154541016,False,12.869241326287309,28,0.002734375
0111011011,7591,"[1, 0, 3, 2]",465,124.91559982299805,True,12.869241326287309,28,0.002734375
0111011011,7592,"[1, 3, 2, 0]",9450,124.93610382080078,False,12.869241326287309,28,0.002734375
0111011011,7593,"[1, 0, 3, 2]",465,124.94993209838867,True,12.869241326287309,28,0.002734375
0111011011,7594,"[1, 3, 2, 0]",9450,124.96805191040039,False,12.869241326287309,28,0.002734375
0111011011,7595,"[1, 0, 3, 2]",465,124.98188018798828,True,12.869241326287309,28,0.002734375
0111011011,7596,"[1, 3, 2, 0]",9450,125.0,False,12.869241326287309,28,0.002734375
0111011011,7597,"[1, 0, 3, 2]",465,125.02336502075195,True,12.869241326287309,28,0.002734375
0111011011,7598,"[1, 3, 2, 0]",9450,125.04100799560547,False,12.869241326287309,28,0.002734375
0111011011,7599,"[1, 0, 3, 2]",465,125.05412101745605,True,12.869241326287309,28,0.002734375
0111011011,7600,"[1, 3, 2, 0]",9450,125.07200241088867,False,12.869241326287309,28,0.002734375
0111011011,7601,"[1, 0, 3, 2]",465,125.08511543273926,True,12.869241326287309,28,0.002734375
0111011011,7602,"[1, 3, 2, 0]",9450,125.10323524475098,False,12.869241326287309,28,0.002734375
0111011011,7603,"[1, 0, 3, 2]",465,125.11610984802246,True,12.869241326287309,28,0.002734375
0111011011,7604,"[1, 3, 2, 0]",9450,125.13399124145508,False,12.869241326287309,28,0.002734375
0111011011,7605,"[1, 0, 3, 2]",465,125.14686584472656,True,12.869241326287309,28,0.002734375
0111011011,7606,"[1, 3, 2, 0]",9450,125.16427040100098,False,12.869241326287309,28,0.002734375
0111011011,7607,"[1, 0, 3, 2]",465,125.17714500427246,True,12.869241326287309,28,0.002734375
0111011011,7608,"[1, 3, 2, 0]",9450,125.19454956054688,False,12.869241326287309,28,0.002734375
0111011011,7609,"[1, 0, 3, 2]",465,125.20766258239746,True,12.869241326287309,28,0.002734375
0111011011,7610,"[1, 3, 2, 0]",9450,125.22530555725098,False,12.869241326287309,28,0.002734375
0111011011,7611,"[1, 0, 3, 2]",465,125.23818016052246,True,12.869241326287309,28,0.002734375
0111011011,7612,"[1, 3, 2, 0]",9450,125.25606155395508,False,12.869241326287309,28,0.002734375
0111011011,7613,"[1, 0, 3, 2]",465,125.26941299438477,True,12.869241326287309,28,0.002734375
0111011011,7614,"[1, 3, 2, 0]",9450,125.28872489929199,False,12.869241326287309,28,0.002734375
0111011011,7615,"[1, 0, 3, 2]",465,125.30207633972168,True,12.869241326287309,28,0.002734375
1110011000,7616,"[0, 3, 1, 2]",750,125.3199577331543,False,26.64070071175015,28,0.002734375
1110011000,7617,"[0, 1, 3, 2]",465,125.33378601074219,True,26.64070071175015,28,0.002734375
1110011000,7618,"[0, 3, 1, 2]",750,125.3514289855957,False,26.64070071175015,28,0.002734375
1110011000,7619,"[0, 1, 3, 2]",465,125.36430358886719,True,26.64070071175015,28,0.002734375
1110011000,7620,"[0, 3, 1, 2]",750,125.3819465637207,False,26.64070071175015,28,0.002734375
1110011000,7621,"[0, 1, 3, 2]",465,125.39505958557129,True,26.64070071175015,28,0.002734375
1110011000,7622,"[0, 3, 1, 2]",750,125.4124641418457,False,26.64070071175015,28,0.002734375
1110011000,7623,"[0, 1, 3, 2]",465,125.42557716369629,True,26.64070071175015,28,0.002734375
1110011000,7624,"[0, 3, 1, 2]",750,125.4429817199707,False,26.64070071175015,28,0.002734375
1110011000,7625,"[0, 1, 3, 2]",465,125.45609474182129,True,26.64070071175015,28,0.002734375
1110011000,7626,"[0, 3, 1, 2]",750,125.4734992980957,False,26.64070071175015,28,0.002734375
1110011000,7627,"[0, 1, 3, 2]",465,125.48613548278809,True,26.64070071175015,28,0.002734375
1110011000,7628,"[0, 3, 1, 2]",750,125.5042552947998,False,26.64070071175015,28,0.002734375
1110011000,7629,"[0, 1, 3, 2]",465,125.5178451538086,True,26.64070071175015,28,0.002734375
1110011000,7630,"[0, 3, 1, 2]",750,125.53763389587402,False,26.64070071175015,28,0.002734375
1110011000,7631,"[0, 1, 3, 2]",465,125.55074691772461,True,26.64070071175015,28,0.002734375
1110011000,7632,"[0, 3, 1, 2]",750,125.56815147399902,False,26.64070071175015,28,0.002734375
1110011000,7633,"[0, 1, 3, 2]",465,125.58150291442871,True,26.64070071175015,28,0.002734375
1110011000,7634,"[0, 3, 1, 2]",750,125.60176849365234,False,26.64070071175015,28,0.002734375
1110011000,7635,"[0, 1, 3, 2]",465,125.61464309692383,True,26.64070071175015,28,0.002734375
1110011000,7636,"[0, 3, 1, 2]",750,125.63204765319824,False,26.64070071175015,28,0.002734375
1110011000,7637,"[0, 1, 3, 2]",465,125.64516067504883,True,26.64070071175015,28,0.002734375
1110011000,7638,"[0, 3, 1, 2]",750,125.66256523132324,False,26.64070071175015,28,0.002734375
1110011000,7639,"[0, 1, 3, 2]",465,125.67567825317383,True,26.64070071175015,28,0.002734375
1110011000,7640,"[0, 3, 1, 2]",750,125.69308280944824,False,26.64070071175015,28,0.002734375
1110011000,7641,"[0, 1, 3, 2]",465,125.70619583129883,True,26.64070071175015,28,0.002734375
1110011000,7642,"[0, 3, 1, 2]",750,125.72383880615234,False,26.64070071175015,28,0.002734375
1110011000,7643,"[0, 1, 3, 2]",465,125.73719024658203,True,26.64070071175015,28,0.002734375
1110011000,7644,"[0, 3, 1, 2]",750,125.75459480285645,False,26.64070071175015,28,0.002734375
1110011000,7645,"[0, 1, 3, 2]",465,125.76794624328613,True,26.64070071175015,28,0.002734375
1110011000,7646,"[0, 3, 1, 2]",750,125.78535079956055,False,26.64070071175015,28,0.002734375
1110011000,7647,"[0, 1, 3, 2]",465,125.79798698425293,True,26.64070071175015,28,0.002734375
1110011000,7648,"[0, 3, 1, 2]",750,125.81539154052734,False,26.64070071175015,28,0.002734375
1110011000,7649,"[0, 1, 3, 2]",465,125.82826614379883,True,26.64070071175015,28,0.002734375
1110011000,7650,"[0, 3, 1, 2]",750,125.84567070007324,False,26.64070071175015,28,0.002734375
1110011000,7651,"[0, 1, 3, 2]",465,125.85830688476562,True,26.64070071175015,28,0.002734375
1110011000,7652,"[0, 3, 1, 2]",750,125.87571144104004,False,26.64070071175015,28,0.002734375
1110011000,7653,"[0, 1, 3, 2]",465,125.88858604431152,True,26.64070071175015,28,0.002734375
1110011000,7654,"[0, 3, 1, 2]",750,125.90622901916504,False,26.64070071175015,28,0.002734375
1110011000,7655,"[0, 1, 3, 2]",465,125.91934204101562,True,26.64070071175015,28,0.002734375
1110011000,7656,"[0, 3, 1, 2]",750,125.93936920166016,False,26.64070071175015,28,0.002734375
1110011000,7657,"[0, 1, 3, 2]",465,125.95200538635254,True,26.64070071175015,28,0.002734375
1110011000,7658,"[0, 3, 1, 2]",750,125.96988677978516,False,26.64070071175015,28,0.002734375
1110011000,7659,"[0, 1, 3, 2]",465,125.98228454589844,True,26.64070071175015,28,0.002734375
1110011000,7660,"[0, 3, 1, 2]",750,125.99992752075195,False,26.64070071175015,28,0.002734375
1110011000,7661,"[0, 1, 3, 2]",465,126.01280212402344,True,26.64070071175015,28,0.002734375
1110011000,7662,"[0, 3, 1, 2]",750,126.02996826171875,False,26.64070071175015,28,0.002734375
1110011000,7663,"[0, 1, 3, 2]",465,126.04284286499023,True,26.64070071175015,28,0.002734375
1110011000,7664,"[0, 3, 1, 2]",750,126.06048583984375,False,26.64070071175015,28,0.002734375
1110011000,7665,"[0, 1, 3, 2]",465,126.07359886169434,True,26.64070071175015,28,0.002734375
1110011000,7666,"[0, 3, 1, 2]",750,126.09076499938965,False,26.64070071175015,28,0.002734375
1110011000,7667,"[0, 1, 3, 2]",465,126.10363960266113,True,26.64070071175015,28,0.002734375
1110011000,7668,"[0, 3, 1, 2]",750,126.12104415893555,False,26.64070071175015,28,0.002734375
1110011000,7669,"[0, 1, 3, 2]",465,126.13391876220703,True,26.64070071175015,28,0.002734375
1110011000,7670,"[0, 3, 1, 2]",750,126.15132331848145,False,26.64070071175015,28,0.002734375
1110011000,7671,"[0, 1, 3, 2]",465,126.16419792175293,True,26.64070071175015,28,0.002734375
1010010011,7672,"[1, 0, 2, 3]",315,126.18398666381836,False,17.473809707916633,27,0.00263671875
1010010011,7673,"[1, 0, 2, 3]",315,126.19757652282715,True,17.473809707916633,27,0.00263671875
1010010011,7674,"[1, 0, 2, 3]",315,126.21498107910156,False,17.473809707916633,27,0.00263671875
1010010011,7675,"[1, 0, 2, 3]",315,126.22833251953125,True,17.473809707916633,27,0.00263671875
1010010011,7676,"[1, 0, 2, 3]",315,126.24740600585938,False,17.473809707916633,27,0.00263671875
1010010011,7677,"[1, 0, 2, 3]",315,126.26075744628906,True,17.473809707916633,27,0.00263671875
1010010011,7678,"[1, 0, 2, 3]",315,126.27816200256348,False,17.473809707916633,27,0.00263671875
1010010011,7679,"[1, 0, 2, 3]",315,126.29127502441406,True,17.473809707916633,27,0.00263671875
1010010011,7680,"[1, 0, 2, 3]",315,126.30939483642578,False,17.473809707916633,27,0.00263671875
1010010011,7681,"[1, 0, 2, 3]",315,126.32226943969727,True,17.473809707916633,27,0.00263671875
1010010011,7682,"[1, 0, 2, 3]",315,126.34158134460449,False,17.473809707916633,27,0.00263671875
1010010011,7683,"[1, 0, 2, 3]",315,126.35493278503418,True,17.473809707916633,27,0.00263671875
1010010011,7684,"[1, 0, 2, 3]",315,126.3725757598877,False,17.473809707916633,27,0.00263671875
1010010011,7685,"[1, 0, 2, 3]",315,126.38521194458008,True,17.473809707916633,27,0.00263671875
1010010011,7686,"[1, 0, 2, 3]",315,126.4030933380127,False,17.473809707916633,27,0.00263671875
1010010011,7687,"[1, 0, 2, 3]",315,126.41549110412598,True,17.473809707916633,27,0.00263671875
1010010011,7688,"[1, 0, 2, 3]",315,126.43313407897949,False,17.473809707916633,27,0.00263671875
1010010011,7689,"[1, 0, 2, 3]",315,126.44600868225098,True,17.473809707916633,27,0.00263671875
1010010011,7690,"[1, 0, 2, 3]",315,126.46317481994629,False,17.473809707916633,27,0.00263671875
1010010011,7691,"[1, 0, 2, 3]",315,126.47604942321777,True,17.473809707916633,27,0.00263671875
1010010011,7692,"[1, 0, 2, 3]",315,126.49345397949219,False,17.473809707916633,27,0.00263671875
1010010011,7693,"[1, 0, 2, 3]",315,126.50609016418457,True,17.473809707916633,27,0.00263671875
1010010011,7694,"[1, 0, 2, 3]",315,126.52373313903809,False,17.473809707916633,27,0.00263671875
1010010011,7695,"[1, 0, 2, 3]",315,126.53684616088867,True,17.473809707916633,27,0.00263671875
1010010011,7696,"[1, 0, 2, 3]",315,126.55448913574219,False,17.473809707916633,27,0.00263671875
1010010011,7697,"[1, 0, 2, 3]",315,126.56760215759277,True,17.473809707916633,27,0.00263671875
1010010011,7698,"[1, 0, 2, 3]",315,126.5866756439209,False,17.473809707916633,27,0.00263671875
1010010011,7699,"[1, 0, 2, 3]",315,126.59978866577148,True,17.473809707916633,27,0.00263671875
1010010011,7700,"[1, 0, 2, 3]",315,126.6176700592041,False,17.473809707916633,27,0.00263671875
1010010011,7701,"[1, 0, 2, 3]",315,126.63078308105469,True,17.473809707916633,27,0.00263671875
1010010011,7702,"[1, 0, 2, 3]",315,126.6481876373291,False,17.473809707916633,27,0.00263671875
1010010011,7703,"[1, 0, 2, 3]",315,126.66130065917969,True,17.473809707916633,27,0.00263671875
1010010011,7704,"[1, 0, 2, 3]",315,126.6787052154541,False,17.473809707916633,27,0.00263671875
1010010011,7705,"[1, 0, 2, 3]",315,126.69205665588379,True,17.473809707916633,27,0.00263671875
1010010011,7706,"[1, 0, 2, 3]",315,126.7092227935791,False,17.473809707916633,27,0.00263671875
1010010011,7707,"[1, 0, 2, 3]",315,126.72281265258789,True,17.473809707916633,27,0.00263671875
1010010011,7708,"[1, 0, 2, 3]",315,126.7402172088623,False,17.473809707916633,27,0.00263671875
1010010011,7709,"[1, 0, 2, 3]",315,126.7540454864502,True,17.473809707916633,27,0.00263671875
1010010011,7710,"[1, 0, 2, 3]",315,126.77168846130371,False,17.473809707916633,27,0.00263671875
1010010011,7711,"[1, 0, 2, 3]",315,126.7850399017334,True,17.473809707916633,27,0.00263671875
1010010011,7712,"[1, 0, 2, 3]",315,126.80459022521973,False,17.473809707916633,27,0.00263671875
1010010011,7713,"[1, 0, 2, 3]",315,126.81770324707031,True,17.473809707916633,27,0.00263671875
1010010011,7714,"[1, 0, 2, 3]",315,126.83534622192383,False,17.473809707916633,27,0.00263671875
1010010011,7715,"[1, 0, 2, 3]",315,126.84845924377441,True,17.473809707916633,27,0.00263671875
1010010011,7716,"[1, 0, 2, 3]",315,126.86610221862793,False,17.473809707916633,27,0.00263671875
1010010011,7717,"[1, 0, 2, 3]",315,126.87945365905762,True,17.473809707916633,27,0.00263671875
1010010011,7718,"[1, 0, 2, 3]",315,126.89828872680664,False,17.473809707916633,27,0.00263671875
1010010011,7719,"[1, 0, 2, 3]",315,126.91164016723633,True,17.473809707916633,27,0.00263671875
1010010011,7720,"[1, 0, 2, 3]",315,126.92904472351074,False,17.473809707916633,27,0.00263671875
1010010011,7721,"[1, 0, 2, 3]",315,126.94239616394043,True,17.473809707916633,27,0.00263671875
1010010011,7722,"[1, 0, 2, 3]",315,126.95980072021484,False,17.473809707916633,27,0.00263671875
1010010011,7723,"[1, 0, 2, 3]",315,126.97291374206543,True,17.473809707916633,27,0.00263671875
1010010011,7724,"[1, 0, 2, 3]",315,126.99031829833984,False,17.473809707916633,27,0.00263671875
1010010011,7725,"[1, 0, 2, 3]",315,127.00366973876953,True,17.473809707916633,27,0.00263671875
0100000000,7726,"[0, 3, 2, 1]",6300,127.02131271362305,False,17.0,27,0.00263671875
0100000000,7727,"[0, 1, 3, 2]",465,127.03514099121094,True,17.0,27,0.00263671875
0100000000,7728,"[0, 3, 2, 1]",6300,127.05278396606445,False,17.0,27,0.00263671875
0100000000,7729,"[0, 1, 3, 2]",465,127.06661224365234,True,17.0,27,0.00263671875
0100000000,7730,"[0, 3, 2, 1]",6300,127.08425521850586,False,17.0,27,0.00263671875
0100000000,7731,"[0, 1, 3, 2]",465,127.09760665893555,True,17.0,27,0.00263671875
0100000000,7732,"[0, 3, 2, 1]",6300,127.11644172668457,False,17.0,27,0.00263671875
0100000000,7733,"[0, 1, 3, 2]",465,127.13003158569336,True,17.0,27,0.00263671875
0100000000,7734,"[0, 3, 2, 1]",6300,127.14719772338867,False,17.0,27,0.00263671875
0100000000,7735,"[0, 1, 3, 2]",465,127.16031074523926,True,17.0,27,0.00263671875
0100000000,7736,"[0, 3, 2, 1]",6300,127.17747688293457,False,17.0,27,0.00263671875
0100000000,7737,"[0, 1, 3, 2]",465,127.19035148620605,True,17.0,27,0.00263671875
0100000000,7738,"[0, 3, 2, 1]",6300,127.20847129821777,False,17.0,27,0.00263671875
0100000000,7739,"[0, 1, 3, 2]",465,127.22134590148926,True,17.0,27,0.00263671875
0100000000,7740,"[0, 3, 2, 1]",6300,127.24089622497559,False,17.0,27,0.00263671875
0100000000,7741,"[0, 1, 3, 2]",465,127.26950645446777,True,17.0,27,0.00263671875
0100000000,7742,"[0, 3, 2, 1]",6300,127.2878646850586,False,17.0,27,0.00263671875
0100000000,7743,"[0, 1, 3, 2]",465,127.30121612548828,True,17.0,27,0.00263671875
0100000000,7744,"[0, 3, 2, 1]",6300,127.3198127746582,False,17.0,27,0.00263671875
0100000000,7745,"[0, 1, 3, 2]",465,127.33292579650879,True,17.0,27,0.00263671875
0100000000,7746,"[0, 3, 2, 1]",6300,127.35152244567871,False,17.0,27,0.00263671875
0100000000,7747,"[0, 1, 3, 2]",465,127.3648738861084,True,17.0,27,0.00263671875
0100000000,7748,"[0, 3, 2, 1]",6300,127.38347053527832,False,17.0,27,0.00263671875
0100000000,7749,"[0, 1, 3, 2]",465,127.39682197570801,True,17.0,27,0.00263671875
0100000000,7750,"[0, 3, 2, 1]",6300,127.41494178771973,False,17.0,27,0.00263671875
0100000000,7751,"[0, 1, 3, 2]",465,127.42853164672852,True,17.0,27,0.00263671875
0100000000,7752,"[0, 3, 2, 1]",6300,127.44665145874023,False,17.0,27,0.00263671875
0100000000,7753,"[0, 1, 3, 2]",465,127.46024131774902,True,17.0,27,0.00263671875
0100000000,7754,"[0, 3, 2, 1]",6300,127.47836112976074,False,17.0,27,0.00263671875
0100000000,7755,"[0, 1, 3, 2]",465,127.49218940734863,True,17.0,27,0.00263671875
0100000000,7756,"[0, 3, 2, 1]",6300,127.51007080078125,False,17.0,27,0.00263671875
0100000000,7757,"[0, 1, 3, 2]",465,127.52366065979004,True,17.0,27,0.00263671875
0100000000,7758,"[0, 3, 2, 1]",6300,127.54178047180176,False,17.0,27,0.00263671875
0100000000,7759,"[0, 1, 3, 2]",465,127.55513191223145,True,17.0,27,0.00263671875
0100000000,7760,"[0, 3, 2, 1]",6300,127.57492065429688,False,17.0,27,0.00263671875
0100000000,7761,"[0, 1, 3, 2]",465,127.58851051330566,True,17.0,27,0.00263671875
0100000000,7762,"[0, 3, 2, 1]",6300,127.60639190673828,False,17.0,27,0.00263671875
0100000000,7763,"[0, 1, 3, 2]",465,127.61974334716797,True,17.0,27,0.00263671875
0100000000,7764,"[0, 3, 2, 1]",6300,127.63810157775879,False,17.0,27,0.00263671875
0100000000,7765,"[0, 1, 3, 2]",465,127.65169143676758,True,17.0,27,0.00263671875
0100000000,7766,"[0, 3, 2, 1]",6300,127.6698112487793,False,17.0,27,0.00263671875
0100000000,7767,"[0, 1, 3, 2]",465,127.68363952636719,True,17.0,27,0.00263671875
0100000000,7768,"[0, 3, 2, 1]",6300,127.70199775695801,False,17.0,27,0.00263671875
0100000000,7769,"[0, 1, 3, 2]",465,127.7155876159668,True,17.0,27,0.00263671875
0100000000,7770,"[0, 3, 2, 1]",6300,127.73346900939941,False,17.0,27,0.00263671875
0100000000,7771,"[0, 1, 3, 2]",465,127.7470588684082,True,17.0,27,0.00263671875
0100000000,7772,"[0, 3, 2, 1]",6300,127.76494026184082,False,17.0,27,0.00263671875
0100000000,7773,"[0, 1, 3, 2]",465,127.77853012084961,True,17.0,27,0.00263671875
0100000000,7774,"[0, 3, 2, 1]",6300,127.79641151428223,False,17.0,27,0.00263671875
0100000000,7775,"[0, 1, 3, 2]",465,127.83288955688477,True,17.0,27,0.00263671875
0100000000,7776,"[0, 3, 2, 1]",6300,127.85506248474121,False,17.0,27,0.00263671875
0100000000,7777,"[0, 1, 3, 2]",465,127.8693675994873,True,17.0,27,0.00263671875
0100000000,7778,"[0, 3, 2, 1]",6300,127.88796424865723,False,17.0,27,0.00263671875
0100000000,7779,"[0, 1, 3, 2]",465,127.90179252624512,True,17.0,27,0.00263671875
1000011011,7780,"[3, 0, 2, 1]",6300,127.92253494262695,False,20.272506259434046,27,0.00263671875
1000011011,7781,"[3, 0, 1, 2]",750,127.93827056884766,True,20.272506259434046,27,0.00263671875
1000011011,7782,"[3, 0, 2, 1]",6300,127.9592514038086,False,20.272506259434046,27,0.00263671875
1000011011,7783,"[3, 0, 1, 2]",750,127.97379493713379,True,20.272506259434046,27,0.00263671875
1000011011,7784,"[3, 0, 2, 1]",6300,127.99263000488281,False,20.272506259434046,27,0.00263671875
1000011011,7785,"[3, 0, 1, 2]",750,128.0069351196289,True,20.272506259434046,27,0.00263671875
1000011011,7786,"[3, 0, 2, 1]",6300,128.02529335021973,False,20.272506259434046,27,0.00263671875
1000011011,7787,"[3, 0, 1, 2]",750,128.03936004638672,True,20.272506259434046,27,0.00263671875
1000011011,7788,"[3, 0, 2, 1]",6300,128.05747985839844,False,20.272506259434046,27,0.00263671875
1000011011,7789,"[3, 0, 1, 2]",750,128.07130813598633,True,20.272506259434046,27,0.00263671875
1000011011,7790,"[3, 0, 2, 1]",6300,128.08942794799805,False,20.272506259434046,27,0.00263671875
1000011011,7791,"[3, 0, 1, 2]",750,128.10325622558594,True,20.272506259434046,27,0.00263671875
1000011011,7792,"[3, 0, 2, 1]",6300,128.12185287475586,False,20.272506259434046,27,0.00263671875
1000011011,7793,"[3, 0, 1, 2]",750,128.13568115234375,True,20.272506259434046,27,0.00263671875
1000011011,7794,"[3, 0, 2, 1]",6300,128.15403938293457,False,20.272506259434046,27,0.00263671875
1000011011,7795,"[3, 0, 1, 2]",750,128.16786766052246,True,20.272506259434046,27,0.00263671875
1000011011,7796,"[3, 0, 2, 1]",6300,128.18622589111328,False,20.272506259434046,27,0.00263671875
1000011011,7797,"[3, 0, 1, 2]",750,128.20005416870117,True,20.272506259434046,27,0.00263671875
1000011011,7798,"[3, 0, 2, 1]",6300,128.2186508178711,False,20.272506259434046,27,0.00263671875
1000011011,7799,"[3, 0, 1, 2]",750,128.23200225830078,True,20.272506259434046,27,0.00263671875
1000011011,7800,"[3, 0, 2, 1]",6300,128.2505989074707,False,20.272506259434046,27,0.00263671875
1000011011,7801,"[3, 0, 1, 2]",750,128.2644271850586,True,20.272506259434046,27,0.00263671875
1000011011,7802,"[3, 0, 2, 1]",6300,128.28493118286133,False,20.272506259434046,27,0.00263671875
1000011011,7803,"[3, 0, 1, 2]",750,128.29875946044922,True,20.272506259434046,27,0.00263671875
1000011011,7804,"[3, 0, 2, 1]",6300,128.31711769104004,False,20.272506259434046,27,0.00263671875
1000011011,7805,"[3, 0, 1, 2]",750,128.33070755004883,True,20.272506259434046,27,0.00263671875
1000011011,7806,"[3, 0, 2, 1]",6300,128.34906578063965,False,20.272506259434046,27,0.00263671875
1000011011,7807,"[3, 0, 1, 2]",750,128.36337089538574,True,20.272506259434046,27,0.00263671875
1000011011,7808,"[3, 0, 2, 1]",6300,128.38196754455566,False,20.272506259434046,27,0.00263671875
1000011011,7809,"[3, 0, 1, 2]",750,128.39579582214355,True,20.272506259434046,27,0.00263671875
1000011011,7810,"[3, 0, 2, 1]",6300,128.41439247131348,False,20.272506259434046,27,0.00263671875
1000011011,7811,"[3, 0, 1, 2]",750,128.42845916748047,True,20.272506259434046,27,0.00263671875
1000011011,7812,"[3, 0, 2, 1]",6300,128.4468173980713,False,20.272506259434046,27,0.00263671875
1000011011,7813,"[3, 0, 1, 2]",750,128.46064567565918,True,20.272506259434046,27,0.00263671875
1000011011,7814,"[3, 0, 2, 1]",6300,128.48949432373047,False,20.272506259434046,27,0.00263671875
1000011011,7815,"[3, 0, 1, 2]",750,128.50260734558105,True,20.272506259434046,27,0.00263671875
1000011011,7816,"[3, 0, 2, 1]",6300,128.52025032043457,False,20.272506259434046,27,0.00263671875
1000011011,7817,"[3, 0, 1, 2]",750,128.53336334228516,True,20.272506259434046,27,0.00263671875
1000011011,7818,"[3, 0, 2, 1]",6300,128.55124473571777,False,20.272506259434046,27,0.00263671875
1000011011,7819,"[3, 0, 1, 2]",750,128.56435775756836,True,20.272506259434046,27,0.00263671875
1000011011,7820,"[3, 0, 2, 1]",6300,128.58223915100098,False,20.272506259434046,27,0.00263671875
1000011011,7821,"[3, 0, 1, 2]",750,128.59535217285156,True,20.272506259434046,27,0.00263671875
1000011011,7822,"[3, 0, 2, 1]",6300,128.61323356628418,False,20.272506259434046,27,0.00263671875
1000011011,7823,"[3, 0, 1, 2]",750,128.62634658813477,True,20.272506259434046,27,0.00263671875
1000011011,7824,"[3, 0, 2, 1]",6300,128.6461353302002,False,20.272506259434046,27,0.00263671875
1000011011,7825,"[3, 0, 1, 2]",750,128.65900993347168,True,20.272506259434046,27,0.00263671875
1000011011,7826,"[3, 0, 2, 1]",6300,128.6764144897461,False,20.272506259434046,27,0.00263671875
1000011011,7827,"[3, 0, 1, 2]",750,128.68952751159668,True,20.272506259434046,27,0.00263671875
1000011011,7828,"[3, 0, 2, 1]",6300,128.7071704864502,False,20.272506259434046,27,0.00263671875
1000011011,7829,"[3, 0, 1, 2]",750,128.72028350830078,True,20.272506259434046,27,0.00263671875
1000011011,7830,"[3, 0, 2, 1]",6300,128.7379264831543,False,20.272506259434046,27,0.00263671875
1000011011,7831,"[3, 0, 1, 2]",750,128.7515163421631,True,20.272506259434046,27,0.00263671875
1000011011,7832,"[3, 0, 2, 1]",6300,128.77178192138672,False,20.272506259434046,27,0.00263671875
1000011011,7833,"[3, 0, 1, 2]",750,128.7851333618164,True,20.272506259434046,27,0.00263671875
0000000101,7834,"[3, 2, 1, 0]",9600,128.80301475524902,False,20.227644691705265,26,0.0025390625
0000000101,7835,"[3, 2, 1, 0]",9600,128.8168430328369,True,20.227644691705265,26,0.0025390625
0000000101,7836,"[3, 2, 1, 0]",9600,128.83448600769043,False,20.227644691705265,26,0.0025390625
0000000101,7837,"[3, 2, 1, 0]",9600,128.84807586669922,True,20.227644691705265,26,0.0025390625
0000000101,7838,"[3, 2, 1, 0]",9600,128.86548042297363,False,20.227644691705265,26,0.0025390625
0000000101,7839,"[3, 2, 1, 0]",9600,128.87883186340332,True,20.227644691705265,26,0.0025390625
0000000101,7840,"[3, 2, 1, 0]",9600,128.89647483825684,False,20.227644691705265,26,0.0025390625
0000000101,7841,"[3, 2, 1, 0]",9600,128.90958786010742,True,20.227644691705265,26,0.0025390625
0000000101,7842,"[3, 2, 1, 0]",9600,128.92651557922363,False,20.227644691705265,26,0.0025390625
0000000101,7843,"[3, 2, 1, 0]",9600,128.93986701965332,True,20.227644691705265,26,0.0025390625
0000000101,7844,"[3, 2, 1, 0]",9600,128.95917892456055,False,20.227644691705265,26,0.0025390625
0000000101,7845,"[3, 2, 1, 0]",9600,128.97229194641113,True,20.227644691705265,26,0.0025390625
0000000101,7846,"[3, 2, 1, 0]",9600,128.98969650268555,False,20.227644691705265,26,0.0025390625
0000000101,7847,"[3, 2, 1, 0]",9600,129.00257110595703,True,20.227644691705265,26,0.0025390625
0000000101,7848,"[3, 2, 1, 0]",9600,129.02021408081055,False,20.227644691705265,26,0.0025390625
0000000101,7849,"[3, 2, 1, 0]",9600,129.03308868408203,True,20.227644691705265,26,0.0025390625
0000000101,7850,"[3, 2, 1, 0]",9600,129.05073165893555,False,20.227644691705265,26,0.0025390625
0000000101,7851,"[3, 2, 1, 0]",9600,129.06360626220703,True,20.227644691705265,26,0.0025390625
0000000101,7852,"[3, 2, 1, 0]",9600,129.08124923706055,False,20.227644691705265,26,0.0025390625
0000000101,7853,"[3, 2, 1, 0]",9600,129.09388542175293,True,20.227644691705265,26,0.0025390625
0000000101,7854,"[3, 2, 1, 0]",9600,129.11152839660645,False,20.227644691705265,26,0.0025390625
0000000101,7855,"[3, 2, 1, 0]",9600,129.12416458129883,True,20.227644691705265,26,0.0025390625
0000000101,7856,"[3, 2, 1, 0]",9600,129.14156913757324,False,20.227644691705265,26,0.0025390625
0000000101,7857,"[3, 2, 1, 0]",9600,129.15468215942383,True,20.227644691705265,26,0.0025390625
0000000101,7858,"[3, 2, 1, 0]",9600,129.17208671569824,False,20.227644691705265,26,0.0025390625
0000000101,7859,"[3, 2, 1, 0]",9600,129.18543815612793,True,20.227644691705265,26,0.0025390625
0000000101,7860,"[3, 2, 1, 0]",9600,129.20308113098145,False,20.227644691705265,26,0.0025390625
0000000101,7861,"[3, 2, 1, 0]",9600,129.21619415283203,True,20.227644691705265,26,0.0025390625
0000000101,7862,"[3, 2, 1, 0]",9600,129.23383712768555,False,20.227644691705265,26,0.0025390625
0000000101,7863,"[3, 2, 1, 0]",9600,129.24718856811523,True,20.227644691705265,26,0.0025390625
0000000101,7864,"[3, 2, 1, 0]",9600,129.26506996154785,False,20.227644691705265,26,0.0025390625
0000000101,7865,"[3, 2, 1, 0]",9600,129.27818298339844,True,20.227644691705265,26,0.0025390625
0000000101,7866,"[3, 2, 1, 0]",9600,129.29725646972656,False,20.227644691705265,26,0.0025390625
0000000101,7867,"[3, 2, 1, 0]",9600,129.31036949157715,True,20.227644691705265,26,0.0025390625
0000000101,7868,"[3, 2, 1, 0]",9600,129.32801246643066,False,20.227644691705265,26,0.0025390625
0000000101,7869,"[3, 2, 1, 0]",9600,129.34112548828125,True,20.227644691705265,26,0.0025390625
0000000101,7870,"[3, 2, 1, 0]",9600,129.35853004455566,False,20.227644691705265,26,0.0025390625
0000000101,7871,"[3, 2, 1, 0]",9600,129.37164306640625,True,20.227644691705265,26,0.0025390625
0000000101,7872,"[3, 2, 1, 0]",9600,129.38928604125977,False,20.227644691705265,26,0.0025390625
0000000101,7873,"[3, 2, 1, 0]",9600,129.40216064453125,True,20.227644691705265,26,0.0025390625
0000000101,7874,"[3, 2, 1, 0]",9600,129.42004203796387,False,20.227644691705265,26,0.0025390625
0000000101,7875,"[3, 2, 1, 0]",9600,129.43339347839355,True,20.227644691705265,26,0.0025390625
0000000101,7876,"[3, 2, 1, 0]",9600,129.45103645324707,False,20.227644691705265,26,0.0025390625
0000000101,7877,"[3, 2, 1, 0]",9600,129.46462631225586,True,20.227644691705265,26,0.0025390625
0000000101,7878,"[3, 2, 1, 0]",9600,129.48203086853027,False,20.227644691705265,26,0.0025390625
0000000101,7879,"[3, 2, 1, 0]",9600,129.49514389038086,True,20.227644691705265,26,0.0025390625
0000000101,7880,"[3, 2, 1, 0]",9600,129.5144557952881,False,20.227644691705265,26,0.0025390625
0000000101,7881,"[3, 2, 1, 0]",9600,129.52780723571777,True,20.227644691705265,26,0.0025390625
0000000101,7882,"[3, 2, 1, 0]",9600,129.5454502105713,False,20.227644691705265,26,0.0025390625
0000000101,7883,"[3, 2, 1, 0]",9600,129.55808639526367,True,20.227644691705265,26,0.0025390625
0000000101,7884,"[3, 2, 1, 0]",9600,129.5773983001709,False,20.227644691705265,26,0.0025390625
0000000101,7885,"[3, 2, 1, 0]",9600,129.5909881591797,True,20.227644691705265,26,0.0025390625
1110000010,7886,"[0, 1, 3, 2]",465,129.6103000640869,False,12.383190649627178,26,0.0025390625
1110000010,7887,"[0, 1, 3, 2]",465,129.6241283416748,True,12.383190649627178,26,0.0025390625
1110000010,7888,"[0, 1, 3, 2]",465,129.64224815368652,False,12.383190649627178,26,0.0025390625
1110000010,7889,"[0, 1, 3, 2]",465,129.6553611755371,True,12.383190649627178,26,0.0025390625
1110000010,7890,"[0, 1, 3, 2]",465,129.67324256896973,False,12.383190649627178,26,0.0025390625
1110000010,7891,"[0, 1, 3, 2]",465,129.6861171722412,True,12.383190649627178,26,0.0025390625
1110000010,7892,"[0, 1, 3, 2]",465,129.70376014709473,False,12.383190649627178,26,0.0025390625
1110000010,7893,"[0, 1, 3, 2]",465,129.7168731689453,True,12.383190649627178,26,0.0025390625
1110000010,7894,"[0, 1, 3, 2]",465,129.73403930664062,False,12.383190649627178,26,0.0025390625
1110000010,7895,"[0, 1, 3, 2]",465,129.7471523284912,True,12.383190649627178,26,0.0025390625
1110000010,7896,"[0, 1, 3, 2]",465,129.76479530334473,False,12.383190649627178,26,0.0025390625
1110000010,7897,"[0, 1, 3, 2]",465,129.7781467437744,True,12.383190649627178,26,0.0025390625
1110000010,7898,"[0, 1, 3, 2]",465,129.79578971862793,False,12.383190649627178,26,0.0025390625
1110000010,7899,"[0, 1, 3, 2]",465,129.80890274047852,True,12.383190649627178,26,0.0025390625
1110000010,7900,"[0, 1, 3, 2]",465,129.82630729675293,False,12.383190649627178,26,0.0025390625
1110000010,7901,"[0, 1, 3, 2]",465,129.8391819000244,True,12.383190649627178,26,0.0025390625
1110000010,7902,"[0, 1, 3, 2]",465,129.87279891967773,False,12.383190649627178,26,0.0025390625
1110000010,7903,"[0, 1, 3, 2]",465,129.88638877868652,True,12.383190649627178,26,0.0025390625
1110000010,7904,"[0, 1, 3, 2]",465,129.90450859069824,False,12.383190649627178,26,0.0025390625
1110000010,7905,"[0, 1, 3, 2]",465,129.91809844970703,True,12.383190649627178,26,0.0025390625
1110000010,7906,"[0, 1, 3, 2]",465,129.93621826171875,False,12.383190649627178,26,0.0025390625
1110000010,7907,"[0, 1, 3, 2]",465,129.94980812072754,True,12.383190649627178,26,0.0025390625
1110000010,7908,"[0, 1, 3, 2]",465,129.98390197753906,False,12.383190649627178,26,0.0025390625
1110000010,7909,"[0, 1, 3, 2]",465,129.99796867370605,True,12.383190649627178,26,0.0025390625
1110000010,7910,"[0, 1, 3, 2]",465,130.02705574035645,False,12.383190649627178,26,0.0025390625
1110000010,7911,"[0, 1, 3, 2]",465,130.04159927368164,True,12.383190649627178,26,0.0025390625
1110000010,7912,"[0, 1, 3, 2]",465,130.07044792175293,False,12.383190649627178,26,0.0025390625
1110000010,7913,"[0, 1, 3, 2]",465,130.08475303649902,True,12.383190649627178,26,0.0025390625
1110000010,7914,"[0, 1, 3, 2]",465,130.1136016845703,False,12.383190649627178,26,0.0025390625
1110000010,7915,"[0, 1, 3, 2]",465,130.1276683807373,True,12.383190649627178,26,0.0025390625
1110000010,7916,"[0, 1, 3, 2]",465,130.1569938659668,False,12.383190649627178,26,0.0025390625
1110000010,7917,"[0, 1, 3, 2]",465,130.1710605621338,True,12.383190649627178,26,0.0025390625
1110000010,7918,"[0, 1, 3, 2]",465,130.19943237304688,False,12.383190649627178,26,0.0025390625
1110000010,7919,"[0, 1, 3, 2]",465,130.21349906921387,True,12.383190649627178,26,0.0025390625
1110000010,7920,"[0, 1, 3, 2]",465,130.24210929870605,False,12.383190649627178,26,0.0025390625
1110000010,7921,"[0, 1, 3, 2]",465,130.25593757629395,True,12.383190649627178,26,0.0025390625
1110000010,7922,"[0, 1, 3, 2]",465,130.28478622436523,False,12.383190649627178,26,0.0025390625
1110000010,7923,"[0, 1, 3, 2]",465,130.29885292053223,True,12.383190649627178,26,0.0025390625
1110000010,7924,"[0, 1, 3, 2]",465,130.32770156860352,False,12.383190649627178,26,0.0025390625
1110000010,7925,"[0, 1, 3, 2]",465,130.3415298461914,True,12.383190649627178,26,0.0025390625
1110000010,7926,"[0, 1, 3, 2]",465,130.3706169128418,False,12.383190649627178,26,0.0025390625
1110000010,7927,"[0, 1, 3, 2]",465,130.39493560791016,True,12.383190649627178,26,0.0025390625
1110000010,7928,"[0, 1, 3, 2]",465,130.4178237915039,False,12.383190649627178,26,0.0025390625
1110000010,7929,"[0, 1, 3, 2]",465,130.4314136505127,True,12.383190649627178,26,0.0025390625
1110000010,7930,"[0, 1, 3, 2]",465,130.45001029968262,False,12.383190649627178,26,0.0025390625
1110000010,7931,"[0, 1, 3, 2]",465,130.4640769958496,True,12.383190649627178,26,0.0025390625
1110000010,7932,"[0, 1, 3, 2]",465,130.48315048217773,False,12.383190649627178,26,0.0025390625
1110000010,7933,"[0, 1, 3, 2]",465,130.49674034118652,True,12.383190649627178,26,0.0025390625
1110000010,7934,"[0, 1, 3, 2]",465,130.51700592041016,False,12.383190649627178,26,0.0025390625
1110000010,7935,"[0, 1, 3, 2]",465,130.53035736083984,True,12.383190649627178,26,0.0025390625
1110000010,7936,"[0, 1, 3, 2]",465,130.54895401000977,False,12.383190649627178,26,0.0025390625
1110000010,7937,"[0, 1, 3, 2]",465,130.56254386901855,True,12.383190649627178,26,0.0025390625
1010001001,7938,"[3, 1, 0, 2]",900,130.58114051818848,False,44.34596167080477,26,0.0025390625
1010001001,7939,"[3, 1, 0, 2]",900,130.59544563293457,True,44.34596167080477,26,0.0025390625
1010001001,7940,"[3, 1, 0, 2]",900,130.6142807006836,False,44.34596167080477,26,0.0025390625
1010001001,7941,"[3, 1, 0, 2]",900,130.6283473968506,True,44.34596167080477,26,0.0025390625
1010001001,7942,"[3, 1, 0, 2]",900,130.6469440460205,False,44.34596167080477,26,0.0025390625
1010001001,7943,"[3, 1, 0, 2]",900,130.6610107421875,True,44.34596167080477,26,0.0025390625
1010001001,7944,"[3, 1, 0, 2]",900,130.67960739135742,False,44.34596167080477,26,0.0025390625
1010001001,7945,"[3, 1, 0, 2]",900,130.69391250610352,True,44.34596167080477,26,0.0025390625
1010001001,7946,"[3, 1, 0, 2]",900,130.71203231811523,False,44.34596167080477,26,0.0025390625
1010001001,7947,"[3, 1, 0, 2]",900,130.72609901428223,True,44.34596167080477,26,0.0025390625
1010001001,7948,"[3, 1, 0, 2]",900,130.74493408203125,False,44.34596167080477,26,0.0025390625
1010001001,7949,"[3, 1, 0, 2]",900,130.76066970825195,True,44.34596167080477,26,0.0025390625
1010001001,7950,"[3, 1, 0, 2]",900,130.78069686889648,False,44.34596167080477,26,0.0025390625
1010001001,7951,"[3, 1, 0, 2]",900,130.79476356506348,True,44.34596167080477,26,0.0025390625
1010001001,7952,"[3, 1, 0, 2]",900,130.8133602142334,False,44.34596167080477,26,0.0025390625
1010001001,7953,"[3, 1, 0, 2]",900,130.8271884918213,True,44.34596167080477,26,0.0025390625
1010001001,7954,"[3, 1, 0, 2]",900,130.8455467224121,False,44.34596167080477,26,0.0025390625
1010001001,7955,"[3, 1, 0, 2]",900,130.859375,True,44.34596167080477,26,0.0025390625
1010001001,7956,"[3, 1, 0, 2]",900,130.87821006774902,False,44.34596167080477,26,0.0025390625
1010001001,7957,"[3, 1, 0, 2]",900,130.8917999267578,True,44.34596167080477,26,0.0025390625
1010001001,7958,"[3, 1, 0, 2]",900,130.91015815734863,False,44.34596167080477,26,0.0025390625
1010001001,7959,"[3, 1, 0, 2]",900,130.92374801635742,True,44.34596167080477,26,0.0025390625
1010001001,7960,"[3, 1, 0, 2]",900,130.94186782836914,False,44.34596167080477,26,0.0025390625
1010001001,7961,"[3, 1, 0, 2]",900,130.95569610595703,True,44.34596167080477,26,0.0025390625
1010001001,7962,"[3, 1, 0, 2]",900,130.97381591796875,False,44.34596167080477,26,0.0025390625
1010001001,7963,"[3, 1, 0, 2]",900,130.98764419555664,True,44.34596167080477,26,0.0025390625
1010001001,7964,"[3, 1, 0, 2]",900,131.00576400756836,False,44.34596167080477,26,0.0025390625
1010001001,7965,"[3, 1, 0, 2]",900,131.01959228515625,True,44.34596167080477,26,0.0025390625
1010001001,7966,"[3, 1, 0, 2]",900,131.03795051574707,False,44.34596167080477,26,0.0025390625
1010001001,7967,"[3, 1, 0, 2]",900,131.05177879333496,True,44.34596167080477,26,0.0025390625
1010001001,7968,"[3, 1, 0, 2]",900,131.08038902282715,False,44.34596167080477,26,0.0025390625
1010001001,7969,"[3, 1, 0, 2]",900,131.09397888183594,True,44.34596167080477,26,0.0025390625
1010001001,7970,"[3, 1, 0, 2]",900,131.11329078674316,False,44.34596167080477,26,0.0025390625
1010001001,7971,"[3, 1, 0, 2]",900,131.12688064575195,True,44.34596167080477,26,0.0025390625
1010001001,7972,"[3, 1, 0, 2]",900,131.14452362060547,False,44.34596167080477,26,0.0025390625
1010001001,7973,"[3, 1, 0, 2]",900,131.15787506103516,True,44.34596167080477,26,0.0025390625
1010001001,7974,"[3, 1, 0, 2]",900,131.19101524353027,False,44.34596167080477,26,0.0025390625
1010001001,7975,"[3, 1, 0, 2]",900,131.20508193969727,True,44.34596167080477,26,0.0025390625
1010001001,7976,"[3, 1, 0, 2]",900,131.2234401702881,False,44.34596167080477,26,0.0025390625
1010001001,7977,"[3, 1, 0, 2]",900,131.23726844787598,True,44.34596167080477,26,0.0025390625
1010001001,7978,"[3, 1, 0, 2]",900,131.2556266784668,False,44.34596167080477,26,0.0025390625
1010001001,7979,"[3, 1, 0, 2]",900,131.2694549560547,True,44.34596167080477,26,0.0025390625
1010001001,7980,"[3, 1, 0, 2]",900,131.29830360412598,False,44.34596167080477,26,0.0025390625
1010001001,7981,"[3, 1, 0, 2]",900,131.31189346313477,True,44.34596167080477,26,0.0025390625
1010001001,7982,"[3, 1, 0, 2]",900,131.33001327514648,False,44.34596167080477,26,0.0025390625
1010001001,7983,"[3, 1, 0, 2]",900,131.34336471557617,True,44.34596167080477,26,0.0025390625
1010001001,7984,"[3, 1, 0, 2]",900,131.3629150390625,False,44.34596167080477,26,0.0025390625
1010001001,7985,"[3, 1, 0, 2]",900,131.3760280609131,True,44.34596167080477,26,0.0025390625
1010001001,7986,"[3, 1, 0, 2]",900,131.3936710357666,False,44.34596167080477,26,0.0025390625
1010001001,7987,"[3, 1, 0, 2]",900,131.4067840576172,True,44.34596167080477,26,0.0025390625
1010001001,7988,"[3, 1, 0, 2]",900,131.4244270324707,False,44.34596167080477,26,0.0025390625
1010001001,7989,"[3, 1, 0, 2]",900,131.4377784729004,True,44.34596167080477,26,0.0025390625
1101111101,7990,"[3, 2, 0, 1]",6600,131.4551830291748,False,33.91046069423251,26,0.0025390625
1101111101,7991,"[3, 2, 0, 1]",6600,131.4687728881836,True,33.91046069423251,26,0.0025390625
1101111101,7992,"[3, 2, 0, 1]",6600,131.48784637451172,False,33.91046069423251,26,0.0025390625
1101111101,7993,"[3, 2, 0, 1]",6600,131.5011978149414,True,33.91046069423251,26,0.0025390625
1101111101,7994,"[3, 2, 0, 1]",6600,131.51884078979492,False,33.91046069423251,26,0.0025390625
1101111101,7995,"[3, 2, 0, 1]",6600,131.5321922302246,True,33.91046069423251,26,0.0025390625
1101111101,7996,"[3, 2, 0, 1]",6600,131.54983520507812,False,33.91046069423251,26,0.0025390625
1101111101,7997,"[3, 2, 0, 1]",6600,131.5631866455078,True,33.91046069423251,26,0.0025390625
1101111101,7998,"[3, 2, 0, 1]",6600,131.58082962036133,False,33.91046069423251,26,0.0025390625
1101111101,7999,"[3, 2, 0, 1]",6600,131.5939426422119,True,33.91046069423251,26,0.0025390625
1101111101,8000,"[3, 2, 0, 1]",6600,131.61134719848633,False,33.91046069423251,26,0.0025390625
1101111101,8001,"[3, 2, 0, 1]",6600,131.6239833831787,True,33.91046069423251,26,0.0025390625
1101111101,8002,"[3, 2, 0, 1]",6600,131.64162635803223,False,33.91046069423251,26,0.0025390625
1101111101,8003,"[3, 2, 0, 1]",6600,131.6542625427246,True,33.91046069423251,26,0.0025390625
1101111101,8004,"[3, 2, 0, 1]",6600,131.67190551757812,False,33.91046069423251,26,0.0025390625
1101111101,8005,"[3, 2, 0, 1]",6600,131.6847801208496,True,33.91046069423251,26,0.0025390625
1101111101,8006,"[3, 2, 0, 1]",6600,131.70242309570312,False,33.91046069423251,26,0.0025390625
1101111101,8007,"[3, 2, 0, 1]",6600,131.7155361175537,True,33.91046069423251,26,0.0025390625
1101111101,8008,"[3, 2, 0, 1]",6600,131.73341751098633,False,33.91046069423251,26,0.0025390625
1101111101,8009,"[3, 2, 0, 1]",6600,131.7462921142578,True,33.91046069423251,26,0.0025390625
1101111101,8010,"[3, 2, 0, 1]",6600,131.76369667053223,False,33.91046069423251,26,0.0025390625
1101111101,8011,"[3, 2, 0, 1]",6600,131.7770481109619,True,33.91046069423251,26,0.0025390625
1101111101,8012,"[3, 2, 0, 1]",6600,131.79612159729004,False,33.91046069423251,26,0.0025390625
1101111101,8013,"[3, 2, 0, 1]",6600,131.80947303771973,True,33.91046069423251,26,0.0025390625
1101111101,8014,"[3, 2, 0, 1]",6600,131.82663917541504,False,33.91046069423251,26,0.0025390625
1101111101,8015,"[3, 2, 0, 1]",6600,131.84261322021484,True,33.91046069423251,26,0.0025390625
1101111101,8016,"[3, 2, 0, 1]",6600,131.86097145080566,False,33.91046069423251,26,0.0025390625
1101111101,8017,"[3, 2, 0, 1]",6600,131.89005851745605,True,33.91046069423251,26,0.0025390625
1101111101,8018,"[3, 2, 0, 1]",6600,131.90841674804688,False,33.91046069423251,26,0.0025390625
1101111101,8019,"[3, 2, 0, 1]",6600,131.92200660705566,True,33.91046069423251,26,0.0025390625
1101111101,8020,"[3, 2, 0, 1]",6600,131.9408416748047,False,33.91046069423251,26,0.0025390625
1101111101,8021,"[3, 2, 0, 1]",6600,131.95466995239258,True,33.91046069423251,26,0.0025390625
1101111101,8022,"[3, 2, 0, 1]",6600,131.9730281829834,False,33.91046069423251,26,0.0025390625
1101111101,8023,"[3, 2, 0, 1]",6600,131.9866180419922,True,33.91046069423251,26,0.0025390625
1101111101,8024,"[3, 2, 0, 1]",6600,132.004976272583,False,33.91046069423251,26,0.0025390625
1101111101,8025,"[3, 2, 0, 1]",6600,132.0183277130127,True,33.91046069423251,26,0.0025390625
1101111101,8026,"[3, 2, 0, 1]",6600,132.0364475250244,False,33.91046069423251,26,0.0025390625
1101111101,8027,"[3, 2, 0, 1]",6600,132.0500373840332,True,33.91046069423251,26,0.0025390625
1101111101,8028,"[3, 2, 0, 1]",6600,132.06815719604492,False,33.91046069423251,26,0.0025390625
1101111101,8029,"[3, 2, 0, 1]",6600,132.0817470550537,True,33.91046069423251,26,0.0025390625
1101111101,8030,"[3, 2, 0, 1]",6600,132.10058212280273,False,33.91046069423251,26,0.0025390625
1101111101,8031,"[3, 2, 0, 1]",6600,132.11393356323242,True,33.91046069423251,26,0.0025390625
1101111101,8032,"[3, 2, 0, 1]",6600,132.13658332824707,False,33.91046069423251,26,0.0025390625
1101111101,8033,"[3, 2, 0, 1]",6600,132.15088844299316,True,33.91046069423251,26,0.0025390625
1101111101,8034,"[3, 2, 0, 1]",6600,132.1711540222168,False,33.91046069423251,26,0.0025390625
1101111101,8035,"[3, 2, 0, 1]",6600,132.18450546264648,True,33.91046069423251,26,0.0025390625
1101111101,8036,"[3, 2, 0, 1]",6600,132.2031021118164,False,33.91046069423251,26,0.0025390625
1101111101,8037,"[3, 2, 0, 1]",6600,132.2164535522461,True,33.91046069423251,26,0.0025390625
1101111101,8038,"[3, 2, 0, 1]",6600,132.2348117828369,False,33.91046069423251,26,0.0025390625
1101111101,8039,"[3, 2, 0, 1]",6600,132.2481632232666,True,33.91046069423251,26,0.0025390625
1101111101,8040,"[3, 2, 0, 1]",6600,132.26675987243652,False,33.91046069423251,26,0.0025390625
1101111101,8041,"[3, 2, 0, 1]",6600,132.2801113128662,True,33.91046069423251,26,0.0025390625
0110110011,8042,"[2, 1, 0, 3]",600,132.29870796203613,False,11.874566250762008,26,0.0025390625
0110110011,8043,"[2, 1, 0, 3]",600,132.31348991394043,True,11.874566250762008,26,0.0025390625
0110110011,8044,"[2, 1, 0, 3]",600,132.33208656311035,False,11.874566250762008,26,0.0025390625
0110110011,8045,"[2, 1, 0, 3]",600,132.34710693359375,True,11.874566250762008,26,0.0025390625
0110110011,8046,"[2, 1, 0, 3]",600,132.36570358276367,False,11.874566250762008,26,0.0025390625
0110110011,8047,"[2, 1, 0, 3]",600,132.38000869750977,True,11.874566250762008,26,0.0025390625
0110110011,8048,"[2, 1, 0, 3]",600,132.4000358581543,False,11.874566250762008,26,0.0025390625
0110110011,8049,"[2, 1, 0, 3]",600,132.4141025543213,True,11.874566250762008,26,0.0025390625
0110110011,8050,"[2, 1, 0, 3]",600,132.432222366333,False,11.874566250762008,26,0.0025390625
0110110011,8051,"[2, 1, 0, 3]",600,132.4458122253418,True,11.874566250762008,26,0.0025390625
0110110011,8052,"[2, 1, 0, 3]",600,132.46440887451172,False,11.874566250762008,26,0.0025390625
0110110011,8053,"[2, 1, 0, 3]",600,132.4779987335205,True,11.874566250762008,26,0.0025390625
0110110011,8054,"[2, 1, 0, 3]",600,132.49802589416504,False,11.874566250762008,26,0.0025390625
0110110011,8055,"[2, 1, 0, 3]",600,132.51185417175293,True,11.874566250762008,26,0.0025390625
0110110011,8056,"[2, 1, 0, 3]",600,132.53045082092285,False,11.874566250762008,26,0.0025390625
0110110011,8057,"[2, 1, 0, 3]",600,132.54356384277344,True,11.874566250762008,26,0.0025390625
0110110011,8058,"[2, 1, 0, 3]",600,132.56216049194336,False,11.874566250762008,26,0.0025390625
0110110011,8059,"[2, 1, 0, 3]",600,132.57575035095215,True,11.874566250762008,26,0.0025390625
0110110011,8060,"[2, 1, 0, 3]",600,132.59387016296387,False,11.874566250762008,26,0.0025390625
0110110011,8061,"[2, 1, 0, 3]",600,132.60746002197266,True,11.874566250762008,26,0.0025390625
0110110011,8062,"[2, 1, 0, 3]",600,132.62581825256348,False,11.874566250762008,26,0.0025390625
0110110011,8063,"[2, 1, 0, 3]",600,132.63964653015137,True,11.874566250762008,26,0.0025390625
0110110011,8064,"[2, 1, 0, 3]",600,132.6577663421631,False,11.874566250762008,26,0.0025390625
0110110011,8065,"[2, 1, 0, 3]",600,132.67135620117188,True,11.874566250762008,26,0.0025390625
0110110011,8066,"[2, 1, 0, 3]",600,132.6894760131836,False,11.874566250762008,26,0.0025390625
0110110011,8067,"[2, 1, 0, 3]",600,132.70330429077148,True,11.874566250762008,26,0.0025390625
0110110011,8068,"[2, 1, 0, 3]",600,132.7216625213623,False,11.874566250762008,26,0.0025390625
0110110011,8069,"[2, 1, 0, 3]",600,132.7357292175293,True,11.874566250762008,26,0.0025390625
0110110011,8070,"[2, 1, 0, 3]",600,132.75408744812012,False,11.874566250762008,26,0.0025390625
0110110011,8071,"[2, 1, 0, 3]",600,132.767915725708,True,11.874566250762008,26,0.0025390625
0110110011,8072,"[2, 1, 0, 3]",600,132.78651237487793,False,11.874566250762008,26,0.0025390625
0110110011,8073,"[2, 1, 0, 3]",600,132.80081748962402,True,11.874566250762008,26,0.0025390625
0110110011,8074,"[2, 1, 0, 3]",600,132.81917572021484,False,11.874566250762008,26,0.0025390625
0110110011,8075,"[2, 1, 0, 3]",600,132.83324241638184,True,11.874566250762008,26,0.0025390625
0110110011,8076,"[2, 1, 0, 3]",600,132.85374641418457,False,11.874566250762008,26,0.0025390625
0110110011,8077,"[2, 1, 0, 3]",600,132.86781311035156,True,11.874566250762008,26,0.0025390625
0110110011,8078,"[2, 1, 0, 3]",600,132.88617134094238,False,11.874566250762008,26,0.0025390625
0110110011,8079,"[2, 1, 0, 3]",600,132.89999961853027,True,11.874566250762008,26,0.0025390625
0110110011,8080,"[2, 1, 0, 3]",600,132.9183578491211,False,11.874566250762008,26,0.0025390625
0110110011,8081,"[2, 1, 0, 3]",600,132.93218612670898,True,11.874566250762008,26,0.0025390625
0110110011,8082,"[2, 1, 0, 3]",600,132.951021194458,False,11.874566250762008,26,0.0025390625
0110110011,8083,"[2, 1, 0, 3]",600,132.9653263092041,True,11.874566250762008,26,0.0025390625
0110110011,8084,"[2, 1, 0, 3]",600,132.98702239990234,False,11.874566250762008,26,0.0025390625
0110110011,8085,"[2, 1, 0, 3]",600,133.00085067749023,True,11.874566250762008,26,0.0025390625
0110110011,8086,"[2, 1, 0, 3]",600,133.01992416381836,False,11.874566250762008,26,0.0025390625
0110110011,8087,"[2, 1, 0, 3]",600,133.03375244140625,True,11.874566250762008,26,0.0025390625
0110110011,8088,"[2, 1, 0, 3]",600,133.05234909057617,False,11.874566250762008,26,0.0025390625
0110110011,8089,"[2, 1, 0, 3]",600,133.06593894958496,True,11.874566250762008,26,0.0025390625
0110110011,8090,"[2, 1, 0, 3]",600,133.08453559875488,False,11.874566250762008,26,0.0025390625
0110110011,8091,"[2, 1, 0, 3]",600,133.10861587524414,True,11.874566250762008,26,0.0025390625
0110110011,8092,"[2, 1, 0, 3]",600,133.12625885009766,False,11.874566250762008,26,0.0025390625
0110110011,8093,"[2, 1, 0, 3]",600,133.13937187194824,True,11.874566250762008,26,0.0025390625
1000111111,8094,"[3, 2, 0, 1]",6600,133.15701484680176,False,22.879946239249122,25,0.00244140625
1000111111,8095,"[3, 2, 0, 1]",6600,133.17036628723145,True,22.879946239249122,25,0.00244140625
1000111111,8096,"[3, 2, 0, 1]",6600,133.18967819213867,False,22.879946239249122,25,0.00244140625
1000111111,8097,"[3, 2, 0, 1]",6600,133.20326805114746,True,22.879946239249122,25,0.00244140625
1000111111,8098,"[3, 2, 0, 1]",6600,133.22138786315918,False,22.879946239249122,25,0.00244140625
1000111111,8099,"[3, 2, 0, 1]",6600,133.23473930358887,True,22.879946239249122,25,0.00244140625
1000111111,8100,"[3, 2, 0, 1]",6600,133.25262069702148,False,22.879946239249122,25,0.00244140625
1000111111,8101,"[3, 2, 0, 1]",6600,133.26549530029297,True,22.879946239249122,25,0.00244140625
1000111111,8102,"[3, 2, 0, 1]",6600,133.28313827514648,False,22.879946239249122,25,0.00244140625
1000111111,8103,"[3, 2, 0, 1]",6600,133.29625129699707,True,22.879946239249122,25,0.00244140625
1000111111,8104,"[3, 2, 0, 1]",6600,133.31365585327148,False,22.879946239249122,25,0.00244140625
1000111111,8105,"[3, 2, 0, 1]",6600,133.32653045654297,True,22.879946239249122,25,0.00244140625
1000111111,8106,"[3, 2, 0, 1]",6600,133.34393501281738,False,22.879946239249122,25,0.00244140625
1000111111,8107,"[3, 2, 0, 1]",6600,133.35704803466797,True,22.879946239249122,25,0.00244140625
1000111111,8108,"[3, 2, 0, 1]",6600,133.37445259094238,False,22.879946239249122,25,0.00244140625
1000111111,8109,"[3, 2, 0, 1]",6600,133.38708877563477,True,22.879946239249122,25,0.00244140625
1000111111,8110,"[3, 2, 0, 1]",6600,133.40520858764648,False,22.879946239249122,25,0.00244140625
1000111111,8111,"[3, 2, 0, 1]",6600,133.41784477233887,True,22.879946239249122,25,0.00244140625
1000111111,8112,"[3, 2, 0, 1]",6600,133.43548774719238,False,22.879946239249122,25,0.00244140625
1000111111,8113,"[3, 2, 0, 1]",6600,133.44836235046387,True,22.879946239249122,25,0.00244140625
1000111111,8114,"[3, 2, 0, 1]",6600,133.46576690673828,False,22.879946239249122,25,0.00244140625
1000111111,8115,"[3, 2, 0, 1]",6600,133.47887992858887,True,22.879946239249122,25,0.00244140625
1000111111,8116,"[3, 2, 0, 1]",6600,133.49652290344238,False,22.879946239249122,25,0.00244140625
1000111111,8117,"[3, 2, 0, 1]",6600,133.50939750671387,True,22.879946239249122,25,0.00244140625
1000111111,8118,"[3, 2, 0, 1]",6600,133.5287094116211,False,22.879946239249122,25,0.00244140625
1000111111,8119,"[3, 2, 0, 1]",6600,133.54158401489258,True,22.879946239249122,25,0.00244140625
1000111111,8120,"[3, 2, 0, 1]",6600,133.5592269897461,False,22.879946239249122,25,0.00244140625
1000111111,8121,"[3, 2, 0, 1]",6600,133.57210159301758,True,22.879946239249122,25,0.00244140625
1000111111,8122,"[3, 2, 0, 1]",6600,133.589506149292,False,22.879946239249122,25,0.00244140625
1000111111,8123,"[3, 2, 0, 1]",6600,133.62526893615723,True,22.879946239249122,25,0.00244140625
1000111111,8124,"[3, 2, 0, 1]",6600,133.64338874816895,False,22.879946239249122,25,0.00244140625
1000111111,8125,"[3, 2, 0, 1]",6600,133.65697860717773,True,22.879946239249122,25,0.00244140625
1000111111,8126,"[3, 2, 0, 1]",6600,133.67486000061035,False,22.879946239249122,25,0.00244140625
1000111111,8127,"[3, 2, 0, 1]",6600,133.68797302246094,True,22.879946239249122,25,0.00244140625
1000111111,8128,"[3, 2, 0, 1]",6600,133.70537757873535,False,22.879946239249122,25,0.00244140625
1000111111,8129,"[3, 2, 0, 1]",6600,133.71825218200684,True,22.879946239249122,25,0.00244140625
1000111111,8130,"[3, 2, 0, 1]",6600,133.73565673828125,False,22.879946239249122,25,0.00244140625
1000111111,8131,"[3, 2, 0, 1]",6600,133.74829292297363,True,22.879946239249122,25,0.00244140625
1000111111,8132,"[3, 2, 0, 1]",6600,133.76569747924805,False,22.879946239249122,25,0.00244140625
1000111111,8133,"[3, 2, 0, 1]",6600,133.77881050109863,True,22.879946239249122,25,0.00244140625
1000111111,8134,"[3, 2, 0, 1]",6600,133.79669189453125,False,22.879946239249122,25,0.00244140625
1000111111,8135,"[3, 2, 0, 1]",6600,133.81004333496094,True,22.879946239249122,25,0.00244140625
1000111111,8136,"[3, 2, 0, 1]",6600,133.82959365844727,False,22.879946239249122,25,0.00244140625
1000111111,8137,"[3, 2, 0, 1]",6600,133.84270668029785,True,22.879946239249122,25,0.00244140625
1000111111,8138,"[3, 2, 0, 1]",6600,133.86154174804688,False,22.879946239249122,25,0.00244140625
1000111111,8139,"[3, 2, 0, 1]",6600,133.87465476989746,True,22.879946239249122,25,0.00244140625
1000111111,8140,"[3, 2, 0, 1]",6600,133.89253616333008,False,22.879946239249122,25,0.00244140625
1000111111,8141,"[3, 2, 0, 1]",6600,133.90517234802246,True,22.879946239249122,25,0.00244140625
1000111111,8142,"[3, 2, 0, 1]",6600,133.92281532287598,False,22.879946239249122,25,0.00244140625
1000111111,8143,"[3, 2, 0, 1]",6600,133.93521308898926,True,22.879946239249122,25,0.00244140625
0001110111,8144,"[2, 3, 1, 0]",9600,133.95285606384277,False,16.818167862867817,25,0.00244140625
0001110111,8145,"[2, 3, 1, 0]",9600,133.96596908569336,True,16.818167862867817,25,0.00244140625
0001110111,8146,"[2, 3, 1, 0]",9600,133.98337364196777,False,16.818167862867817,25,0.00244140625
0001110111,8147,"[2, 3, 1, 0]",9600,133.99624824523926,True,16.818167862867817,25,0.00244140625
0001110111,8148,"[2, 3, 1, 0]",9600,134.01389122009277,False,16.818167862867817,25,0.00244140625
0001110111,8149,"[2, 3, 1, 0]",9600,134.02700424194336,True,16.818167862867817,25,0.00244140625
0001110111,8150,"[2, 3, 1, 0]",9600,134.04440879821777,False,16.818167862867817,25,0.00244140625
0001110111,8151,"[2, 3, 1, 0]",9600,134.05752182006836,True,16.818167862867817,25,0.00244140625
0001110111,8152,"[2, 3, 1, 0]",9600,134.07468795776367,False,16.818167862867817,25,0.00244140625
0001110111,8153,"[2, 3, 1, 0]",9600,134.08756256103516,True,16.818167862867817,25,0.00244140625
0001110111,8154,"[2, 3, 1, 0]",9600,134.10472869873047,False,16.818167862867817,25,0.00244140625
0001110111,8155,"[2, 3, 1, 0]",9600,134.11760330200195,True,16.818167862867817,25,0.00244140625
0001110111,8156,"[2, 3, 1, 0]",9600,134.13476943969727,False,16.818167862867817,25,0.00244140625
0001110111,8157,"[2, 3, 1, 0]",9600,134.14764404296875,True,16.818167862867817,25,0.00244140625
0001110111,8158,"[2, 3, 1, 0]",9600,134.16576385498047,False,16.818167862867817,25,0.00244140625
0001110111,8159,"[2, 3, 1, 0]",9600,134.17863845825195,True,16.818167862867817,25,0.00244140625
0001110111,8160,"[2, 3, 1, 0]",9600,134.19842720031738,False,16.818167862867817,25,0.00244140625
0001110111,8161,"[2, 3, 1, 0]",9600,134.21130180358887,True,16.818167862867817,25,0.00244140625
0001110111,8162,"[2, 3, 1, 0]",9600,134.22870635986328,False,16.818167862867817,25,0.00244140625
0001110111,8163,"[2, 3, 1, 0]",9600,134.24134254455566,True,16.818167862867817,25,0.00244140625
0001110111,8164,"[2, 3, 1, 0]",9600,134.25922393798828,False,16.818167862867817,25,0.00244140625
0001110111,8165,"[2, 3, 1, 0]",9600,134.27162170410156,True,16.818167862867817,25,0.00244140625
0001110111,8166,"[2, 3, 1, 0]",9600,134.28902626037598,False,16.818167862867817,25,0.00244140625
0001110111,8167,"[2, 3, 1, 0]",9600,134.30190086364746,True,16.818167862867817,25,0.00244140625
0001110111,8168,"[2, 3, 1, 0]",9600,134.31906700134277,False,16.818167862867817,25,0.00244140625
0001110111,8169,"[2, 3, 1, 0]",9600,134.33218002319336,True,16.818167862867817,25,0.00244140625
0001110111,8170,"[2, 3, 1, 0]",9600,134.34958457946777,False,16.818167862867817,25,0.00244140625
0001110111,8171,"[2, 3, 1, 0]",9600,134.36245918273926,True,16.818167862867817,25,0.00244140625
0001110111,8172,"[2, 3, 1, 0]",9600,134.37986373901367,False,16.818167862867817,25,0.00244140625
0001110111,8173,"[2, 3, 1, 0]",9600,134.39321517944336,True,16.818167862867817,25,0.00244140625
0001110111,8174,"[2, 3, 1, 0]",9600,134.41061973571777,False,16.818167862867817,25,0.00244140625
0001110111,8175,"[2, 3, 1, 0]",9600,134.42349433898926,True,16.818167862867817,25,0.00244140625
0001110111,8176,"[2, 3, 1, 0]",9600,134.44066047668457,False,16.818167862867817,25,0.00244140625
0001110111,8177,"[2, 3, 1, 0]",9600,134.45329666137695,True,16.818167862867817,25,0.00244140625
0001110111,8178,"[2, 3, 1, 0]",9600,134.47093963623047,False,16.818167862867817,25,0.00244140625
0001110111,8179,"[2, 3, 1, 0]",9600,134.48381423950195,True,16.818167862867817,25,0.00244140625
0001110111,8180,"[2, 3, 1, 0]",9600,134.50312614440918,False,16.818167862867817,25,0.00244140625
0001110111,8181,"[2, 3, 1, 0]",9600,134.51576232910156,True,16.818167862867817,25,0.00244140625
0001110111,8182,"[2, 3, 1, 0]",9600,134.53364372253418,False,16.818167862867817,25,0.00244140625
0001110111,8183,"[2, 3, 1, 0]",9600,134.54627990722656,True,16.818167862867817,25,0.00244140625
0001110111,8184,"[2, 3, 1, 0]",9600,134.56439971923828,False,16.818167862867817,25,0.00244140625
0001110111,8185,"[2, 3, 1, 0]",9600,134.57727432250977,True,16.818167862867817,25,0.00244140625
0001110111,8186,"[2, 3, 1, 0]",9600,134.5968246459961,False,16.818167862867817,25,0.00244140625
0001110111,8187,"[2, 3, 1, 0]",9600,134.60946083068848,True,16.818167862867817,25,0.00244140625
0001110111,8188,"[2, 3, 1, 0]",9600,134.6268653869629,False,16.818167862867817,25,0.00244140625
0001110111,8189,"[2, 3, 1, 0]",9600,134.63950157165527,True,16.818167862867817,25,0.00244140625
0001110111,8190,"[2, 3, 1, 0]",9600,134.6569061279297,False,16.818167862867817,25,0.00244140625
0001110111,8191,"[2, 3, 1, 0]",9600,134.66954231262207,True,16.818167862867817,25,0.00244140625
0001110111,8192,"[2, 3, 1, 0]",9600,134.68694686889648,False,16.818167862867817,25,0.00244140625
0001110111,8193,"[2, 3, 1, 0]",9600,134.69958305358887,True,16.818167862867817,25,0.00244140625
1101100101,8194,"[0, 2, 3, 1]",6200,134.71746444702148,False,14.334275684199461,25,0.00244140625
1101100101,8195,"[0, 1, 2, 3]",315,134.73176956176758,True,14.334275684199461,25,0.00244140625
1101100101,8196,"[0, 2, 3, 1]",6200,134.7496509552002,False,14.334275684199461,25,0.00244140625
1101100101,8197,"[0, 1, 2, 3]",315,134.7634792327881,True,14.334275684199461,25,0.00244140625
1101100101,8198,"[0, 2, 3, 1]",6200,134.7811222076416,False,14.334275684199461,25,0.00244140625
1101100101,8199,"[0, 1, 2, 3]",315,134.7947120666504,True,14.334275684199461,25,0.00244140625
1101100101,8200,"[0, 2, 3, 1]",6200,134.8123550415039,False,14.334275684199461,25,0.00244140625
1101100101,8201,"[0, 1, 2, 3]",315,134.8259449005127,True,14.334275684199461,25,0.00244140625
1101100101,8202,"[0, 2, 3, 1]",6200,134.84525680541992,False,14.334275684199461,25,0.00244140625
1101100101,8203,"[0, 1, 2, 3]",315,134.8583698272705,True,14.334275684199461,25,0.00244140625
1101100101,8204,"[0, 2, 3, 1]",6200,134.87601280212402,False,14.334275684199461,25,0.00244140625
1101100101,8205,"[0, 1, 2, 3]",315,134.8891258239746,True,14.334275684199461,25,0.00244140625
1101100101,8206,"[0, 2, 3, 1]",6200,134.90676879882812,False,14.334275684199461,25,0.00244140625
1101100101,8207,"[0, 1, 2, 3]",315,134.9201202392578,True,14.334275684199461,25,0.00244140625
1101100101,8208,"[0, 2, 3, 1]",6200,134.93752479553223,False,14.334275684199461,25,0.00244140625
1101100101,8209,"[0, 1, 2, 3]",315,134.9506378173828,True,14.334275684199461,25,0.00244140625
1101100101,8210,"[0, 2, 3, 1]",6200,134.96851921081543,False,14.334275684199461,25,0.00244140625
1101100101,8211,"[0, 1, 2, 3]",315,134.98187065124512,True,14.334275684199461,25,0.00244140625
1101100101,8212,"[0, 2, 3, 1]",6200,134.99975204467773,False,14.334275684199461,25,0.00244140625
1101100101,8213,"[0, 1, 2, 3]",315,135.01334190368652,True,14.334275684199461,25,0.00244140625
1101100101,8214,"[0, 2, 3, 1]",6200,135.03098487854004,False,14.334275684199461,25,0.00244140625
1101100101,8215,"[0, 1, 2, 3]",315,135.04433631896973,True,14.334275684199461,25,0.00244140625
1101100101,8216,"[0, 2, 3, 1]",6200,135.06364822387695,False,14.334275684199461,25,0.00244140625
1101100101,8217,"[0, 1, 2, 3]",315,135.07676124572754,True,14.334275684199461,25,0.00244140625
1101100101,8218,"[0, 2, 3, 1]",6200,135.09440422058105,False,14.334275684199461,25,0.00244140625
1101100101,8219,"[0, 1, 2, 3]",315,135.10751724243164,True,14.334275684199461,25,0.00244140625
1101100101,8220,"[0, 2, 3, 1]",6200,135.12492179870605,False,14.334275684199461,25,0.00244140625
1101100101,8221,"[0, 1, 2, 3]",315,135.13827323913574,True,14.334275684199461,25,0.00244140625
1101100101,8222,"[0, 2, 3, 1]",6200,135.15758514404297,False,14.334275684199461,25,0.00244140625
1101100101,8223,"[0, 1, 2, 3]",315,135.17093658447266,True,14.334275684199461,25,0.00244140625
1101100101,8224,"[0, 2, 3, 1]",6200,135.18857955932617,False,14.334275684199461,25,0.00244140625
1101100101,8225,"[0, 1, 2, 3]",315,135.20169258117676,True,14.334275684199461,25,0.00244140625
1101100101,8226,"[0, 2, 3, 1]",6200,135.21909713745117,False,14.334275684199461,25,0.00244140625
1101100101,8227,"[0, 1, 2, 3]",315,135.23221015930176,True,14.334275684199461,25,0.00244140625
1101100101,8228,"[0, 2, 3, 1]",6200,135.24961471557617,False,14.334275684199461,25,0.00244140625
1101100101,8229,"[0, 1, 2, 3]",315,135.26272773742676,True,14.334275684199461,25,0.00244140625
1101100101,8230,"[0, 2, 3, 1]",6200,135.27989387512207,False,14.334275684199461,25,0.00244140625
1101100101,8231,"[0, 1, 2, 3]",315,135.29276847839355,True,14.334275684199461,25,0.00244140625
1101100101,8232,"[0, 2, 3, 1]",6200,135.31017303466797,False,14.334275684199461,25,0.00244140625
1101100101,8233,"[0, 1, 2, 3]",315,135.32328605651855,True,14.334275684199461,25,0.00244140625
1101100101,8234,"[0, 2, 3, 1]",6200,135.34140586853027,False,14.334275684199461,25,0.00244140625
1101100101,8235,"[0, 1, 2, 3]",315,135.35475730895996,True,14.334275684199461,25,0.00244140625
1101100101,8236,"[0, 2, 3, 1]",6200,135.3743076324463,False,14.334275684199461,25,0.00244140625
1101100101,8237,"[0, 1, 2, 3]",315,135.38718223571777,True,14.334275684199461,25,0.00244140625
1101100101,8238,"[0, 2, 3, 1]",6200,135.4048252105713,False,14.334275684199461,25,0.00244140625
1101100101,8239,"[0, 1, 2, 3]",315,135.41769981384277,True,14.334275684199461,25,0.00244140625
1101100101,8240,"[0, 2, 3, 1]",6200,135.4353427886963,False,14.334275684199461,25,0.00244140625
1101100101,8241,"[0, 1, 2, 3]",315,135.44869422912598,True,14.334275684199461,25,0.00244140625
1101100101,8242,"[0, 2, 3, 1]",6200,135.4663372039795,False,14.334275684199461,25,0.00244140625
1101100101,8243,"[0, 1, 2, 3]",315,135.47968864440918,True,14.334275684199461,25,0.00244140625
1010111011,8244,"[2, 3, 1, 0]",9600,135.4992389678955,False,41.72665288174647,25,0.00244140625
1010111011,8245,"[2, 3, 1, 0]",9600,135.5128288269043,True,41.72665288174647,25,0.00244140625
1010111011,8246,"[2, 3, 1, 0]",9600,135.5304718017578,False,41.72665288174647,25,0.00244140625
1010111011,8247,"[2, 3, 1, 0]",9600,135.5438232421875,True,41.72665288174647,25,0.00244140625
1010111011,8248,"[2, 3, 1, 0]",9600,135.56170463562012,False,41.72665288174647,25,0.00244140625
1010111011,8249,"[2, 3, 1, 0]",9600,135.5752944946289,True,41.72665288174647,25,0.00244140625
1010111011,8250,"[2, 3, 1, 0]",9600,135.59246063232422,False,41.72665288174647,25,0.00244140625
1010111011,8251,"[2, 3, 1, 0]",9600,135.6055736541748,True,41.72665288174647,25,0.00244140625
1010111011,8252,"[2, 3, 1, 0]",9600,135.62273979187012,False,41.72665288174647,25,0.00244140625
1010111011,8253,"[2, 3, 1, 0]",9600,135.6358528137207,True,41.72665288174647,25,0.00244140625
1010111011,8254,"[2, 3, 1, 0]",9600,135.65325736999512,False,41.72665288174647,25,0.00244140625
1010111011,8255,"[2, 3, 1, 0]",9600,135.6661319732666,True,41.72665288174647,25,0.00244140625
1010111011,8256,"[2, 3, 1, 0]",9600,135.6832981109619,False,41.72665288174647,25,0.00244140625
1010111011,8257,"[2, 3, 1, 0]",9600,135.6964111328125,True,41.72665288174647,25,0.00244140625
1010111011,8258,"[2, 3, 1, 0]",9600,135.7138156890869,False,41.72665288174647,25,0.00244140625
1010111011,8259,"[2, 3, 1, 0]",9600,135.7264518737793,True,41.72665288174647,25,0.00244140625
1010111011,8260,"[2, 3, 1, 0]",9600,135.7440948486328,False,41.72665288174647,25,0.00244140625
1010111011,8261,"[2, 3, 1, 0]",9600,135.7567310333252,True,41.72665288174647,25,0.00244140625
1010111011,8262,"[2, 3, 1, 0]",9600,135.7741355895996,False,41.72665288174647,25,0.00244140625
1010111011,8263,"[2, 3, 1, 0]",9600,135.7872486114502,True,41.72665288174647,25,0.00244140625
1010111011,8264,"[2, 3, 1, 0]",9600,135.80632209777832,False,41.72665288174647,25,0.00244140625
1010111011,8265,"[2, 3, 1, 0]",9600,135.8191967010498,True,41.72665288174647,25,0.00244140625
1010111011,8266,"[2, 3, 1, 0]",9600,135.83660125732422,False,41.72665288174647,25,0.00244140625
1010111011,8267,"[2, 3, 1, 0]",9600,135.85281372070312,True,41.72665288174647,25,0.00244140625
1010111011,8268,"[2, 3, 1, 0]",9600,135.87045669555664,False,41.72665288174647,25,0.00244140625
1010111011,8269,"[2, 3, 1, 0]",9600,135.88309288024902,True,41.72665288174647,25,0.00244140625
1010111011,8270,"[2, 3, 1, 0]",9600,135.90049743652344,False,41.72665288174647,25,0.00244140625
1010111011,8271,"[2, 3, 1, 0]",9600,135.91361045837402,True,41.72665288174647,25,0.00244140625
1010111011,8272,"[2, 3, 1, 0]",9600,135.93077659606934,False,41.72665288174647,25,0.00244140625
1010111011,8273,"[2, 3, 1, 0]",9600,135.94388961791992,True,41.72665288174647,25,0.00244140625
1010111011,8274,"[2, 3, 1, 0]",9600,135.96105575561523,False,41.72665288174647,25,0.00244140625
1010111011,8275,"[2, 3, 1, 0]",9600,135.97369194030762,True,41.72665288174647,25,0.00244140625
1010111011,8276,"[2, 3, 1, 0]",9600,135.99109649658203,False,41.72665288174647,25,0.00244140625
1010111011,8277,"[2, 3, 1, 0]",9600,136.00397109985352,True,41.72665288174647,25,0.00244140625
1010111011,8278,"[2, 3, 1, 0]",9600,136.02137565612793,False,41.72665288174647,25,0.00244140625
1010111011,8279,"[2, 3, 1, 0]",9600,136.0342502593994,True,41.72665288174647,25,0.00244140625
1010111011,8280,"[2, 3, 1, 0]",9600,136.05165481567383,False,41.72665288174647,25,0.00244140625
1010111011,8281,"[2, 3, 1, 0]",9600,136.0640525817871,True,41.72665288174647,25,0.00244140625
1010111011,8282,"[2, 3, 1, 0]",9600,136.08193397521973,False,41.72665288174647,25,0.00244140625
1010111011,8283,"[2, 3, 1, 0]",9600,136.094331741333,True,41.72665288174647,25,0.00244140625
1010111011,8284,"[2, 3, 1, 0]",9600,136.11388206481934,False,41.72665288174647,25,0.00244140625
1010111011,8285,"[2, 3, 1, 0]",9600,136.12723350524902,True,41.72665288174647,25,0.00244140625
1010111011,8286,"[2, 3, 1, 0]",9600,136.14797592163086,False,41.72665288174647,25,0.00244140625
1010111011,8287,"[2, 3, 1, 0]",9600,136.16061210632324,True,41.72665288174647,25,0.00244140625
1010111011,8288,"[2, 3, 1, 0]",9600,136.17801666259766,False,41.72665288174647,25,0.00244140625
1010111011,8289,"[2, 3, 1, 0]",9600,136.19065284729004,True,41.72665288174647,25,0.00244140625
1010111011,8290,"[2, 3, 1, 0]",9600,136.20829582214355,False,41.72665288174647,25,0.00244140625
1010111011,8291,"[2, 3, 1, 0]",9600,136.22117042541504,True,41.72665288174647,25,0.00244140625
1010111011,8292,"[2, 3, 1, 0]",9600,136.25502586364746,False,41.72665288174647,25,0.00244140625
1010111011,8293,"[2, 3, 1, 0]",9600,136.26837730407715,True,41.72665288174647,25,0.00244140625
1011001001,8294,"[1, 3, 0, 2]",900,136.28697395324707,False,29.37696980232058,25,0.00244140625
1011001001,8295,"[1, 0, 3, 2]",465,136.30151748657227,True,29.37696980232058,25,0.00244140625
1011001001,8296,"[1, 3, 0, 2]",900,136.3205909729004,False,29.37696980232058,25,0.00244140625
1011001001,8297,"[1, 0, 3, 2]",465,136.33465766906738,True,29.37696980232058,25,0.00244140625
1011001001,8298,"[1, 3, 0, 2]",900,136.3530158996582,False,29.37696980232058,25,0.00244140625
1011001001,8299,"[1, 0, 3, 2]",465,136.366605758667,True,29.37696980232058,25,0.00244140625
1011001001,8300,"[1, 3, 0, 2]",900,136.3847255706787,False,29.37696980232058,25,0.00244140625
1011001001,8301,"[1, 0, 3, 2]",465,136.3985538482666,True,29.37696980232058,25,0.00244140625
1011001001,8302,"[1, 3, 0, 2]",900,136.41691207885742,False,29.37696980232058,25,0.00244140625
1011001001,8303,"[1, 0, 3, 2]",465,136.4305019378662,True,29.37696980232058,25,0.00244140625
1011001001,8304,"[1, 3, 0, 2]",900,136.44909858703613,False,29.37696980232058,25,0.00244140625
1011001001,8305,"[1, 0, 3, 2]",465,136.46292686462402,True,29.37696980232058,25,0.00244140625
1011001001,8306,"[1, 3, 0, 2]",900,136.48319244384766,False,29.37696980232058,25,0.00244140625
1011001001,8307,"[1, 0, 3, 2]",465,136.49678230285645,True,29.37696980232058,25,0.00244140625
1011001001,8308,"[1, 3, 0, 2]",900,136.51514053344727,False,29.37696980232058,25,0.00244140625
1011001001,8309,"[1, 0, 3, 2]",465,136.52873039245605,True,29.37696980232058,25,0.00244140625
1011001001,8310,"[1, 3, 0, 2]",900,136.54732704162598,False,29.37696980232058,25,0.00244140625
1011001001,8311,"[1, 0, 3, 2]",465,136.56091690063477,True,29.37696980232058,25,0.00244140625
1011001001,8312,"[1, 3, 0, 2]",900,136.5792751312256,False,29.37696980232058,25,0.00244140625
1011001001,8313,"[1, 0, 3, 2]",465,136.59286499023438,True,29.37696980232058,25,0.00244140625
1011001001,8314,"[1, 3, 0, 2]",900,136.6109848022461,False,29.37696980232058,25,0.00244140625
1011001001,8315,"[1, 0, 3, 2]",465,136.62457466125488,True,29.37696980232058,25,0.00244140625
1011001001,8316,"[1, 3, 0, 2]",900,136.6426944732666,False,29.37696980232058,25,0.00244140625
1011001001,8317,"[1, 0, 3, 2]",465,136.6562843322754,True,29.37696980232058,25,0.00244140625
1011001001,8318,"[1, 3, 0, 2]",900,136.6744041442871,False,29.37696980232058,25,0.00244140625
1011001001,8319,"[1, 0, 3, 2]",465,136.688232421875,True,29.37696980232058,25,0.00244140625
1011001001,8320,"[1, 3, 0, 2]",900,136.70682907104492,False,29.37696980232058,25,0.00244140625
1011001001,8321,"[1, 0, 3, 2]",465,136.7208957672119,True,29.37696980232058,25,0.00244140625
1011001001,8322,"[1, 3, 0, 2]",900,136.73901557922363,False,29.37696980232058,25,0.00244140625
1011001001,8323,"[1, 0, 3, 2]",465,136.75260543823242,True,29.37696980232058,25,0.00244140625
1011001001,8324,"[1, 3, 0, 2]",900,136.77096366882324,False,29.37696980232058,25,0.00244140625
1011001001,8325,"[1, 0, 3, 2]",465,136.78479194641113,True,29.37696980232058,25,0.00244140625
1011001001,8326,"[1, 3, 0, 2]",900,136.80315017700195,False,29.37696980232058,25,0.00244140625
1011001001,8327,"[1, 0, 3, 2]",465,136.81697845458984,True,29.37696980232058,25,0.00244140625
1011001001,8328,"[1, 3, 0, 2]",900,136.83724403381348,False,29.37696980232058,25,0.00244140625
1011001001,8329,"[1, 0, 3, 2]",465,136.85083389282227,True,29.37696980232058,25,0.00244140625
1011001001,8330,"[1, 3, 0, 2]",900,136.8691921234131,False,29.37696980232058,25,0.00244140625
1011001001,8331,"[1, 0, 3, 2]",465,136.88278198242188,True,29.37696980232058,25,0.00244140625
1011001001,8332,"[1, 3, 0, 2]",900,136.9013786315918,False,29.37696980232058,25,0.00244140625
1011001001,8333,"[1, 0, 3, 2]",465,136.9149684906006,True,29.37696980232058,25,0.00244140625
1011001001,8334,"[1, 3, 0, 2]",900,136.9338035583496,False,29.37696980232058,25,0.00244140625
1011001001,8335,"[1, 0, 3, 2]",465,136.9478702545166,True,29.37696980232058,25,0.00244140625
1011001001,8336,"[1, 3, 0, 2]",900,136.96861267089844,False,29.37696980232058,25,0.00244140625
1011001001,8337,"[1, 0, 3, 2]",465,136.98220252990723,True,29.37696980232058,25,0.00244140625
1011001001,8338,"[1, 3, 0, 2]",900,137.00056076049805,False,29.37696980232058,25,0.00244140625
1011001001,8339,"[1, 0, 3, 2]",465,137.01415061950684,True,29.37696980232058,25,0.00244140625
1011001001,8340,"[1, 3, 0, 2]",900,137.03250885009766,False,29.37696980232058,25,0.00244140625
1011001001,8341,"[1, 0, 3, 2]",465,137.04609870910645,True,29.37696980232058,25,0.00244140625
1011001001,8342,"[1, 3, 0, 2]",900,137.06493377685547,False,29.37696980232058,25,0.00244140625
1011001001,8343,"[1, 0, 3, 2]",465,137.07852363586426,True,29.37696980232058,25,0.00244140625
0010110110,8344,"[2, 1, 3, 0]",9300,137.10665702819824,False,15.900011571152795,25,0.00244140625
0010110110,8345,"[2, 1, 0, 3]",600,137.12024688720703,True,15.900011571152795,25,0.00244140625
0010110110,8346,"[2, 1, 3, 0]",9300,137.13836669921875,False,15.900011571152795,25,0.00244140625
0010110110,8347,"[2, 1, 0, 3]",600,137.15219497680664,True,15.900011571152795,25,0.00244140625
0010110110,8348,"[2, 1, 3, 0]",9300,137.17198371887207,False,15.900011571152795,25,0.00244140625
0010110110,8349,"[2, 1, 0, 3]",600,137.18533515930176,True,15.900011571152795,25,0.00244140625
0010110110,8350,"[2, 1, 3, 0]",9300,137.20345497131348,False,15.900011571152795,25,0.00244140625
0010110110,8351,"[2, 1, 0, 3]",600,137.21656799316406,True,15.900011571152795,25,0.00244140625
0010110110,8352,"[2, 1, 3, 0]",9300,137.23468780517578,False,15.900011571152795,25,0.00244140625
0010110110,8353,"[2, 1, 0, 3]",600,137.24756240844727,True,15.900011571152795,25,0.00244140625
0010110110,8354,"[2, 1, 3, 0]",9300,137.26568222045898,False,15.900011571152795,25,0.00244140625
0010110110,8355,"[2, 1, 0, 3]",600,137.27879524230957,True,15.900011571152795,25,0.00244140625
0010110110,8356,"[2, 1, 3, 0]",9300,137.2964382171631,False,15.900011571152795,25,0.00244140625
0010110110,8357,"[2, 1, 0, 3]",600,137.30978965759277,True,15.900011571152795,25,0.00244140625
0010110110,8358,"[2, 1, 3, 0]",9300,137.3274326324463,False,15.900011571152795,25,0.00244140625
0010110110,8359,"[2, 1, 0, 3]",600,137.34054565429688,True,15.900011571152795,25,0.00244140625
0010110110,8360,"[2, 1, 3, 0]",9300,137.3586654663086,False,15.900011571152795,25,0.00244140625
0010110110,8361,"[2, 1, 0, 3]",600,137.37201690673828,True,15.900011571152795,25,0.00244140625
0010110110,8362,"[2, 1, 3, 0]",9300,137.3896598815918,False,15.900011571152795,25,0.00244140625
0010110110,8363,"[2, 1, 0, 3]",600,137.4194622039795,True,15.900011571152795,25,0.00244140625
0010110110,8364,"[2, 1, 3, 0]",9300,137.4380588531494,False,15.900011571152795,25,0.00244140625
0010110110,8365,"[2, 1, 0, 3]",600,137.4518871307373,True,15.900011571152795,25,0.00244140625
0010110110,8366,"[2, 1, 3, 0]",9300,137.4804973602295,False,15.900011571152795,25,0.00244140625
0010110110,8367,"[2, 1, 0, 3]",600,137.49361038208008,True,15.900011571152795,25,0.00244140625
0010110110,8368,"[2, 1, 3, 0]",9300,137.5114917755127,False,15.900011571152795,25,0.00244140625
0010110110,8369,"[2, 1, 0, 3]",600,137.52484321594238,True,15.900011571152795,25,0.00244140625
0010110110,8370,"[2, 1, 3, 0]",9300,137.5446319580078,False,15.900011571152795,25,0.00244140625
0010110110,8371,"[2, 1, 0, 3]",600,137.5577449798584,True,15.900011571152795,25,0.00244140625
0010110110,8372,"[2, 1, 3, 0]",9300,137.57562637329102,False,15.900011571152795,25,0.00244140625
0010110110,8373,"[2, 1, 0, 3]",600,137.5885009765625,True,15.900011571152795,25,0.00244140625
0010110110,8374,"[2, 1, 3, 0]",9300,137.60638236999512,False,15.900011571152795,25,0.00244140625
0010110110,8375,"[2, 1, 0, 3]",600,137.6197338104248,True,15.900011571152795,25,0.00244140625
0010110110,8376,"[2, 1, 3, 0]",9300,137.63737678527832,False,15.900011571152795,25,0.00244140625
0010110110,8377,"[2, 1, 0, 3]",600,137.6509666442871,True,15.900011571152795,25,0.00244140625
0010110110,8378,"[2, 1, 3, 0]",9300,137.66860961914062,False,15.900011571152795,25,0.00244140625
0010110110,8379,"[2, 1, 0, 3]",600,137.68243789672852,True,15.900011571152795,25,0.00244140625
0010110110,8380,"[2, 1, 3, 0]",9300,137.69984245300293,False,15.900011571152795,25,0.00244140625
0010110110,8381,"[2, 1, 0, 3]",600,137.71367073059082,True,15.900011571152795,25,0.00244140625
0010110110,8382,"[2, 1, 3, 0]",9300,137.74728775024414,False,15.900011571152795,25,0.00244140625
0010110110,8383,"[2, 1, 0, 3]",600,137.76159286499023,True,15.900011571152795,25,0.00244140625
0010110110,8384,"[2, 1, 3, 0]",9300,137.78185844421387,False,15.900011571152795,25,0.00244140625
0010110110,8385,"[2, 1, 0, 3]",600,137.79616355895996,True,15.900011571152795,25,0.00244140625
0010110110,8386,"[2, 1, 3, 0]",9300,137.8166675567627,False,15.900011571152795,25,0.00244140625
0010110110,8387,"[2, 1, 0, 3]",600,137.8307342529297,True,15.900011571152795,25,0.00244140625
0010110110,8388,"[2, 1, 3, 0]",9300,137.8493309020996,False,15.900011571152795,25,0.00244140625
0010110110,8389,"[2, 1, 0, 3]",600,137.8633975982666,True,15.900011571152795,25,0.00244140625
0010110110,8390,"[2, 1, 3, 0]",9300,137.88366317749023,False,15.900011571152795,25,0.00244140625
0010110110,8391,"[2, 1, 0, 3]",600,137.89749145507812,True,15.900011571152795,25,0.00244140625
0010110110,8392,"[2, 1, 3, 0]",9300,137.93182373046875,False,15.900011571152795,25,0.00244140625
0010110110,8393,"[2, 1, 0, 3]",600,137.94565200805664,True,15.900011571152795,25,0.00244140625
1100011000,8394,"[0, 3, 2, 1]",6300,137.96472549438477,False,15.430868751529296,25,0.00244140625
1100011000,8395,"[0, 1, 3, 2]",465,137.97950744628906,True,15.430868751529296,25,0.00244140625
1100011000,8396,"[0, 3, 2, 1]",6300,137.9988193511963,False,15.430868751529296,25,0.00244140625
1100011000,8397,"[0, 1, 3, 2]",465,138.01288604736328,True,15.430868751529296,25,0.00244140625
1100011000,8398,"[0, 3, 2, 1]",6300,138.0317211151123,False,15.430868751529296,25,0.00244140625
1100011000,8399,"[0, 1, 3, 2]",465,138.0457878112793,True,15.430868751529296,25,0.00244140625
1100011000,8400,"[0, 3, 2, 1]",6300,138.06486129760742,False,15.430868751529296,25,0.00244140625
1100011000,8401,"[0, 1, 3, 2]",465,138.0789279937744,True,15.430868751529296,25,0.00244140625
1100011000,8402,"[0, 3, 2, 1]",6300,138.09776306152344,False,15.430868751529296,25,0.00244140625
1100011000,8403,"[0, 1, 3, 2]",465,138.11182975769043,True,15.430868751529296,25,0.00244140625
1100011000,8404,"[0, 3, 2, 1]",6300,138.13066482543945,False,15.430868751529296,25,0.00244140625
1100011000,8405,"[0, 1, 3, 2]",465,138.14449310302734,True,15.430868751529296,25,0.00244140625
1100011000,8406,"[0, 3, 2, 1]",6300,138.16308975219727,False,15.430868751529296,25,0.00244140625
1100011000,8407,"[0, 1, 3, 2]",465,138.17691802978516,True,15.430868751529296,25,0.00244140625
1100011000,8408,"[0, 3, 2, 1]",6300,138.19503784179688,False,15.430868751529296,25,0.00244140625
1100011000,8409,"[0, 1, 3, 2]",465,138.20910453796387,True,15.430868751529296,25,0.00244140625
1100011000,8410,"[0, 3, 2, 1]",6300,138.228178024292,False,15.430868751529296,25,0.00244140625
1100011000,8411,"[0, 1, 3, 2]",465,138.24200630187988,True,15.430868751529296,25,0.00244140625
1100011000,8412,"[0, 3, 2, 1]",6300,138.26274871826172,False,15.430868751529296,25,0.00244140625
1100011000,8413,"[0, 1, 3, 2]",465,138.2768154144287,True,15.430868751529296,25,0.00244140625
1100011000,8414,"[0, 3, 2, 1]",6300,138.29541206359863,False,15.430868751529296,25,0.00244140625
1100011000,8415,"[0, 1, 3, 2]",465,138.30924034118652,True,15.430868751529296,25,0.00244140625
1100011000,8416,"[0, 3, 2, 1]",6300,138.32831382751465,False,15.430868751529296,25,0.00244140625
1100011000,8417,"[0, 1, 3, 2]",465,138.34214210510254,True,15.430868751529296,25,0.00244140625
1100011000,8418,"[0, 3, 2, 1]",6300,138.36073875427246,False,15.430868751529296,25,0.00244140625
1100011000,8419,"[0, 1, 3, 2]",465,138.37456703186035,True,15.430868751529296,25,0.00244140625
1100011000,8420,"[0, 3, 2, 1]",6300,138.39316368103027,False,15.430868751529296,25,0.00244140625
1100011000,8421,"[0, 1, 3, 2]",465,138.40699195861816,True,15.430868751529296,25,0.00244140625
1100011000,8422,"[0, 3, 2, 1]",6300,138.4258270263672,False,15.430868751529296,25,0.00244140625
1100011000,8423,"[0, 1, 3, 2]",465,138.43965530395508,True,15.430868751529296,25,0.00244140625
1100011000,8424,"[0, 3, 2, 1]",6300,138.458251953125,False,15.430868751529296,25,0.00244140625
1100011000,8425,"[0, 1, 3, 2]",465,138.4720802307129,True,15.430868751529296,25,0.00244140625
1100011000,8426,"[0, 3, 2, 1]",6300,138.4906768798828,False,15.430868751529296,25,0.00244140625
1100011000,8427,"[0, 1, 3, 2]",465,138.5049819946289,True,15.430868751529296,25,0.00244140625
1100011000,8428,"[0, 3, 2, 1]",6300,138.52381706237793,False,15.430868751529296,25,0.00244140625
1100011000,8429,"[0, 1, 3, 2]",465,138.53788375854492,True,15.430868751529296,25,0.00244140625
1100011000,8430,"[0, 3, 2, 1]",6300,138.55671882629395,False,15.430868751529296,25,0.00244140625
1100011000,8431,"[0, 1, 3, 2]",465,138.57126235961914,True,15.430868751529296,25,0.00244140625
1100011000,8432,"[0, 3, 2, 1]",6300,138.59176635742188,False,15.430868751529296,25,0.00244140625
1100011000,8433,"[0, 1, 3, 2]",465,138.60607147216797,True,15.430868751529296,25,0.00244140625
1100011000,8434,"[0, 3, 2, 1]",6300,138.6246681213379,False,15.430868751529296,25,0.00244140625
1100011000,8435,"[0, 1, 3, 2]",465,138.63873481750488,True,15.430868751529296,25,0.00244140625
1100011000,8436,"[0, 3, 2, 1]",6300,138.657808303833,False,15.430868751529296,25,0.00244140625
1100011000,8437,"[0, 1, 3, 2]",465,138.671875,True,15.430868751529296,25,0.00244140625
1100011000,8438,"[0, 3, 2, 1]",6300,138.69261741638184,False,15.430868751529296,25,0.00244140625
1100011000,8439,"[0, 1, 3, 2]",465,138.70644569396973,True,15.430868751529296,25,0.00244140625
1100011000,8440,"[0, 3, 2, 1]",6300,138.72528076171875,False,15.430868751529296,25,0.00244140625
1100011000,8441,"[0, 1, 3, 2]",465,138.73934745788574,True,15.430868751529296,25,0.00244140625
1100011000,8442,"[0, 3, 2, 1]",6300,138.75865936279297,False,15.430868751529296,25,0.00244140625
1100011000,8443,"[0, 1, 3, 2]",465,138.77248764038086,True,15.430868751529296,25,0.00244140625
1001001101,8444,"[3, 0, 1, 2]",750,138.79132270812988,False,14.869241326287305,25,0.00244140625
1001001101,8445,"[3, 0, 1, 2]",750,138.80586624145508,True,14.869241326287305,25,0.00244140625
1001001101,8446,"[3, 0, 1, 2]",750,138.8247013092041,False,14.869241326287305,25,0.00244140625
1001001101,8447,"[3, 0, 1, 2]",750,138.8387680053711,True,14.869241326287305,25,0.00244140625
1001001101,8448,"[3, 0, 1, 2]",750,138.85736465454102,False,14.869241326287305,25,0.00244140625
1001001101,8449,"[3, 0, 1, 2]",750,138.871431350708,True,14.869241326287305,25,0.00244140625
1001001101,8450,"[3, 0, 1, 2]",750,138.89050483703613,False,14.869241326287305,25,0.00244140625
1001001101,8451,"[3, 0, 1, 2]",750,138.90433311462402,True,14.869241326287305,25,0.00244140625
1001001101,8452,"[3, 0, 1, 2]",750,138.92316818237305,False,14.869241326287305,25,0.00244140625
1001001101,8453,"[3, 0, 1, 2]",750,138.93747329711914,True,14.869241326287305,25,0.00244140625
1001001101,8454,"[3, 0, 1, 2]",750,138.95845413208008,False,14.869241326287305,25,0.00244140625
1001001101,8455,"[3, 0, 1, 2]",750,138.97275924682617,True,14.869241326287305,25,0.00244140625
1001001101,8456,"[3, 0, 1, 2]",750,139.00184631347656,False,14.869241326287305,25,0.00244140625
1001001101,8457,"[3, 0, 1, 2]",750,139.01591300964355,True,14.869241326287305,25,0.00244140625
1001001101,8458,"[3, 0, 1, 2]",750,139.03403282165527,False,14.869241326287305,25,0.00244140625
1001001101,8459,"[3, 0, 1, 2]",750,139.04786109924316,True,14.869241326287305,25,0.00244140625
1001001101,8460,"[3, 0, 1, 2]",750,139.06598091125488,False,14.869241326287305,25,0.00244140625
1001001101,8461,"[3, 0, 1, 2]",750,139.07957077026367,True,14.869241326287305,25,0.00244140625
1001001101,8462,"[3, 0, 1, 2]",750,139.0976905822754,False,14.869241326287305,25,0.00244140625
1001001101,8463,"[3, 0, 1, 2]",750,139.11128044128418,True,14.869241326287305,25,0.00244140625
1001001101,8464,"[3, 0, 1, 2]",750,139.1294002532959,False,14.869241326287305,25,0.00244140625
1001001101,8465,"[3, 0, 1, 2]",750,139.1427516937256,True,14.869241326287305,25,0.00244140625
1001001101,8466,"[3, 0, 1, 2]",750,139.1613483428955,False,14.869241326287305,25,0.00244140625
1001001101,8467,"[3, 0, 1, 2]",750,139.1744613647461,True,14.869241326287305,25,0.00244140625
1001001101,8468,"[3, 0, 1, 2]",750,139.19329643249512,False,14.869241326287305,25,0.00244140625
1001001101,8469,"[3, 0, 1, 2]",750,139.2066478729248,True,14.869241326287305,25,0.00244140625
1001001101,8470,"[3, 0, 1, 2]",750,139.22500610351562,False,14.869241326287305,25,0.00244140625
1001001101,8471,"[3, 0, 1, 2]",750,139.26196098327637,True,14.869241326287305,25,0.00244140625
1001001101,8472,"[3, 0, 1, 2]",750,139.2807960510254,False,14.869241326287305,25,0.00244140625
1001001101,8473,"[3, 0, 1, 2]",750,139.29462432861328,True,14.869241326287305,25,0.00244140625
1001001101,8474,"[3, 0, 1, 2]",750,139.31512832641602,False,14.869241326287305,25,0.00244140625
1001001101,8475,"[3, 0, 1, 2]",750,139.3287181854248,True,14.869241326287305,25,0.00244140625
1001001101,8476,"[3, 0, 1, 2]",750,139.34755325317383,False,14.869241326287305,25,0.00244140625
1001001101,8477,"[3, 0, 1, 2]",750,139.36090469360352,True,14.869241326287305,25,0.00244140625
1001001101,8478,"[3, 0, 1, 2]",750,139.37973976135254,False,14.869241326287305,25,0.00244140625
1001001101,8479,"[3, 0, 1, 2]",750,139.39309120178223,True,14.869241326287305,25,0.00244140625
1001001101,8480,"[3, 0, 1, 2]",750,139.4214630126953,False,14.869241326287305,25,0.00244140625
1001001101,8481,"[3, 0, 1, 2]",750,139.4340991973877,True,14.869241326287305,25,0.00244140625
1001001101,8482,"[3, 0, 1, 2]",750,139.4517421722412,False,14.869241326287305,25,0.00244140625
1001001101,8483,"[3, 0, 1, 2]",750,139.4648551940918,True,14.869241326287305,25,0.00244140625
1001001101,8484,"[3, 0, 1, 2]",750,139.4824981689453,False,14.869241326287305,25,0.00244140625
1001001101,8485,"[3, 0, 1, 2]",750,139.495849609375,True,14.869241326287305,25,0.00244140625
1001001101,8486,"[3, 0, 1, 2]",750,139.51396942138672,False,14.869241326287305,25,0.00244140625
1001001101,8487,"[3, 0, 1, 2]",750,139.5273208618164,True,14.869241326287305,25,0.00244140625
1001001101,8488,"[3, 0, 1, 2]",750,139.54710960388184,False,14.869241326287305,25,0.00244140625
1001001101,8489,"[3, 0, 1, 2]",750,139.55998420715332,True,14.869241326287305,25,0.00244140625
1001001101,8490,"[3, 0, 1, 2]",750,139.57786560058594,False,14.869241326287305,25,0.00244140625
1001001101,8491,"[3, 0, 1, 2]",750,139.59097862243652,True,14.869241326287305,25,0.00244140625
1001001101,8492,"[3, 0, 1, 2]",750,139.60886001586914,False,14.869241326287305,25,0.00244140625
1001001101,8493,"[3, 0, 1, 2]",750,139.62173461914062,True,14.869241326287305,25,0.00244140625
0100100000,8494,"[2, 0, 3, 1]",6200,139.63937759399414,False,14.69267904961742,25,0.00244140625
0100100000,8495,"[2, 0, 1, 3]",500,139.65296745300293,True,14.69267904961742,25,0.00244140625
0100100000,8496,"[2, 0, 3, 1]",6200,139.67323303222656,False,14.69267904961742,25,0.00244140625
0100100000,8497,"[2, 0, 1, 3]",500,139.68658447265625,True,14.69267904961742,25,0.00244140625
0100100000,8498,"[2, 0, 3, 1]",6200,139.70422744750977,False,14.69267904961742,25,0.00244140625
0100100000,8499,"[2, 0, 1, 3]",500,139.71734046936035,True,14.69267904961742,25,0.00244140625
0100100000,8500,"[2, 0, 3, 1]",6200,139.73522186279297,False,14.69267904961742,25,0.00244140625
0100100000,8501,"[2, 0, 1, 3]",500,139.74833488464355,True,14.69267904961742,25,0.00244140625
0100100000,8502,"[2, 0, 3, 1]",6200,139.76597785949707,False,14.69267904961742,25,0.00244140625
0100100000,8503,"[2, 0, 1, 3]",500,139.77861404418945,True,14.69267904961742,25,0.00244140625
0100100000,8504,"[2, 0, 3, 1]",6200,139.79673385620117,False,14.69267904961742,25,0.00244140625
0100100000,8505,"[2, 0, 1, 3]",500,139.80937004089355,True,14.69267904961742,25,0.00244140625
0100100000,8506,"[2, 0, 3, 1]",6200,139.82677459716797,False,14.69267904961742,25,0.00244140625
0100100000,8507,"[2, 0, 1, 3]",500,139.84251022338867,True,14.69267904961742,25,0.00244140625
0100100000,8508,"[2, 0, 3, 1]",6200,139.8611068725586,False,14.69267904961742,25,0.00244140625
0100100000,8509,"[2, 0, 1, 3]",500,139.87398147583008,True,14.69267904961742,25,0.00244140625
0100100000,8510,"[2, 0, 3, 1]",6200,139.8918628692627,False,14.69267904961742,25,0.00244140625
0100100000,8511,"[2, 0, 1, 3]",500,139.90473747253418,True,14.69267904961742,25,0.00244140625
0100100000,8512,"[2, 0, 3, 1]",6200,139.9383544921875,False,14.69267904961742,25,0.00244140625
0100100000,8513,"[2, 0, 1, 3]",500,139.9519443511963,True,14.69267904961742,25,0.00244140625
0100100000,8514,"[2, 0, 3, 1]",6200,139.9705410003662,False,14.69267904961742,25,0.00244140625
0100100000,8515,"[2, 0, 1, 3]",500,139.9846076965332,True,14.69267904961742,25,0.00244140625
0100100000,8516,"[2, 0, 3, 1]",6200,140.00511169433594,False,14.69267904961742,25,0.00244140625
0100100000,8517,"[2, 0, 1, 3]",500,140.01893997192383,True,14.69267904961742,25,0.00244140625
0100100000,8518,"[2, 0, 3, 1]",6200,140.03729820251465,False,14.69267904961742,25,0.00244140625
0100100000,8519,"[2, 0, 1, 3]",500,140.05112648010254,True,14.69267904961742,25,0.00244140625
0100100000,8520,"[2, 0, 3, 1]",6200,140.06948471069336,False,14.69267904961742,25,0.00244140625
0100100000,8521,"[2, 0, 1, 3]",500,140.08307456970215,True,14.69267904961742,25,0.00244140625
0100100000,8522,"[2, 0, 3, 1]",6200,140.10143280029297,False,14.69267904961742,25,0.00244140625
0100100000,8523,"[2, 0, 1, 3]",500,140.11478424072266,True,14.69267904961742,25,0.00244140625
0100100000,8524,"[2, 0, 3, 1]",6200,140.13314247131348,False,14.69267904961742,25,0.00244140625
0100100000,8525,"[2, 0, 1, 3]",500,140.14649391174316,True,14.69267904961742,25,0.00244140625
0100100000,8526,"[2, 0, 3, 1]",6200,140.1650905609131,False,14.69267904961742,25,0.00244140625
0100100000,8527,"[2, 0, 1, 3]",500,140.17868041992188,True,14.69267904961742,25,0.00244140625
0100100000,8528,"[2, 0, 3, 1]",6200,140.1972770690918,False,14.69267904961742,25,0.00244140625
0100100000,8529,"[2, 0, 1, 3]",500,140.2111053466797,True,14.69267904961742,25,0.00244140625
0100100000,8530,"[2, 0, 3, 1]",6200,140.2297019958496,False,14.69267904961742,25,0.00244140625
0100100000,8531,"[2, 0, 1, 3]",500,140.2435302734375,True,14.69267904961742,25,0.00244140625
0100100000,8532,"[2, 0, 3, 1]",6200,140.26236534118652,False,14.69267904961742,25,0.00244140625
0100100000,8533,"[2, 0, 1, 3]",500,140.2759552001953,True,14.69267904961742,25,0.00244140625
0100100000,8534,"[2, 0, 3, 1]",6200,140.29455184936523,False,14.69267904961742,25,0.00244140625
0100100000,8535,"[2, 0, 1, 3]",500,140.30814170837402,True,14.69267904961742,25,0.00244140625
0100100000,8536,"[2, 0, 3, 1]",6200,140.32888412475586,False,14.69267904961742,25,0.00244140625
0100100000,8537,"[2, 0, 1, 3]",500,140.34318923950195,True,14.69267904961742,25,0.00244140625
0100100000,8538,"[2, 0, 3, 1]",6200,140.3639316558838,False,14.69267904961742,25,0.00244140625
0100100000,8539,"[2, 0, 1, 3]",500,140.37752151489258,True,14.69267904961742,25,0.00244140625
0100100000,8540,"[2, 0, 3, 1]",6200,140.3963565826416,False,14.69267904961742,25,0.00244140625
0100100000,8541,"[2, 0, 1, 3]",500,140.4101848602295,True,14.69267904961742,25,0.00244140625
0100100000,8542,"[2, 0, 3, 1]",6200,140.42901992797852,False,14.69267904961742,25,0.00244140625
0100100000,8543,"[2, 0, 1, 3]",500,140.4430866241455,True,14.69267904961742,25,0.00244140625
1101101111,8544,"[3, 0, 2, 1]",6300,140.46144485473633,False,20.75766101326228,25,0.00244140625
1101101111,8545,"[3, 0, 1, 2]",750,140.47574996948242,True,20.75766101326228,25,0.00244140625
1101101111,8546,"[3, 0, 2, 1]",6300,140.49410820007324,False,20.75766101326228,25,0.00244140625
1101101111,8547,"[3, 0, 1, 2]",750,140.50865173339844,True,20.75766101326228,25,0.00244140625
1101101111,8548,"[3, 0, 2, 1]",6300,140.52700996398926,False,20.75766101326228,25,0.00244140625
1101101111,8549,"[3, 0, 1, 2]",750,140.54179191589355,True,20.75766101326228,25,0.00244140625
1101101111,8550,"[3, 0, 2, 1]",6300,140.56015014648438,False,20.75766101326228,25,0.00244140625
1101101111,8551,"[3, 0, 1, 2]",750,140.57421684265137,True,20.75766101326228,25,0.00244140625
1101101111,8552,"[3, 0, 2, 1]",6300,140.5942440032959,False,20.75766101326228,25,0.00244140625
1101101111,8553,"[3, 0, 1, 2]",750,140.6078338623047,True,20.75766101326228,25,0.00244140625
1101101111,8554,"[3, 0, 2, 1]",6300,140.6264305114746,False,20.75766101326228,25,0.00244140625
1101101111,8555,"[3, 0, 1, 2]",750,140.6402587890625,True,20.75766101326228,25,0.00244140625
1101101111,8556,"[3, 0, 2, 1]",6300,140.65885543823242,False,20.75766101326228,25,0.00244140625
1101101111,8557,"[3, 0, 1, 2]",750,140.6729221343994,True,20.75766101326228,25,0.00244140625
1101101111,8558,"[3, 0, 2, 1]",6300,140.69318771362305,False,20.75766101326228,25,0.00244140625
1101101111,8559,"[3, 0, 1, 2]",750,140.70677757263184,True,20.75766101326228,25,0.00244140625
1101101111,8560,"[3, 0, 2, 1]",6300,140.72513580322266,False,20.75766101326228,25,0.00244140625
1101101111,8561,"[3, 0, 1, 2]",750,140.73848724365234,True,20.75766101326228,25,0.00244140625
1101101111,8562,"[3, 0, 2, 1]",6300,140.75684547424316,False,20.75766101326228,25,0.00244140625
1101101111,8563,"[3, 0, 1, 2]",750,140.77043533325195,True,20.75766101326228,25,0.00244140625
1101101111,8564,"[3, 0, 2, 1]",6300,140.78974723815918,False,20.75766101326228,25,0.00244140625
1101101111,8565,"[3, 0, 1, 2]",750,140.80333709716797,True,20.75766101326228,25,0.00244140625
1101101111,8566,"[3, 0, 2, 1]",6300,140.8219337463379,False,20.75766101326228,25,0.00244140625
1101101111,8567,"[3, 0, 1, 2]",750,140.83552360534668,True,20.75766101326228,25,0.00244140625
1101101111,8568,"[3, 0, 2, 1]",6300,140.8541202545166,False,20.75766101326228,25,0.00244140625
1101101111,8569,"[3, 0, 1, 2]",750,140.8679485321045,True,20.75766101326228,25,0.00244140625
1101101111,8570,"[3, 0, 2, 1]",6300,140.88678359985352,False,20.75766101326228,25,0.00244140625
1101101111,8571,"[3, 0, 1, 2]",750,140.9008502960205,True,20.75766101326228,25,0.00244140625
1101101111,8572,"[3, 0, 2, 1]",6300,140.91968536376953,False,20.75766101326228,25,0.00244140625
1101101111,8573,"[3, 0, 1, 2]",750,140.93375205993652,True,20.75766101326228,25,0.00244140625
1101101111,8574,"[3, 0, 2, 1]",6300,140.95211029052734,False,20.75766101326228,25,0.00244140625
1101101111,8575,"[3, 0, 1, 2]",750,140.96570014953613,True,20.75766101326228,25,0.00244140625
1101101111,8576,"[3, 0, 2, 1]",6300,140.98429679870605,False,20.75766101326228,25,0.00244140625
1101101111,8577,"[3, 0, 1, 2]",750,140.99836349487305,True,20.75766101326228,25,0.00244140625
1101101111,8578,"[3, 0, 2, 1]",6300,141.01696014404297,False,20.75766101326228,25,0.00244140625
1101101111,8579,"[3, 0, 1, 2]",750,141.03078842163086,True,20.75766101326228,25,0.00244140625
1101101111,8580,"[3, 0, 2, 1]",6300,141.0515308380127,False,20.75766101326228,25,0.00244140625
1101101111,8581,"[3, 0, 1, 2]",750,141.06512069702148,True,20.75766101326228,25,0.00244140625
1101101111,8582,"[3, 0, 2, 1]",6300,141.0837173461914,False,20.75766101326228,25,0.00244140625
1101101111,8583,"[3, 0, 1, 2]",750,141.0975456237793,True,20.75766101326228,25,0.00244140625
1101101111,8584,"[3, 0, 2, 1]",6300,141.11638069152832,False,20.75766101326228,25,0.00244140625
1101101111,8585,"[3, 0, 1, 2]",750,141.1299705505371,True,20.75766101326228,25,0.00244140625
1101101111,8586,"[3, 0, 2, 1]",6300,141.1590576171875,False,20.75766101326228,25,0.00244140625
1101101111,8587,"[3, 0, 1, 2]",750,141.1728858947754,True,20.75766101326228,25,0.00244140625
1101101111,8588,"[3, 0, 2, 1]",6300,141.19267463684082,False,20.75766101326228,25,0.00244140625
1101101111,8589,"[3, 0, 1, 2]",750,141.2053108215332,True,20.75766101326228,25,0.00244140625
1101101111,8590,"[3, 0, 2, 1]",6300,141.22343063354492,False,20.75766101326228,25,0.00244140625
1101101111,8591,"[3, 0, 1, 2]",750,141.2360668182373,True,20.75766101326228,25,0.00244140625
1101101111,8592,"[3, 0, 2, 1]",6300,141.25370979309082,False,20.75766101326228,25,0.00244140625
1101101111,8593,"[3, 0, 1, 2]",750,141.2665843963623,True,20.75766101326228,25,0.00244140625
1000010001,8594,"[0, 2, 3, 1]",6200,141.28422737121582,False,17.090619058289455,24,0.00234375
1000010001,8595,"[0, 1, 2, 3]",315,141.2975788116455,True,17.090619058289455,24,0.00234375
1000010001,8596,"[0, 2, 3, 1]",6200,141.31546020507812,False,17.090619058289455,24,0.00234375
1000010001,8597,"[0, 1, 2, 3]",315,141.3288116455078,True,17.090619058289455,24,0.00234375
1000010001,8598,"[0, 2, 3, 1]",6200,141.34645462036133,False,17.090619058289455,24,0.00234375
1000010001,8599,"[0, 1, 2, 3]",315,141.35980606079102,True,17.090619058289455,24,0.00234375
1000010001,8600,"[0, 2, 3, 1]",6200,141.37959480285645,False,17.090619058289455,24,0.00234375
1000010001,8601,"[0, 1, 2, 3]",315,141.39294624328613,True,17.090619058289455,24,0.00234375
1000010001,8602,"[0, 2, 3, 1]",6200,141.41035079956055,False,17.090619058289455,24,0.00234375
1000010001,8603,"[0, 1, 2, 3]",315,141.42370223999023,True,17.090619058289455,24,0.00234375
1000010001,8604,"[0, 2, 3, 1]",6200,141.44134521484375,False,17.090619058289455,24,0.00234375
1000010001,8605,"[0, 1, 2, 3]",315,141.45421981811523,True,17.090619058289455,24,0.00234375
1000010001,8606,"[0, 2, 3, 1]",6200,141.47162437438965,False,17.090619058289455,24,0.00234375
1000010001,8607,"[0, 1, 2, 3]",315,141.48473739624023,True,17.090619058289455,24,0.00234375
1000010001,8608,"[0, 2, 3, 1]",6200,141.50238037109375,False,17.090619058289455,24,0.00234375
1000010001,8609,"[0, 1, 2, 3]",315,141.51549339294434,True,17.090619058289455,24,0.00234375
1000010001,8610,"[0, 2, 3, 1]",6200,141.53313636779785,False,17.090619058289455,24,0.00234375
1000010001,8611,"[0, 1, 2, 3]",315,141.54624938964844,True,17.090619058289455,24,0.00234375
1000010001,8612,"[0, 2, 3, 1]",6200,141.56389236450195,False,17.090619058289455,24,0.00234375
1000010001,8613,"[0, 1, 2, 3]",315,141.57652854919434,True,17.090619058289455,24,0.00234375
1000010001,8614,"[0, 2, 3, 1]",6200,141.59417152404785,False,17.090619058289455,24,0.00234375
1000010001,8615,"[0, 1, 2, 3]",315,141.60728454589844,True,17.090619058289455,24,0.00234375
1000010001,8616,"[0, 2, 3, 1]",6200,141.62492752075195,False,17.090619058289455,24,0.00234375
1000010001,8617,"[0, 1, 2, 3]",315,141.63780212402344,True,17.090619058289455,24,0.00234375
1000010001,8618,"[0, 2, 3, 1]",6200,141.65544509887695,False,17.090619058289455,24,0.00234375
1000010001,8619,"[0, 1, 2, 3]",315,141.66831970214844,True,17.090619058289455,24,0.00234375
1000010001,8620,"[0, 2, 3, 1]",6200,141.68620109558105,False,17.090619058289455,24,0.00234375
1000010001,8621,"[0, 1, 2, 3]",315,141.69907569885254,True,17.090619058289455,24,0.00234375
1000010001,8622,"[0, 2, 3, 1]",6200,141.71838760375977,False,17.090619058289455,24,0.00234375
1000010001,8623,"[0, 1, 2, 3]",315,141.73173904418945,True,17.090619058289455,24,0.00234375
1000010001,8624,"[0, 2, 3, 1]",6200,141.74938201904297,False,17.090619058289455,24,0.00234375
1000010001,8625,"[0, 1, 2, 3]",315,141.76273345947266,True,17.090619058289455,24,0.00234375
1000010001,8626,"[0, 2, 3, 1]",6200,141.78013801574707,False,17.090619058289455,24,0.00234375
1000010001,8627,"[0, 1, 2, 3]",315,141.79325103759766,True,17.090619058289455,24,0.00234375
1000010001,8628,"[0, 2, 3, 1]",6200,141.81065559387207,False,17.090619058289455,24,0.00234375
1000010001,8629,"[0, 1, 2, 3]",315,141.82400703430176,True,17.090619058289455,24,0.00234375
1000010001,8630,"[0, 2, 3, 1]",6200,141.84117317199707,False,17.090619058289455,24,0.00234375
1000010001,8631,"[0, 1, 2, 3]",315,141.85428619384766,True,17.090619058289455,24,0.00234375
1000010001,8632,"[0, 2, 3, 1]",6200,141.87169075012207,False,17.090619058289455,24,0.00234375
1000010001,8633,"[0, 1, 2, 3]",315,141.88480377197266,True,17.090619058289455,24,0.00234375
1000010001,8634,"[0, 2, 3, 1]",6200,141.90220832824707,False,17.090619058289455,24,0.00234375
1000010001,8635,"[0, 1, 2, 3]",315,141.91484451293945,True,17.090619058289455,24,0.00234375
1000010001,8636,"[0, 2, 3, 1]",6200,141.93272590637207,False,17.090619058289455,24,0.00234375
1000010001,8637,"[0, 1, 2, 3]",315,141.94631576538086,True,17.090619058289455,24,0.00234375
1000010001,8638,"[0, 2, 3, 1]",6200,141.9675350189209,False,17.090619058289455,24,0.00234375
1000010001,8639,"[0, 1, 2, 3]",315,141.98064804077148,True,17.090619058289455,24,0.00234375
1000010001,8640,"[0, 2, 3, 1]",6200,141.9985294342041,False,17.090619058289455,24,0.00234375
1000010001,8641,"[0, 1, 2, 3]",315,142.0118808746338,True,17.090619058289455,24,0.00234375
0110101100,8642,"[3, 2, 1, 0]",9600,142.03143119812012,False,29.772163534040928,24,0.00234375
0110101100,8643,"[3, 2, 1, 0]",9600,142.0450210571289,True,29.772163534040928,24,0.00234375
0110101100,8644,"[3, 2, 1, 0]",9600,142.06290245056152,False,29.772163534040928,24,0.00234375
0110101100,8645,"[3, 2, 1, 0]",9600,142.0762538909912,True,29.772163534040928,24,0.00234375
0110101100,8646,"[3, 2, 1, 0]",9600,142.09389686584473,False,29.772163534040928,24,0.00234375
0110101100,8647,"[3, 2, 1, 0]",9600,142.1070098876953,True,29.772163534040928,24,0.00234375
0110101100,8648,"[3, 2, 1, 0]",9600,142.12489128112793,False,29.772163534040928,24,0.00234375
0110101100,8649,"[3, 2, 1, 0]",9600,142.13800430297852,True,29.772163534040928,24,0.00234375
0110101100,8650,"[3, 2, 1, 0]",9600,142.15540885925293,False,29.772163534040928,24,0.00234375
0110101100,8651,"[3, 2, 1, 0]",9600,142.16852188110352,True,29.772163534040928,24,0.00234375
0110101100,8652,"[3, 2, 1, 0]",9600,142.18592643737793,False,29.772163534040928,24,0.00234375
0110101100,8653,"[3, 2, 1, 0]",9600,142.19927787780762,True,29.772163534040928,24,0.00234375
0110101100,8654,"[3, 2, 1, 0]",9600,142.21668243408203,False,29.772163534040928,24,0.00234375
0110101100,8655,"[3, 2, 1, 0]",9600,142.23003387451172,True,29.772163534040928,24,0.00234375
0110101100,8656,"[3, 2, 1, 0]",9600,142.24743843078613,False,29.772163534040928,24,0.00234375
0110101100,8657,"[3, 2, 1, 0]",9600,142.26031303405762,True,29.772163534040928,24,0.00234375
0110101100,8658,"[3, 2, 1, 0]",9600,142.27795600891113,False,29.772163534040928,24,0.00234375
0110101100,8659,"[3, 2, 1, 0]",9600,142.29106903076172,True,29.772163534040928,24,0.00234375
0110101100,8660,"[3, 2, 1, 0]",9600,142.30847358703613,False,29.772163534040928,24,0.00234375
0110101100,8661,"[3, 2, 1, 0]",9600,142.32158660888672,True,29.772163534040928,24,0.00234375
0110101100,8662,"[3, 2, 1, 0]",9600,142.33922958374023,False,29.772163534040928,24,0.00234375
0110101100,8663,"[3, 2, 1, 0]",9600,142.35258102416992,True,29.772163534040928,24,0.00234375
0110101100,8664,"[3, 2, 1, 0]",9600,142.37165451049805,False,29.772163534040928,24,0.00234375
0110101100,8665,"[3, 2, 1, 0]",9600,142.38476753234863,True,29.772163534040928,24,0.00234375
0110101100,8666,"[3, 2, 1, 0]",9600,142.40241050720215,False,29.772163534040928,24,0.00234375
0110101100,8667,"[3, 2, 1, 0]",9600,142.41552352905273,True,29.772163534040928,24,0.00234375
0110101100,8668,"[3, 2, 1, 0]",9600,142.43316650390625,False,29.772163534040928,24,0.00234375
0110101100,8669,"[3, 2, 1, 0]",9600,142.44604110717773,True,29.772163534040928,24,0.00234375
0110101100,8670,"[3, 2, 1, 0]",9600,142.46368408203125,False,29.772163534040928,24,0.00234375
0110101100,8671,"[3, 2, 1, 0]",9600,142.47655868530273,True,29.772163534040928,24,0.00234375
0110101100,8672,"[3, 2, 1, 0]",9600,142.49396324157715,False,29.772163534040928,24,0.00234375
0110101100,8673,"[3, 2, 1, 0]",9600,142.50659942626953,True,29.772163534040928,24,0.00234375
0110101100,8674,"[3, 2, 1, 0]",9600,142.52376556396484,False,29.772163534040928,24,0.00234375
0110101100,8675,"[3, 2, 1, 0]",9600,142.53664016723633,True,29.772163534040928,24,0.00234375
0110101100,8676,"[3, 2, 1, 0]",9600,142.55404472351074,False,29.772163534040928,24,0.00234375
0110101100,8677,"[3, 2, 1, 0]",9600,142.56715774536133,True,29.772163534040928,24,0.00234375
0110101100,8678,"[3, 2, 1, 0]",9600,142.58480072021484,False,29.772163534040928,24,0.00234375
0110101100,8679,"[3, 2, 1, 0]",9600,142.61388778686523,True,29.772163534040928,24,0.00234375
0110101100,8680,"[3, 2, 1, 0]",9600,142.63224601745605,False,29.772163534040928,24,0.00234375
0110101100,8681,"[3, 2, 1, 0]",9600,142.64583587646484,True,29.772163534040928,24,0.00234375
0110101100,8682,"[3, 2, 1, 0]",9600,142.66419410705566,False,29.772163534040928,24,0.00234375
0110101100,8683,"[3, 2, 1, 0]",9600,142.67802238464355,True,29.772163534040928,24,0.00234375
0110101100,8684,"[3, 2, 1, 0]",9600,142.6980495452881,False,29.772163534040928,24,0.00234375
0110101100,8685,"[3, 2, 1, 0]",9600,142.71163940429688,True,29.772163534040928,24,0.00234375
0110101100,8686,"[3, 2, 1, 0]",9600,142.7299976348877,False,29.772163534040928,24,0.00234375
0110101100,8687,"[3, 2, 1, 0]",9600,142.74334907531738,True,29.772163534040928,24,0.00234375
0110101100,8688,"[3, 2, 1, 0]",9600,142.7624225616455,False,29.772163534040928,24,0.00234375
0110101100,8689,"[3, 2, 1, 0]",9600,142.7760124206543,True,29.772163534040928,24,0.00234375
0100111110,8690,"[3, 2, 0, 1]",6600,142.79747009277344,False,21.43624874001641,24,0.00234375
0100111110,8691,"[3, 2, 0, 1]",6600,142.81129837036133,True,21.43624874001641,24,0.00234375
0100111110,8692,"[3, 2, 0, 1]",6600,142.83013343811035,False,21.43624874001641,24,0.00234375
0100111110,8693,"[3, 2, 0, 1]",6600,142.84348487854004,True,21.43624874001641,24,0.00234375
0100111110,8694,"[3, 2, 0, 1]",6600,142.86208152770996,False,21.43624874001641,24,0.00234375
0100111110,8695,"[3, 2, 0, 1]",6600,142.87567138671875,True,21.43624874001641,24,0.00234375
0100111110,8696,"[3, 2, 0, 1]",6600,142.89402961730957,False,21.43624874001641,24,0.00234375
0100111110,8697,"[3, 2, 0, 1]",6600,142.90738105773926,True,21.43624874001641,24,0.00234375
0100111110,8698,"[3, 2, 0, 1]",6600,142.92550086975098,False,21.43624874001641,24,0.00234375
0100111110,8699,"[3, 2, 0, 1]",6600,142.93885231018066,True,21.43624874001641,24,0.00234375
0100111110,8700,"[3, 2, 0, 1]",6600,142.95721054077148,False,21.43624874001641,24,0.00234375
0100111110,8701,"[3, 2, 0, 1]",6600,142.97080039978027,True,21.43624874001641,24,0.00234375
0100111110,8702,"[3, 2, 0, 1]",6600,142.9891586303711,False,21.43624874001641,24,0.00234375
0100111110,8703,"[3, 2, 0, 1]",6600,143.00274848937988,True,21.43624874001641,24,0.00234375
0100111110,8704,"[3, 2, 0, 1]",6600,143.0215835571289,False,21.43624874001641,24,0.00234375
0100111110,8705,"[3, 2, 0, 1]",6600,143.0349349975586,True,21.43624874001641,24,0.00234375
0100111110,8706,"[3, 2, 0, 1]",6600,143.05520057678223,False,21.43624874001641,24,0.00234375
0100111110,8707,"[3, 2, 0, 1]",6600,143.06879043579102,True,21.43624874001641,24,0.00234375
0100111110,8708,"[3, 2, 0, 1]",6600,143.08691024780273,False,21.43624874001641,24,0.00234375
0100111110,8709,"[3, 2, 0, 1]",6600,143.10050010681152,True,21.43624874001641,24,0.00234375
0100111110,8710,"[3, 2, 0, 1]",6600,143.11861991882324,False,21.43624874001641,24,0.00234375
0100111110,8711,"[3, 2, 0, 1]",6600,143.13173294067383,True,21.43624874001641,24,0.00234375
0100111110,8712,"[3, 2, 0, 1]",6600,143.15032958984375,False,21.43624874001641,24,0.00234375
0100111110,8713,"[3, 2, 0, 1]",6600,143.16391944885254,True,21.43624874001641,24,0.00234375
0100111110,8714,"[3, 2, 0, 1]",6600,143.18227767944336,False,21.43624874001641,24,0.00234375
0100111110,8715,"[3, 2, 0, 1]",6600,143.19610595703125,True,21.43624874001641,24,0.00234375
0100111110,8716,"[3, 2, 0, 1]",6600,143.21470260620117,False,21.43624874001641,24,0.00234375
0100111110,8717,"[3, 2, 0, 1]",6600,143.22876930236816,True,21.43624874001641,24,0.00234375
0100111110,8718,"[3, 2, 0, 1]",6600,143.2476043701172,False,21.43624874001641,24,0.00234375
0100111110,8719,"[3, 2, 0, 1]",6600,143.26119422912598,True,21.43624874001641,24,0.00234375
0100111110,8720,"[3, 2, 0, 1]",6600,143.2809829711914,False,21.43624874001641,24,0.00234375
0100111110,8721,"[3, 2, 0, 1]",6600,143.2945728302002,True,21.43624874001641,24,0.00234375
0100111110,8722,"[3, 2, 0, 1]",6600,143.3126926422119,False,21.43624874001641,24,0.00234375
0100111110,8723,"[3, 2, 0, 1]",6600,143.33605766296387,True,21.43624874001641,24,0.00234375
0100111110,8724,"[3, 2, 0, 1]",6600,143.35346221923828,False,21.43624874001641,24,0.00234375
0100111110,8725,"[3, 2, 0, 1]",6600,143.36657524108887,True,21.43624874001641,24,0.00234375
0100111110,8726,"[3, 2, 0, 1]",6600,143.385648727417,False,21.43624874001641,24,0.00234375
0100111110,8727,"[3, 2, 0, 1]",6600,143.39876174926758,True,21.43624874001641,24,0.00234375
0100111110,8728,"[3, 2, 0, 1]",6600,143.4164047241211,False,21.43624874001641,24,0.00234375
0100111110,8729,"[3, 2, 0, 1]",6600,143.42951774597168,True,21.43624874001641,24,0.00234375
0100111110,8730,"[3, 2, 0, 1]",6600,143.4471607208252,False,21.43624874001641,24,0.00234375
0100111110,8731,"[3, 2, 0, 1]",6600,143.46003532409668,True,21.43624874001641,24,0.00234375
0100111110,8732,"[3, 2, 0, 1]",6600,143.4774398803711,False,21.43624874001641,24,0.00234375
0100111110,8733,"[3, 2, 0, 1]",6600,143.49031448364258,True,21.43624874001641,24,0.00234375
0100111110,8734,"[3, 2, 0, 1]",6600,143.507719039917,False,21.43624874001641,24,0.00234375
0100111110,8735,"[3, 2, 0, 1]",6600,143.52059364318848,True,21.43624874001641,24,0.00234375
0100111110,8736,"[3, 2, 0, 1]",6600,143.5377597808838,False,21.43624874001641,24,0.00234375
0100111110,8737,"[3, 2, 0, 1]",6600,143.55087280273438,True,21.43624874001641,24,0.00234375
0111000111,8738,"[1, 3, 0, 2]",900,143.5689926147461,False,11.070544774769893,24,0.00234375
0111000111,8739,"[1, 0, 3, 2]",465,143.5830593109131,True,11.070544774769893,24,0.00234375
0111000111,8740,"[1, 3, 0, 2]",900,143.60284805297852,False,11.070544774769893,24,0.00234375
0111000111,8741,"[1, 0, 3, 2]",465,143.6166763305664,True,11.070544774769893,24,0.00234375
0111000111,8742,"[1, 3, 0, 2]",900,143.63431930541992,False,11.070544774769893,24,0.00234375
0111000111,8743,"[1, 0, 3, 2]",465,143.6479091644287,True,11.070544774769893,24,0.00234375
0111000111,8744,"[1, 3, 0, 2]",900,143.66531372070312,False,11.070544774769893,24,0.00234375
0111000111,8745,"[1, 0, 3, 2]",465,143.6786651611328,True,11.070544774769893,24,0.00234375
0111000111,8746,"[1, 3, 0, 2]",900,143.69630813598633,False,11.070544774769893,24,0.00234375
0111000111,8747,"[1, 0, 3, 2]",465,143.70989799499512,True,11.070544774769893,24,0.00234375
0111000111,8748,"[1, 3, 0, 2]",900,143.72897148132324,False,11.070544774769893,24,0.00234375
0111000111,8749,"[1, 0, 3, 2]",465,143.74256134033203,True,11.070544774769893,24,0.00234375
0111000111,8750,"[1, 3, 0, 2]",900,143.76020431518555,False,11.070544774769893,24,0.00234375
0111000111,8751,"[1, 0, 3, 2]",465,143.77355575561523,True,11.070544774769893,24,0.00234375
0111000111,8752,"[1, 3, 0, 2]",900,143.79096031188965,False,11.070544774769893,24,0.00234375
0111000111,8753,"[1, 0, 3, 2]",465,143.80455017089844,True,11.070544774769893,24,0.00234375
0111000111,8754,"[1, 3, 0, 2]",900,143.82195472717285,False,11.070544774769893,24,0.00234375
0111000111,8755,"[1, 0, 3, 2]",465,143.83530616760254,True,11.070544774769893,24,0.00234375
0111000111,8756,"[1, 3, 0, 2]",900,143.85581016540527,False,11.070544774769893,24,0.00234375
0111000111,8757,"[1, 0, 3, 2]",465,143.86940002441406,True,11.070544774769893,24,0.00234375
0111000111,8758,"[1, 3, 0, 2]",900,143.88680458068848,False,11.070544774769893,24,0.00234375
0111000111,8759,"[1, 0, 3, 2]",465,143.90039443969727,True,11.070544774769893,24,0.00234375
0111000111,8760,"[1, 3, 0, 2]",900,143.91779899597168,False,11.070544774769893,24,0.00234375
0111000111,8761,"[1, 0, 3, 2]",465,143.93067359924316,True,11.070544774769893,24,0.00234375
0111000111,8762,"[1, 3, 0, 2]",900,143.94807815551758,False,11.070544774769893,24,0.00234375
0111000111,8763,"[1, 0, 3, 2]",465,143.96142959594727,True,11.070544774769893,24,0.00234375
0111000111,8764,"[1, 3, 0, 2]",900,143.97883415222168,False,11.070544774769893,24,0.00234375
0111000111,8765,"[1, 0, 3, 2]",465,143.99194717407227,True,11.070544774769893,24,0.00234375
0111000111,8766,"[1, 3, 0, 2]",900,144.00935173034668,False,11.070544774769893,24,0.00234375
0111000111,8767,"[1, 0, 3, 2]",465,144.02270317077637,True,11.070544774769893,24,0.00234375
0111000111,8768,"[1, 3, 0, 2]",900,144.0424919128418,False,11.070544774769893,24,0.00234375
0111000111,8769,"[1, 0, 3, 2]",465,144.05536651611328,True,11.070544774769893,24,0.00234375
0111000111,8770,"[1, 3, 0, 2]",900,144.0730094909668,False,11.070544774769893,24,0.00234375
0111000111,8771,"[1, 0, 3, 2]",465,144.08636093139648,True,11.070544774769893,24,0.00234375
0111000111,8772,"[1, 3, 0, 2]",900,144.10400390625,False,11.070544774769893,24,0.00234375
0111000111,8773,"[1, 0, 3, 2]",465,144.1173553466797,True,11.070544774769893,24,0.00234375
0111000111,8774,"[1, 3, 0, 2]",900,144.1349983215332,False,11.070544774769893,24,0.00234375
0111000111,8775,"[1, 0, 3, 2]",465,144.1481113433838,True,11.070544774769893,24,0.00234375
0111000111,8776,"[1, 3, 0, 2]",900,144.1655158996582,False,11.070544774769893,24,0.00234375
0111000111,8777,"[1, 0, 3, 2]",465,144.1788673400879,True,11.070544774769893,24,0.00234375
0111000111,8778,"[1, 3, 0, 2]",900,144.1965103149414,False,11.070544774769893,24,0.00234375
0111000111,8779,"[1, 0, 3, 2]",465,144.209623336792,True,11.070544774769893,24,0.00234375
0111000111,8780,"[1, 3, 0, 2]",900,144.2272663116455,False,11.070544774769893,24,0.00234375
0111000111,8781,"[1, 0, 3, 2]",465,144.2403793334961,True,11.070544774769893,24,0.00234375
0111000111,8782,"[1, 3, 0, 2]",900,144.2580223083496,False,11.070544774769893,24,0.00234375
0111000111,8783,"[1, 0, 3, 2]",465,144.2713737487793,True,11.070544774769893,24,0.00234375
0111000111,8784,"[1, 3, 0, 2]",900,144.2890167236328,False,11.070544774769893,24,0.00234375
0111000111,8785,"[1, 0, 3, 2]",465,144.3026065826416,True,11.070544774769893,24,0.00234375
0010000110,8786,"[1, 3, 2, 0]",9450,144.32024955749512,False,16.212895332660406,24,0.00234375
0010000110,8787,"[1, 0, 3, 2]",465,144.3338394165039,True,16.212895332660406,24,0.00234375
0010000110,8788,"[1, 3, 2, 0]",9450,144.36578750610352,False,16.212895332660406,24,0.00234375
0010000110,8789,"[1, 0, 3, 2]",465,144.38199996948242,True,16.212895332660406,24,0.00234375
0010000110,8790,"[1, 3, 2, 0]",9450,144.40202713012695,False,16.212895332660406,24,0.00234375
0010000110,8791,"[1, 0, 3, 2]",465,144.41585540771484,True,16.212895332660406,24,0.00234375
0010000110,8792,"[1, 3, 2, 0]",9450,144.43397521972656,False,16.212895332660406,24,0.00234375
0010000110,8793,"[1, 0, 3, 2]",465,144.44732666015625,True,16.212895332660406,24,0.00234375
0010000110,8794,"[1, 3, 2, 0]",9450,144.46520805358887,False,16.212895332660406,24,0.00234375
0010000110,8795,"[1, 0, 3, 2]",465,144.47832107543945,True,16.212895332660406,24,0.00234375
0010000110,8796,"[1, 3, 2, 0]",9450,144.49620246887207,False,16.212895332660406,24,0.00234375
0010000110,8797,"[1, 0, 3, 2]",465,144.50955390930176,True,16.212895332660406,24,0.00234375
0010000110,8798,"[1, 3, 2, 0]",9450,144.52743530273438,False,16.212895332660406,24,0.00234375
0010000110,8799,"[1, 0, 3, 2]",465,144.54054832458496,True,16.212895332660406,24,0.00234375
0010000110,8800,"[1, 3, 2, 0]",9450,144.55842971801758,False,16.212895332660406,24,0.00234375
0010000110,8801,"[1, 0, 3, 2]",465,144.57154273986816,True,16.212895332660406,24,0.00234375
0010000110,8802,"[1, 3, 2, 0]",9450,144.58918571472168,False,16.212895332660406,24,0.00234375
0010000110,8803,"[1, 0, 3, 2]",465,144.60229873657227,True,16.212895332660406,24,0.00234375
0010000110,8804,"[1, 3, 2, 0]",9450,144.61994171142578,False,16.212895332660406,24,0.00234375
0010000110,8805,"[1, 0, 3, 2]",465,144.63329315185547,True,16.212895332660406,24,0.00234375
0010000110,8806,"[1, 3, 2, 0]",9450,144.65093612670898,False,16.212895332660406,24,0.00234375
0010000110,8807,"[1, 0, 3, 2]",465,144.66428756713867,True,16.212895332660406,24,0.00234375
0010000110,8808,"[1, 3, 2, 0]",9450,144.6821689605713,False,16.212895332660406,24,0.00234375
0010000110,8809,"[1, 0, 3, 2]",465,144.69575881958008,True,16.212895332660406,24,0.00234375
0010000110,8810,"[1, 3, 2, 0]",9450,144.7155475616455,False,16.212895332660406,24,0.00234375
0010000110,8811,"[1, 0, 3, 2]",465,144.7288990020752,True,16.212895332660406,24,0.00234375
0010000110,8812,"[1, 3, 2, 0]",9450,144.7470188140869,False,16.212895332660406,24,0.00234375
0010000110,8813,"[1, 0, 3, 2]",465,144.7608470916748,True,16.212895332660406,24,0.00234375
0010000110,8814,"[1, 3, 2, 0]",9450,144.77849006652832,False,16.212895332660406,24,0.00234375
0010000110,8815,"[1, 0, 3, 2]",465,144.7920799255371,True,16.212895332660406,24,0.00234375
0010000110,8816,"[1, 3, 2, 0]",9450,144.80972290039062,False,16.212895332660406,24,0.00234375
0010000110,8817,"[1, 0, 3, 2]",465,144.8233127593994,True,16.212895332660406,24,0.00234375
0010000110,8818,"[1, 3, 2, 0]",9450,144.84071731567383,False,16.212895332660406,24,0.00234375
0010000110,8819,"[1, 0, 3, 2]",465,145.21336555480957,True,16.212895332660406,24,0.00234375
0010000110,8820,"[1, 3, 2, 0]",9450,145.23935317993164,False,16.212895332660406,24,0.00234375
0010000110,8821,"[1, 0, 3, 2]",465,145.25437355041504,True,16.212895332660406,24,0.00234375
0010000110,8822,"[1, 3, 2, 0]",9450,145.27249336242676,False,16.212895332660406,24,0.00234375
0010000110,8823,"[1, 0, 3, 2]",465,145.28608322143555,True,16.212895332660406,24,0.00234375
0010000110,8824,"[1, 3, 2, 0]",9450,145.30420303344727,False,16.212895332660406,24,0.00234375
0010000110,8825,"[1, 0, 3, 2]",465,145.31755447387695,True,16.212895332660406,24,0.00234375
0010000110,8826,"[1, 3, 2, 0]",9450,145.33543586730957,False,16.212895332660406,24,0.00234375
0010000110,8827,"[1, 0, 3, 2]",465,145.34878730773926,True,16.212895332660406,24,0.00234375
0010000110,8828,"[1, 3, 2, 0]",9450,145.36666870117188,False,16.212895332660406,24,0.00234375
0010000110,8829,"[1, 0, 3, 2]",465,145.38002014160156,True,16.212895332660406,24,0.00234375
0010000110,8830,"[1, 3, 2, 0]",9450,145.39813995361328,False,16.212895332660406,24,0.00234375
0010000110,8831,"[1, 0, 3, 2]",465,145.41149139404297,True,16.212895332660406,24,0.00234375
0010000110,8832,"[1, 3, 2, 0]",9450,145.432710647583,False,16.212895332660406,24,0.00234375
0010000110,8833,"[1, 0, 3, 2]",465,145.4463005065918,True,16.212895332660406,24,0.00234375
1101110000,8834,"[2, 0, 1, 3]",500,145.46465873718262,False,17.38511126096863,24,0.00234375
1101110000,8835,"[2, 0, 1, 3]",500,145.4784870147705,True,17.38511126096863,24,0.00234375
1101110000,8836,"[2, 0, 1, 3]",500,145.49636840820312,False,17.38511126096863,24,0.00234375
1101110000,8837,"[2, 0, 1, 3]",500,145.5097198486328,True,17.38511126096863,24,0.00234375
1101110000,8838,"[2, 0, 1, 3]",500,145.52831649780273,False,17.38511126096863,24,0.00234375
1101110000,8839,"[2, 0, 1, 3]",500,145.54214477539062,True,17.38511126096863,24,0.00234375
1101110000,8840,"[2, 0, 1, 3]",500,145.56193351745605,False,17.38511126096863,24,0.00234375
1101110000,8841,"[2, 0, 1, 3]",500,145.57528495788574,True,17.38511126096863,24,0.00234375
1101110000,8842,"[2, 0, 1, 3]",500,145.59292793273926,False,17.38511126096863,24,0.00234375
1101110000,8843,"[2, 0, 1, 3]",500,145.60604095458984,True,17.38511126096863,24,0.00234375
1101110000,8844,"[2, 0, 1, 3]",500,145.62392234802246,False,17.38511126096863,24,0.00234375
1101110000,8845,"[2, 0, 1, 3]",500,145.63703536987305,True,17.38511126096863,24,0.00234375
1101110000,8846,"[2, 0, 1, 3]",500,145.65467834472656,False,17.38511126096863,24,0.00234375
1101110000,8847,"[2, 0, 1, 3]",500,145.66779136657715,True,17.38511126096863,24,0.00234375
1101110000,8848,"[2, 0, 1, 3]",500,145.68543434143066,False,17.38511126096863,24,0.00234375
1101110000,8849,"[2, 0, 1, 3]",500,145.69902420043945,True,17.38511126096863,24,0.00234375
1101110000,8850,"[2, 0, 1, 3]",500,145.71666717529297,False,17.38511126096863,24,0.00234375
1101110000,8851,"[2, 0, 1, 3]",500,145.73073387145996,True,17.38511126096863,24,0.00234375
1101110000,8852,"[2, 0, 1, 3]",500,145.7502841949463,False,17.38511126096863,24,0.00234375
1101110000,8853,"[2, 0, 1, 3]",500,145.76411247253418,True,17.38511126096863,24,0.00234375
1101110000,8854,"[2, 0, 1, 3]",500,145.7817554473877,False,17.38511126096863,24,0.00234375
1101110000,8855,"[2, 0, 1, 3]",500,145.79534530639648,True,17.38511126096863,24,0.00234375
1101110000,8856,"[2, 0, 1, 3]",500,145.81298828125,False,17.38511126096863,24,0.00234375
1101110000,8857,"[2, 0, 1, 3]",500,145.82586288452148,True,17.38511126096863,24,0.00234375
1101110000,8858,"[2, 0, 1, 3]",500,145.843505859375,False,17.38511126096863,24,0.00234375
1101110000,8859,"[2, 0, 1, 3]",500,145.8566188812256,True,17.38511126096863,24,0.00234375
1101110000,8860,"[2, 0, 1, 3]",500,145.8745002746582,False,17.38511126096863,24,0.00234375
1101110000,8861,"[2, 0, 1, 3]",500,145.8873748779297,True,17.38511126096863,24,0.00234375
1101110000,8862,"[2, 0, 1, 3]",500,145.9052562713623,False,17.38511126096863,24,0.00234375
1101110000,8863,"[2, 0, 1, 3]",500,145.9183692932129,True,17.38511126096863,24,0.00234375
1101110000,8864,"[2, 0, 1, 3]",500,145.9364891052246,False,17.38511126096863,24,0.00234375
1101110000,8865,"[2, 0, 1, 3]",500,145.9496021270752,True,17.38511126096863,24,0.00234375
1101110000,8866,"[2, 0, 1, 3]",500,145.9674835205078,False,17.38511126096863,24,0.00234375
1101110000,8867,"[2, 0, 1, 3]",500,145.9803581237793,True,17.38511126096863,24,0.00234375
1101110000,8868,"[2, 0, 1, 3]",500,145.9980010986328,False,17.38511126096863,24,0.00234375
1101110000,8869,"[2, 0, 1, 3]",500,146.0111141204834,True,17.38511126096863,24,0.00234375
1101110000,8870,"[2, 0, 1, 3]",500,146.0282802581787,False,17.38511126096863,24,0.00234375
1101110000,8871,"[2, 0, 1, 3]",500,146.0411548614502,True,17.38511126096863,24,0.00234375
1101110000,8872,"[2, 0, 1, 3]",500,146.0590362548828,False,17.38511126096863,24,0.00234375
1101110000,8873,"[2, 0, 1, 3]",500,146.0716724395752,True,17.38511126096863,24,0.00234375
1101110000,8874,"[2, 0, 1, 3]",500,146.09265327453613,False,17.38511126096863,24,0.00234375
1101110000,8875,"[2, 0, 1, 3]",500,146.10600471496582,True,17.38511126096863,24,0.00234375
1101110000,8876,"[2, 0, 1, 3]",500,146.12364768981934,False,17.38511126096863,24,0.00234375
1101110000,8877,"[2, 0, 1, 3]",500,146.13699913024902,True,17.38511126096863,24,0.00234375
1101110000,8878,"[2, 0, 1, 3]",500,146.15440368652344,False,17.38511126096863,24,0.00234375
1101110000,8879,"[2, 0, 1, 3]",500,146.16751670837402,True,17.38511126096863,24,0.00234375
1101110000,8880,"[2, 0, 1, 3]",500,146.18539810180664,False,17.38511126096863,24,0.00234375
1101110000,8881,"[2, 0, 1, 3]",500,146.19898796081543,True,17.38511126096863,24,0.00234375
0110000011,8882,"[1, 0, 3, 2]",465,146.21639251708984,False,16.031008131515815,23,0.00224609375
0110000011,8883,"[1, 0, 3, 2]",465,146.23069763183594,True,16.031008131515815,23,0.00224609375
0110000011,8884,"[1, 0, 3, 2]",465,146.24857902526855,False,16.031008131515815,23,0.00224609375
0110000011,8885,"[1, 0, 3, 2]",465,146.26288414001465,True,16.031008131515815,23,0.00224609375
0110000011,8886,"[1, 0, 3, 2]",465,146.28052711486816,False,16.031008131515815,23,0.00224609375
0110000011,8887,"[1, 0, 3, 2]",465,146.29411697387695,True,16.031008131515815,23,0.00224609375
0110000011,8888,"[1, 0, 3, 2]",465,146.31390571594238,False,16.031008131515815,23,0.00224609375
0110000011,8889,"[1, 0, 3, 2]",465,146.32773399353027,True,16.031008131515815,23,0.00224609375
0110000011,8890,"[1, 0, 3, 2]",465,146.3475227355957,False,16.031008131515815,23,0.00224609375
0110000011,8891,"[1, 0, 3, 2]",465,146.3606357574463,True,16.031008131515815,23,0.00224609375
0110000011,8892,"[1, 0, 3, 2]",465,146.3785171508789,False,16.031008131515815,23,0.00224609375
0110000011,8893,"[1, 0, 3, 2]",465,146.3913917541504,True,16.031008131515815,23,0.00224609375
0110000011,8894,"[1, 0, 3, 2]",465,146.41094207763672,False,16.031008131515815,23,0.00224609375
0110000011,8895,"[1, 0, 3, 2]",465,146.4240550994873,True,16.031008131515815,23,0.00224609375
0110000011,8896,"[1, 0, 3, 2]",465,146.44145965576172,False,16.031008131515815,23,0.00224609375
0110000011,8897,"[1, 0, 3, 2]",465,146.4543342590332,True,16.031008131515815,23,0.00224609375
0110000011,8898,"[1, 0, 3, 2]",465,146.47221565246582,False,16.031008131515815,23,0.00224609375
0110000011,8899,"[1, 0, 3, 2]",465,146.4850902557373,True,16.031008131515815,23,0.00224609375
0110000011,8900,"[1, 0, 3, 2]",465,146.50273323059082,False,16.031008131515815,23,0.00224609375
0110000011,8901,"[1, 0, 3, 2]",465,146.5158462524414,True,16.031008131515815,23,0.00224609375
0110000011,8902,"[1, 0, 3, 2]",465,146.53325080871582,False,16.031008131515815,23,0.00224609375
0110000011,8903,"[1, 0, 3, 2]",465,146.5466022491455,True,16.031008131515815,23,0.00224609375
0110000011,8904,"[1, 0, 3, 2]",465,146.56400680541992,False,16.031008131515815,23,0.00224609375
0110000011,8905,"[1, 0, 3, 2]",465,146.5771198272705,True,16.031008131515815,23,0.00224609375
0110000011,8906,"[1, 0, 3, 2]",465,146.59452438354492,False,16.031008131515815,23,0.00224609375
0110000011,8907,"[1, 0, 3, 2]",465,146.6076374053955,True,16.031008131515815,23,0.00224609375
0110000011,8908,"[1, 0, 3, 2]",465,146.62528038024902,False,16.031008131515815,23,0.00224609375
0110000011,8909,"[1, 0, 3, 2]",465,146.6383934020996,True,16.031008131515815,23,0.00224609375
0110000011,8910,"[1, 0, 3, 2]",465,146.65627479553223,False,16.031008131515815,23,0.00224609375
0110000011,8911,"[1, 0, 3, 2]",465,146.6691493988037,True,16.031008131515815,23,0.00224609375
0110000011,8912,"[1, 0, 3, 2]",465,146.68655395507812,False,16.031008131515815,23,0.00224609375
0110000011,8913,"[1, 0, 3, 2]",465,146.6999053955078,True,16.031008131515815,23,0.00224609375
0110000011,8914,"[1, 0, 3, 2]",465,146.71778678894043,False,16.031008131515815,23,0.00224609375
0110000011,8915,"[1, 0, 3, 2]",465,146.73089981079102,True,16.031008131515815,23,0.00224609375
0110000011,8916,"[1, 0, 3, 2]",465,146.75045013427734,False,16.031008131515815,23,0.00224609375
0110000011,8917,"[1, 0, 3, 2]",465,146.76332473754883,True,16.031008131515815,23,0.00224609375
0110000011,8918,"[1, 0, 3, 2]",465,146.78120613098145,False,16.031008131515815,23,0.00224609375
0110000011,8919,"[1, 0, 3, 2]",465,146.79384231567383,True,16.031008131515815,23,0.00224609375
0110000011,8920,"[1, 0, 3, 2]",465,146.81243896484375,False,16.031008131515815,23,0.00224609375
0110000011,8921,"[1, 0, 3, 2]",465,146.82483673095703,True,16.031008131515815,23,0.00224609375
0110000011,8922,"[1, 0, 3, 2]",465,146.84247970581055,False,16.031008131515815,23,0.00224609375
0110000011,8923,"[1, 0, 3, 2]",465,146.85535430908203,True,16.031008131515815,23,0.00224609375
0110000011,8924,"[1, 0, 3, 2]",465,146.87299728393555,False,16.031008131515815,23,0.00224609375
0110000011,8925,"[1, 0, 3, 2]",465,146.88587188720703,True,16.031008131515815,23,0.00224609375
0110000011,8926,"[1, 0, 3, 2]",465,146.90351486206055,False,16.031008131515815,23,0.00224609375
0110000011,8927,"[1, 0, 3, 2]",465,146.91615104675293,True,16.031008131515815,23,0.00224609375
0011000010,8928,"[1, 3, 2, 0]",9450,146.93403244018555,False,13.414198781142993,23,0.00224609375
0011000010,8929,"[1, 0, 3, 2]",465,146.94666862487793,True,13.414198781142993,23,0.00224609375
0011000010,8930,"[1, 3, 2, 0]",9450,146.96431159973145,False,13.414198781142993,23,0.00224609375
0011000010,8931,"[1, 0, 3, 2]",465,146.97718620300293,True,13.414198781142993,23,0.00224609375
0011000010,8932,"[1, 3, 2, 0]",9450,146.99506759643555,False,13.414198781142993,23,0.00224609375
0011000010,8933,"[1, 0, 3, 2]",465,147.00794219970703,True,13.414198781142993,23,0.00224609375
0011000010,8934,"[1, 3, 2, 0]",9450,147.02558517456055,False,13.414198781142993,23,0.00224609375
0011000010,8935,"[1, 0, 3, 2]",465,147.03869819641113,True,13.414198781142993,23,0.00224609375
0011000010,8936,"[1, 3, 2, 0]",9450,147.05801010131836,False,13.414198781142993,23,0.00224609375
0011000010,8937,"[1, 0, 3, 2]",465,147.07136154174805,True,13.414198781142993,23,0.00224609375
0011000010,8938,"[1, 3, 2, 0]",9450,147.08924293518066,False,13.414198781142993,23,0.00224609375
0011000010,8939,"[1, 0, 3, 2]",465,147.10283279418945,True,13.414198781142993,23,0.00224609375
0011000010,8940,"[1, 3, 2, 0]",9450,147.12071418762207,False,13.414198781142993,23,0.00224609375
0011000010,8941,"[1, 0, 3, 2]",465,147.13430404663086,True,13.414198781142993,23,0.00224609375
0011000010,8942,"[1, 3, 2, 0]",9450,147.1538543701172,False,13.414198781142993,23,0.00224609375
0011000010,8943,"[1, 0, 3, 2]",465,147.16720581054688,True,13.414198781142993,23,0.00224609375
0011000010,8944,"[1, 3, 2, 0]",9450,147.1848487854004,False,13.414198781142993,23,0.00224609375
0011000010,8945,"[1, 0, 3, 2]",465,147.19796180725098,True,13.414198781142993,23,0.00224609375
0011000010,8946,"[1, 3, 2, 0]",9450,147.2153663635254,False,13.414198781142993,23,0.00224609375
0011000010,8947,"[1, 0, 3, 2]",465,147.22800254821777,True,13.414198781142993,23,0.00224609375
0011000010,8948,"[1, 3, 2, 0]",9450,147.2456455230713,False,13.414198781142993,23,0.00224609375
0011000010,8949,"[1, 0, 3, 2]",465,147.25852012634277,True,13.414198781142993,23,0.00224609375
0011000010,8950,"[1, 3, 2, 0]",9450,147.2761631011963,False,13.414198781142993,23,0.00224609375
0011000010,8951,"[1, 0, 3, 2]",465,147.28927612304688,True,13.414198781142993,23,0.00224609375
0011000010,8952,"[1, 3, 2, 0]",9450,147.3069190979004,False,13.414198781142993,23,0.00224609375
0011000010,8953,"[1, 0, 3, 2]",465,147.32027053833008,True,13.414198781142993,23,0.00224609375
0011000010,8954,"[1, 3, 2, 0]",9450,147.3376750946045,False,13.414198781142993,23,0.00224609375
0011000010,8955,"[1, 0, 3, 2]",465,147.35102653503418,True,13.414198781142993,23,0.00224609375
0011000010,8956,"[1, 3, 2, 0]",9450,147.3689079284668,False,13.414198781142993,23,0.00224609375
0011000010,8957,"[1, 0, 3, 2]",465,147.38202095031738,True,13.414198781142993,23,0.00224609375
0011000010,8958,"[1, 3, 2, 0]",9450,147.4010944366455,False,13.414198781142993,23,0.00224609375
0011000010,8959,"[1, 0, 3, 2]",465,147.4144458770752,True,13.414198781142993,23,0.00224609375
0011000010,8960,"[1, 3, 2, 0]",9450,147.4320888519287,False,13.414198781142993,23,0.00224609375
0011000010,8961,"[1, 0, 3, 2]",465,147.4454402923584,True,13.414198781142993,23,0.00224609375
0011000010,8962,"[1, 3, 2, 0]",9450,147.4628448486328,False,13.414198781142993,23,0.00224609375
0011000010,8963,"[1, 0, 3, 2]",465,147.4761962890625,True,13.414198781142993,23,0.00224609375
0011000010,8964,"[1, 3, 2, 0]",9450,147.49383926391602,False,13.414198781142993,23,0.00224609375
0011000010,8965,"[1, 0, 3, 2]",465,147.5074291229248,True,13.414198781142993,23,0.00224609375
0011000010,8966,"[1, 3, 2, 0]",9450,147.52507209777832,False,13.414198781142993,23,0.00224609375
0011000010,8967,"[1, 0, 3, 2]",465,147.538423538208,True,13.414198781142993,23,0.00224609375
0011000010,8968,"[1, 3, 2, 0]",9450,147.55606651306152,False,13.414198781142993,23,0.00224609375
0011000010,8969,"[1, 0, 3, 2]",465,147.5694179534912,True,13.414198781142993,23,0.00224609375
0011000010,8970,"[1, 3, 2, 0]",9450,147.58682250976562,False,13.414198781142993,23,0.00224609375
0011000010,8971,"[1, 0, 3, 2]",465,147.5999355316162,True,13.414198781142993,23,0.00224609375
0011000010,8972,"[1, 3, 2, 0]",9450,147.61781692504883,False,13.414198781142993,23,0.00224609375
0011000010,8973,"[1, 0, 3, 2]",465,147.63402938842773,True,13.414198781142993,23,0.00224609375
0000110100,8974,"[2, 3, 1, 0]",9600,147.65191078186035,False,13.410803419625623,23,0.00224609375
0000110100,8975,"[2, 3, 1, 0]",9600,147.66573905944824,True,13.410803419625623,23,0.00224609375
0000110100,8976,"[2, 3, 1, 0]",9600,147.68338203430176,False,13.410803419625623,23,0.00224609375
0000110100,8977,"[2, 3, 1, 0]",9600,147.69697189331055,True,13.410803419625623,23,0.00224609375
0000110100,8978,"[2, 3, 1, 0]",9600,147.71628379821777,False,13.410803419625623,23,0.00224609375
0000110100,8979,"[2, 3, 1, 0]",9600,147.72939682006836,True,13.410803419625623,23,0.00224609375
0000110100,8980,"[2, 3, 1, 0]",9600,147.74680137634277,False,13.410803419625623,23,0.00224609375
0000110100,8981,"[2, 3, 1, 0]",9600,147.75943756103516,True,13.410803419625623,23,0.00224609375
0000110100,8982,"[2, 3, 1, 0]",9600,147.77708053588867,False,13.410803419625623,23,0.00224609375
0000110100,8983,"[2, 3, 1, 0]",9600,147.78995513916016,True,13.410803419625623,23,0.00224609375
0000110100,8984,"[2, 3, 1, 0]",9600,147.80759811401367,False,13.410803419625623,23,0.00224609375
0000110100,8985,"[2, 3, 1, 0]",9600,147.82023429870605,True,13.410803419625623,23,0.00224609375
0000110100,8986,"[2, 3, 1, 0]",9600,147.83787727355957,False,13.410803419625623,23,0.00224609375
0000110100,8987,"[2, 3, 1, 0]",9600,147.85528182983398,True,13.410803419625623,23,0.00224609375
0000110100,8988,"[2, 3, 1, 0]",9600,147.8893756866455,False,13.410803419625623,23,0.00224609375
0000110100,8989,"[2, 3, 1, 0]",9600,147.9032039642334,True,13.410803419625623,23,0.00224609375
0000110100,8990,"[2, 3, 1, 0]",9600,147.92180061340332,False,13.410803419625623,23,0.00224609375
0000110100,8991,"[2, 3, 1, 0]",9600,147.9358673095703,True,13.410803419625623,23,0.00224609375
0000110100,8992,"[2, 3, 1, 0]",9600,147.95613288879395,False,13.410803419625623,23,0.00224609375
0000110100,8993,"[2, 3, 1, 0]",9600,147.96972274780273,True,13.410803419625623,23,0.00224609375
0000110100,8994,"[2, 3, 1, 0]",9600,147.98784255981445,False,13.410803419625623,23,0.00224609375
0000110100,8995,"[2, 3, 1, 0]",9600,148.00119400024414,True,13.410803419625623,23,0.00224609375
0000110100,8996,"[2, 3, 1, 0]",9600,148.01931381225586,False,13.410803419625623,23,0.00224609375
0000110100,8997,"[2, 3, 1, 0]",9600,148.03266525268555,True,13.410803419625623,23,0.00224609375
0000110100,8998,"[2, 3, 1, 0]",9600,148.05078506469727,False,13.410803419625623,23,0.00224609375
0000110100,8999,"[2, 3, 1, 0]",9600,148.06413650512695,True,13.410803419625623,23,0.00224609375
0000110100,9000,"[2, 3, 1, 0]",9600,148.0844020843506,False,13.410803419625623,23,0.00224609375
0000110100,9001,"[2, 3, 1, 0]",9600,148.09775352478027,True,13.410803419625623,23,0.00224609375
0000110100,9002,"[2, 3, 1, 0]",9600,148.1161117553711,False,13.410803419625623,23,0.00224609375
0000110100,9003,"[2, 3, 1, 0]",9600,148.12922477722168,True,13.410803419625623,23,0.00224609375
0000110100,9004,"[2, 3, 1, 0]",9600,148.1475830078125,False,13.410803419625623,23,0.00224609375
0000110100,9005,"[2, 3, 1, 0]",9600,148.1606960296631,True,13.410803419625623,23,0.00224609375
0000110100,9006,"[2, 3, 1, 0]",9600,148.1788158416748,False,13.410803419625623,23,0.00224609375
0000110100,9007,"[2, 3, 1, 0]",9600,148.1921672821045,True,13.410803419625623,23,0.00224609375
0000110100,9008,"[2, 3, 1, 0]",9600,148.2102870941162,False,13.410803419625623,23,0.00224609375
0000110100,9009,"[2, 3, 1, 0]",9600,148.2234001159668,True,13.410803419625623,23,0.00224609375
0000110100,9010,"[2, 3, 1, 0]",9600,148.24151992797852,False,13.410803419625623,23,0.00224609375
0000110100,9011,"[2, 3, 1, 0]",9600,148.25439453125,True,13.410803419625623,23,0.00224609375
0000110100,9012,"[2, 3, 1, 0]",9600,148.27275276184082,False,13.410803419625623,23,0.00224609375
0000110100,9013,"[2, 3, 1, 0]",9600,148.2861042022705,True,13.410803419625623,23,0.00224609375
0000110100,9014,"[2, 3, 1, 0]",9600,148.30446243286133,False,13.410803419625623,23,0.00224609375
0000110100,9015,"[2, 3, 1, 0]",9600,148.31805229187012,True,13.410803419625623,23,0.00224609375
0000110100,9016,"[2, 3, 1, 0]",9600,148.33641052246094,False,13.410803419625623,23,0.00224609375
0000110100,9017,"[2, 3, 1, 0]",9600,148.34976196289062,True,13.410803419625623,23,0.00224609375
0000110100,9018,"[2, 3, 1, 0]",9600,148.36788177490234,False,13.410803419625623,23,0.00224609375
0000110100,9019,"[2, 3, 1, 0]",9600,148.38171005249023,True,13.410803419625623,23,0.00224609375
1010011110,9020,"[3, 1, 0, 2]",900,148.40173721313477,False,22.75766101326228,23,0.00224609375
1010011110,9021,"[3, 1, 0, 2]",900,148.41651916503906,True,22.75766101326228,23,0.00224609375
1010011110,9022,"[3, 1, 0, 2]",900,148.43487739562988,False,22.75766101326228,23,0.00224609375
1010011110,9023,"[3, 1, 0, 2]",900,148.44870567321777,True,22.75766101326228,23,0.00224609375
1010011110,9024,"[3, 1, 0, 2]",900,148.4673023223877,False,22.75766101326228,23,0.00224609375
1010011110,9025,"[3, 1, 0, 2]",900,148.4811305999756,True,22.75766101326228,23,0.00224609375
1010011110,9026,"[3, 1, 0, 2]",900,148.4997272491455,False,22.75766101326228,23,0.00224609375
1010011110,9027,"[3, 1, 0, 2]",900,148.5130786895752,True,22.75766101326228,23,0.00224609375
1010011110,9028,"[3, 1, 0, 2]",900,148.53167533874512,False,22.75766101326228,23,0.00224609375
1010011110,9029,"[3, 1, 0, 2]",900,148.5450267791748,True,22.75766101326228,23,0.00224609375
1010011110,9030,"[3, 1, 0, 2]",900,148.56362342834473,False,22.75766101326228,23,0.00224609375
1010011110,9031,"[3, 1, 0, 2]",900,148.57721328735352,True,22.75766101326228,23,0.00224609375
1010011110,9032,"[3, 1, 0, 2]",900,148.59604835510254,False,22.75766101326228,23,0.00224609375
1010011110,9033,"[3, 1, 0, 2]",900,148.60939979553223,True,22.75766101326228,23,0.00224609375
1010011110,9034,"[3, 1, 0, 2]",900,148.62799644470215,False,22.75766101326228,23,0.00224609375
1010011110,9035,"[3, 1, 0, 2]",900,148.64158630371094,True,22.75766101326228,23,0.00224609375
1010011110,9036,"[3, 1, 0, 2]",900,148.66018295288086,False,22.75766101326228,23,0.00224609375
1010011110,9037,"[3, 1, 0, 2]",900,148.67377281188965,True,22.75766101326228,23,0.00224609375
1010011110,9038,"[3, 1, 0, 2]",900,148.69213104248047,False,22.75766101326228,23,0.00224609375
1010011110,9039,"[3, 1, 0, 2]",900,148.70643615722656,True,22.75766101326228,23,0.00224609375
1010011110,9040,"[3, 1, 0, 2]",900,148.7274169921875,False,22.75766101326228,23,0.00224609375
1010011110,9041,"[3, 1, 0, 2]",900,148.7421989440918,True,22.75766101326228,23,0.00224609375
1010011110,9042,"[3, 1, 0, 2]",900,148.76294136047363,False,22.75766101326228,23,0.00224609375
1010011110,9043,"[3, 1, 0, 2]",900,148.77700805664062,True,22.75766101326228,23,0.00224609375
1010011110,9044,"[3, 1, 0, 2]",900,148.79560470581055,False,22.75766101326228,23,0.00224609375
1010011110,9045,"[3, 1, 0, 2]",900,148.80967140197754,True,22.75766101326228,23,0.00224609375
1010011110,9046,"[3, 1, 0, 2]",900,148.82779121398926,False,22.75766101326228,23,0.00224609375
1010011110,9047,"[3, 1, 0, 2]",900,148.84161949157715,True,22.75766101326228,23,0.00224609375
1010011110,9048,"[3, 1, 0, 2]",900,148.85997772216797,False,22.75766101326228,23,0.00224609375
1010011110,9049,"[3, 1, 0, 2]",900,148.87404441833496,True,22.75766101326228,23,0.00224609375
1010011110,9050,"[3, 1, 0, 2]",900,148.89264106750488,False,22.75766101326228,23,0.00224609375
1010011110,9051,"[3, 1, 0, 2]",900,148.90694618225098,True,22.75766101326228,23,0.00224609375
1010011110,9052,"[3, 1, 0, 2]",900,148.9255428314209,False,22.75766101326228,23,0.00224609375
1010011110,9053,"[3, 1, 0, 2]",900,148.9400863647461,True,22.75766101326228,23,0.00224609375
1010011110,9054,"[3, 1, 0, 2]",900,148.95892143249512,False,22.75766101326228,23,0.00224609375
1010011110,9055,"[3, 1, 0, 2]",900,148.9734649658203,True,22.75766101326228,23,0.00224609375
1010011110,9056,"[3, 1, 0, 2]",900,148.99373054504395,False,22.75766101326228,23,0.00224609375
1010011110,9057,"[3, 1, 0, 2]",900,149.00779724121094,True,22.75766101326228,23,0.00224609375
1010011110,9058,"[3, 1, 0, 2]",900,149.02615547180176,False,22.75766101326228,23,0.00224609375
1010011110,9059,"[3, 1, 0, 2]",900,149.03998374938965,True,22.75766101326228,23,0.00224609375
1010011110,9060,"[3, 1, 0, 2]",900,149.05881881713867,False,22.75766101326228,23,0.00224609375
1010011110,9061,"[3, 1, 0, 2]",900,149.07288551330566,True,22.75766101326228,23,0.00224609375
1010011110,9062,"[3, 1, 0, 2]",900,149.0926742553711,False,22.75766101326228,23,0.00224609375
1010011110,9063,"[3, 1, 0, 2]",900,149.11651611328125,True,22.75766101326228,23,0.00224609375
1010011110,9064,"[3, 1, 0, 2]",900,149.13415908813477,False,22.75766101326228,23,0.00224609375
1010011110,9065,"[3, 1, 0, 2]",900,149.14703369140625,True,22.75766101326228,23,0.00224609375
0100100111,9066,"[2, 3, 0, 1]",6600,149.16467666625977,False,14.272506259434046,23,0.00224609375
0100100111,9067,"[2, 3, 0, 1]",6600,149.17826652526855,True,14.272506259434046,23,0.00224609375
0100100111,9068,"[2, 3, 0, 1]",6600,149.19567108154297,False,14.272506259434046,23,0.00224609375
0100100111,9069,"[2, 3, 0, 1]",6600,149.20878410339355,True,14.272506259434046,23,0.00224609375
0100100111,9070,"[2, 3, 0, 1]",6600,149.22595024108887,False,14.272506259434046,23,0.00224609375
0100100111,9071,"[2, 3, 0, 1]",6600,149.23858642578125,True,14.272506259434046,23,0.00224609375
0100100111,9072,"[2, 3, 0, 1]",6600,149.25599098205566,False,14.272506259434046,23,0.00224609375
0100100111,9073,"[2, 3, 0, 1]",6600,149.26886558532715,True,14.272506259434046,23,0.00224609375
0100100111,9074,"[2, 3, 0, 1]",6600,149.28603172302246,False,14.272506259434046,23,0.00224609375
0100100111,9075,"[2, 3, 0, 1]",6600,149.29866790771484,True,14.272506259434046,23,0.00224609375
0100100111,9076,"[2, 3, 0, 1]",6600,149.31607246398926,False,14.272506259434046,23,0.00224609375
0100100111,9077,"[2, 3, 0, 1]",6600,149.32870864868164,True,14.272506259434046,23,0.00224609375
0100100111,9078,"[2, 3, 0, 1]",6600,149.34611320495605,False,14.272506259434046,23,0.00224609375
0100100111,9079,"[2, 3, 0, 1]",6600,149.35874938964844,True,14.272506259434046,23,0.00224609375
0100100111,9080,"[2, 3, 0, 1]",6600,149.37591552734375,False,14.272506259434046,23,0.00224609375
0100100111,9081,"[2, 3, 0, 1]",6600,149.38855171203613,True,14.272506259434046,23,0.00224609375
0100100111,9082,"[2, 3, 0, 1]",6600,149.40595626831055,False,14.272506259434046,23,0.00224609375
0100100111,9083,"[2, 3, 0, 1]",6600,149.41859245300293,True,14.272506259434046,23,0.00224609375
0100100111,9084,"[2, 3, 0, 1]",6600,149.43766593933105,False,14.272506259434046,23,0.00224609375
0100100111,9085,"[2, 3, 0, 1]",6600,149.45006370544434,True,14.272506259434046,23,0.00224609375
0100100111,9086,"[2, 3, 0, 1]",6600,149.46722984313965,False,14.272506259434046,23,0.00224609375
0100100111,9087,"[2, 3, 0, 1]",6600,149.47986602783203,True,14.272506259434046,23,0.00224609375
0100100111,9088,"[2, 3, 0, 1]",6600,149.49703216552734,False,14.272506259434046,23,0.00224609375
0100100111,9089,"[2, 3, 0, 1]",6600,149.50990676879883,True,14.272506259434046,23,0.00224609375
0100100111,9090,"[2, 3, 0, 1]",6600,149.52731132507324,False,14.272506259434046,23,0.00224609375
0100100111,9091,"[2, 3, 0, 1]",6600,149.54066276550293,True,14.272506259434046,23,0.00224609375
0100100111,9092,"[2, 3, 0, 1]",6600,149.55997467041016,False,14.272506259434046,23,0.00224609375
0100100111,9093,"[2, 3, 0, 1]",6600,149.57284927368164,True,14.272506259434046,23,0.00224609375
0100100111,9094,"[2, 3, 0, 1]",6600,149.59025382995605,False,14.272506259434046,23,0.00224609375
0100100111,9095,"[2, 3, 0, 1]",6600,149.60289001464844,True,14.272506259434046,23,0.00224609375
0100100111,9096,"[2, 3, 0, 1]",6600,149.62005615234375,False,14.272506259434046,23,0.00224609375
0100100111,9097,"[2, 3, 0, 1]",6600,149.63293075561523,True,14.272506259434046,23,0.00224609375
0100100111,9098,"[2, 3, 0, 1]",6600,149.65009689331055,False,14.272506259434046,23,0.00224609375
0100100111,9099,"[2, 3, 0, 1]",6600,149.66297149658203,True,14.272506259434046,23,0.00224609375
0100100111,9100,"[2, 3, 0, 1]",6600,149.68013763427734,False,14.272506259434046,23,0.00224609375
0100100111,9101,"[2, 3, 0, 1]",6600,149.69301223754883,True,14.272506259434046,23,0.00224609375
0100100111,9102,"[2, 3, 0, 1]",6600,149.71017837524414,False,14.272506259434046,23,0.00224609375
0100100111,9103,"[2, 3, 0, 1]",6600,149.72329139709473,True,14.272506259434046,23,0.00224609375
0100100111,9104,"[2, 3, 0, 1]",6600,149.74212646484375,False,14.272506259434046,23,0.00224609375
0100100111,9105,"[2, 3, 0, 1]",6600,149.75523948669434,True,14.272506259434046,23,0.00224609375
0100100111,9106,"[2, 3, 0, 1]",6600,149.77240562438965,False,14.272506259434046,23,0.00224609375
0100100111,9107,"[2, 3, 0, 1]",6600,149.78504180908203,True,14.272506259434046,23,0.00224609375
0100100111,9108,"[2, 3, 0, 1]",6600,149.80220794677734,False,14.272506259434046,23,0.00224609375
0100100111,9109,"[2, 3, 0, 1]",6600,149.81532096862793,True,14.272506259434046,23,0.00224609375
0100100111,9110,"[2, 3, 0, 1]",6600,149.83224868774414,False,14.272506259434046,23,0.00224609375
0100100111,9111,"[2, 3, 0, 1]",6600,149.84512329101562,True,14.272506259434046,23,0.00224609375
1101101101,9112,"[3, 0, 2, 1]",6300,149.86276626586914,False,25.313963514029567,23,0.00224609375
1101101101,9113,"[3, 0, 1, 2]",750,149.87659454345703,True,25.313963514029567,23,0.00224609375
1101101101,9114,"[3, 0, 2, 1]",6300,149.89423751831055,False,25.313963514029567,23,0.00224609375
1101101101,9115,"[3, 0, 1, 2]",750,149.90758895874023,True,25.313963514029567,23,0.00224609375
1101101101,9116,"[3, 0, 2, 1]",6300,149.92523193359375,False,25.313963514029567,23,0.00224609375
1101101101,9117,"[3, 0, 1, 2]",750,149.93858337402344,True,25.313963514029567,23,0.00224609375
1101101101,9118,"[3, 0, 2, 1]",6300,149.95622634887695,False,25.313963514029567,23,0.00224609375
1101101101,9119,"[3, 0, 1, 2]",750,149.96957778930664,True,25.313963514029567,23,0.00224609375
1101101101,9120,"[3, 0, 2, 1]",6300,149.98722076416016,False,25.313963514029567,23,0.00224609375
1101101101,9121,"[3, 0, 1, 2]",750,150.00033378601074,True,25.313963514029567,23,0.00224609375
1101101101,9122,"[3, 0, 2, 1]",6300,150.01797676086426,False,25.313963514029567,23,0.00224609375
1101101101,9123,"[3, 0, 1, 2]",750,150.03132820129395,True,25.313963514029567,23,0.00224609375
1101101101,9124,"[3, 0, 2, 1]",6300,150.04920959472656,False,25.313963514029567,23,0.00224609375
1101101101,9125,"[3, 0, 1, 2]",750,150.06256103515625,True,25.313963514029567,23,0.00224609375
1101101101,9126,"[3, 0, 2, 1]",6300,150.08187294006348,False,25.313963514029567,23,0.00224609375
1101101101,9127,"[3, 0, 1, 2]",750,150.09498596191406,True,25.313963514029567,23,0.00224609375
1101101101,9128,"[3, 0, 2, 1]",6300,150.11262893676758,False,25.313963514029567,23,0.00224609375
1101101101,9129,"[3, 0, 1, 2]",750,150.12574195861816,True,25.313963514029567,23,0.00224609375
1101101101,9130,"[3, 0, 2, 1]",6300,150.14314651489258,False,25.313963514029567,23,0.00224609375
1101101101,9131,"[3, 0, 1, 2]",750,150.15625953674316,True,25.313963514029567,23,0.00224609375
1101101101,9132,"[3, 0, 2, 1]",6300,150.17390251159668,False,25.313963514029567,23,0.00224609375
1101101101,9133,"[3, 0, 1, 2]",750,150.18701553344727,True,25.313963514029567,23,0.00224609375
1101101101,9134,"[3, 0, 2, 1]",6300,150.20465850830078,False,25.313963514029567,23,0.00224609375
1101101101,9135,"[3, 0, 1, 2]",750,150.21753311157227,True,25.313963514029567,23,0.00224609375
1101101101,9136,"[3, 0, 2, 1]",6300,150.23541450500488,False,25.313963514029567,23,0.00224609375
1101101101,9137,"[3, 0, 1, 2]",750,150.24805068969727,True,25.313963514029567,23,0.00224609375
1101101101,9138,"[3, 0, 2, 1]",6300,150.26569366455078,False,25.313963514029567,23,0.00224609375
1101101101,9139,"[3, 0, 1, 2]",750,150.27928352355957,True,25.313963514029567,23,0.00224609375
1101101101,9140,"[3, 0, 2, 1]",6300,150.2971649169922,False,25.313963514029567,23,0.00224609375
1101101101,9141,"[3, 0, 1, 2]",750,150.31123161315918,True,25.313963514029567,23,0.00224609375
1101101101,9142,"[3, 0, 2, 1]",6300,150.3310203552246,False,25.313963514029567,23,0.00224609375
1101101101,9143,"[3, 0, 1, 2]",750,150.3446102142334,True,25.313963514029567,23,0.00224609375
1101101101,9144,"[3, 0, 2, 1]",6300,150.3622531890869,False,25.313963514029567,23,0.00224609375
1101101101,9145,"[3, 0, 1, 2]",750,150.3758430480957,True,25.313963514029567,23,0.00224609375
1101101101,9146,"[3, 0, 2, 1]",6300,150.39539337158203,False,25.313963514029567,23,0.00224609375
1101101101,9147,"[3, 0, 1, 2]",750,150.40898323059082,True,25.313963514029567,23,0.00224609375
1101101101,9148,"[3, 0, 2, 1]",6300,150.42638778686523,False,25.313963514029567,23,0.00224609375
1101101101,9149,"[3, 0, 1, 2]",750,150.43926239013672,True,25.313963514029567,23,0.00224609375
1101101101,9150,"[3, 0, 2, 1]",6300,150.45714378356934,False,25.313963514029567,23,0.00224609375
1101101101,9151,"[3, 0, 1, 2]",750,150.47025680541992,True,25.313963514029567,23,0.00224609375
1101101101,9152,"[3, 0, 2, 1]",6300,150.48837661743164,False,25.313963514029567,23,0.00224609375
1101101101,9153,"[3, 0, 1, 2]",750,150.50172805786133,True,25.313963514029567,23,0.00224609375
1101101101,9154,"[3, 0, 2, 1]",6300,150.52008628845215,False,25.313963514029567,23,0.00224609375
1101101101,9155,"[3, 0, 1, 2]",750,150.53296089172363,True,25.313963514029567,23,0.00224609375
1101101101,9156,"[3, 0, 2, 1]",6300,150.55060386657715,False,25.313963514029567,23,0.00224609375
1101101101,9157,"[3, 0, 1, 2]",750,150.56371688842773,True,25.313963514029567,23,0.00224609375
0100001110,9158,"[3, 0, 2, 1]",6300,150.58135986328125,False,14.363774402289181,23,0.00224609375
0100001110,9159,"[3, 0, 1, 2]",750,150.59423446655273,True,14.363774402289181,23,0.00224609375
0100001110,9160,"[3, 0, 2, 1]",6300,150.61187744140625,False,14.363774402289181,23,0.00224609375
0100001110,9161,"[3, 0, 1, 2]",750,150.62499046325684,True,14.363774402289181,23,0.00224609375
0100001110,9162,"[3, 0, 2, 1]",6300,150.64263343811035,False,14.363774402289181,23,0.00224609375
0100001110,9163,"[3, 0, 1, 2]",750,150.65574645996094,True,14.363774402289181,23,0.00224609375
0100001110,9164,"[3, 0, 2, 1]",6300,150.67362785339355,False,14.363774402289181,23,0.00224609375
0100001110,9165,"[3, 0, 1, 2]",750,150.68697929382324,True,14.363774402289181,23,0.00224609375
0100001110,9166,"[3, 0, 2, 1]",6300,150.70486068725586,False,14.363774402289181,23,0.00224609375
0100001110,9167,"[3, 0, 1, 2]",750,150.7401466369629,True,14.363774402289181,23,0.00224609375
0100001110,9168,"[3, 0, 2, 1]",6300,150.76112747192383,False,14.363774402289181,23,0.00224609375
0100001110,9169,"[3, 0, 1, 2]",750,150.77519416809082,True,14.363774402289181,23,0.00224609375
0100001110,9170,"[3, 0, 2, 1]",6300,150.79307556152344,False,14.363774402289181,23,0.00224609375
0100001110,9171,"[3, 0, 1, 2]",750,150.80666542053223,True,14.363774402289181,23,0.00224609375
0100001110,9172,"[3, 0, 2, 1]",6300,150.82454681396484,False,14.363774402289181,23,0.00224609375
0100001110,9173,"[3, 0, 1, 2]",750,150.83789825439453,True,14.363774402289181,23,0.00224609375
0100001110,9174,"[3, 0, 2, 1]",6300,150.85554122924805,False,14.363774402289181,23,0.00224609375
0100001110,9175,"[3, 0, 1, 2]",750,150.86889266967773,True,14.363774402289181,23,0.00224609375
0100001110,9176,"[3, 0, 2, 1]",6300,150.88653564453125,False,14.363774402289181,23,0.00224609375
0100001110,9177,"[3, 0, 1, 2]",750,150.89988708496094,True,14.363774402289181,23,0.00224609375
0100001110,9178,"[3, 0, 2, 1]",6300,150.91753005981445,False,14.363774402289181,23,0.00224609375
0100001110,9179,"[3, 0, 1, 2]",750,150.93064308166504,True,14.363774402289181,23,0.00224609375
0100001110,9180,"[3, 0, 2, 1]",6300,150.94828605651855,False,14.363774402289181,23,0.00224609375
0100001110,9181,"[3, 0, 1, 2]",750,150.96163749694824,True,14.363774402289181,23,0.00224609375
0100001110,9182,"[3, 0, 2, 1]",6300,150.97951889038086,False,14.363774402289181,23,0.00224609375
0100001110,9183,"[3, 0, 1, 2]",750,150.99263191223145,True,14.363774402289181,23,0.00224609375
0100001110,9184,"[3, 0, 2, 1]",6300,151.01051330566406,False,14.363774402289181,23,0.00224609375
0100001110,9185,"[3, 0, 1, 2]",750,151.02362632751465,True,14.363774402289181,23,0.00224609375
0100001110,9186,"[3, 0, 2, 1]",6300,151.04126930236816,False,14.363774402289181,23,0.00224609375
0100001110,9187,"[3, 0, 1, 2]",750,151.05438232421875,True,14.363774402289181,23,0.00224609375
0100001110,9188,"[3, 0, 2, 1]",6300,151.07393264770508,False,14.363774402289181,23,0.00224609375
0100001110,9189,"[3, 0, 1, 2]",750,151.08704566955566,True,14.363774402289181,23,0.00224609375
0100001110,9190,"[3, 0, 2, 1]",6300,151.10492706298828,False,14.363774402289181,23,0.00224609375
0100001110,9191,"[3, 0, 1, 2]",750,151.11851692199707,True,14.363774402289181,23,0.00224609375
0100001110,9192,"[3, 0, 2, 1]",6300,151.1366367340088,False,14.363774402289181,23,0.00224609375
0100001110,9193,"[3, 0, 1, 2]",750,151.15022659301758,True,14.363774402289181,23,0.00224609375
0100001110,9194,"[3, 0, 2, 1]",6300,151.170015335083,False,14.363774402289181,23,0.00224609375
0100001110,9195,"[3, 0, 1, 2]",750,151.1833667755127,True,14.363774402289181,23,0.00224609375
0100001110,9196,"[3, 0, 2, 1]",6300,151.2012481689453,False,14.363774402289181,23,0.00224609375
0100001110,9197,"[3, 0, 1, 2]",750,151.2148380279541,True,14.363774402289181,23,0.00224609375
0100001110,9198,"[3, 0, 2, 1]",6300,151.23248100280762,False,14.363774402289181,23,0.00224609375
0100001110,9199,"[3, 0, 1, 2]",750,151.2460708618164,True,14.363774402289181,23,0.00224609375
0100001110,9200,"[3, 0, 2, 1]",6300,151.26371383666992,False,14.363774402289181,23,0.00224609375
0100001110,9201,"[3, 0, 1, 2]",750,151.2773036956787,True,14.363774402289181,23,0.00224609375
0100001110,9202,"[3, 0, 2, 1]",6300,151.29494667053223,False,14.363774402289181,23,0.00224609375
0100001110,9203,"[3, 0, 1, 2]",750,151.3082981109619,True,14.363774402289181,23,0.00224609375
1011001111,9204,"[3, 1, 0, 2]",900,151.32617950439453,False,17.772648258957467,23,0.00224609375
1011001111,9205,"[3, 1, 0, 2]",900,151.33976936340332,True,17.772648258957467,23,0.00224609375
1011001111,9206,"[3, 1, 0, 2]",900,151.35741233825684,False,17.772648258957467,23,0.00224609375
1011001111,9207,"[3, 1, 0, 2]",900,151.37076377868652,True,17.772648258957467,23,0.00224609375
1011001111,9208,"[3, 1, 0, 2]",900,151.38864517211914,False,17.772648258957467,23,0.00224609375
1011001111,9209,"[3, 1, 0, 2]",900,151.40199661254883,True,17.772648258957467,23,0.00224609375
1011001111,9210,"[3, 1, 0, 2]",900,151.42130851745605,False,17.772648258957467,23,0.00224609375
1011001111,9211,"[3, 1, 0, 2]",900,151.43465995788574,True,17.772648258957467,23,0.00224609375
1011001111,9212,"[3, 1, 0, 2]",900,151.45254135131836,False,17.772648258957467,23,0.00224609375
1011001111,9213,"[3, 1, 0, 2]",900,151.46565437316895,True,17.772648258957467,23,0.00224609375
1011001111,9214,"[3, 1, 0, 2]",900,151.48329734802246,False,17.772648258957467,23,0.00224609375
1011001111,9215,"[3, 1, 0, 2]",900,151.49641036987305,True,17.772648258957467,23,0.00224609375
1011001111,9216,"[3, 1, 0, 2]",900,151.51405334472656,False,17.772648258957467,23,0.00224609375
1011001111,9217,"[3, 1, 0, 2]",900,151.52740478515625,True,17.772648258957467,23,0.00224609375
1011001111,9218,"[3, 1, 0, 2]",900,151.54504776000977,False,17.772648258957467,23,0.00224609375
1011001111,9219,"[3, 1, 0, 2]",900,151.55863761901855,True,17.772648258957467,23,0.00224609375
1011001111,9220,"[3, 1, 0, 2]",900,151.57651901245117,False,17.772648258957467,23,0.00224609375
1011001111,9221,"[3, 1, 0, 2]",900,151.59034729003906,True,17.772648258957467,23,0.00224609375
1011001111,9222,"[3, 1, 0, 2]",900,151.60775184631348,False,17.772648258957467,23,0.00224609375
1011001111,9223,"[3, 1, 0, 2]",900,151.62158012390137,True,17.772648258957467,23,0.00224609375
1011001111,9224,"[3, 1, 0, 2]",900,151.6406536102295,False,17.772648258957467,23,0.00224609375
1011001111,9225,"[3, 1, 0, 2]",900,151.65424346923828,True,17.772648258957467,23,0.00224609375
1011001111,9226,"[3, 1, 0, 2]",900,151.6718864440918,False,17.772648258957467,23,0.00224609375
1011001111,9227,"[3, 1, 0, 2]",900,151.6854763031006,True,17.772648258957467,23,0.00224609375
1011001111,9228,"[3, 1, 0, 2]",900,151.7033576965332,False,17.772648258957467,23,0.00224609375
1011001111,9229,"[3, 1, 0, 2]",900,151.716947555542,True,17.772648258957467,23,0.00224609375
1011001111,9230,"[3, 1, 0, 2]",900,151.73673629760742,False,17.772648258957467,23,0.00224609375
1011001111,9231,"[3, 1, 0, 2]",900,151.7503261566162,True,17.772648258957467,23,0.00224609375
1011001111,9232,"[3, 1, 0, 2]",900,151.76796913146973,False,17.772648258957467,23,0.00224609375
1011001111,9233,"[3, 1, 0, 2]",900,151.7813205718994,True,17.772648258957467,23,0.00224609375
1011001111,9234,"[3, 1, 0, 2]",900,151.79872512817383,False,17.772648258957467,23,0.00224609375
1011001111,9235,"[3, 1, 0, 2]",900,151.81207656860352,True,17.772648258957467,23,0.00224609375
1011001111,9236,"[3, 1, 0, 2]",900,151.82971954345703,False,17.772648258957467,23,0.00224609375
1011001111,9237,"[3, 1, 0, 2]",900,151.84617042541504,True,17.772648258957467,23,0.00224609375
1011001111,9238,"[3, 1, 0, 2]",900,151.86429023742676,False,17.772648258957467,23,0.00224609375
1011001111,9239,"[3, 1, 0, 2]",900,151.87764167785645,True,17.772648258957467,23,0.00224609375
1011001111,9240,"[3, 1, 0, 2]",900,151.89552307128906,False,17.772648258957467,23,0.00224609375
1011001111,9241,"[3, 1, 0, 2]",900,151.92484855651855,True,17.772648258957467,23,0.00224609375
1011001111,9242,"[3, 1, 0, 2]",900,151.94368362426758,False,17.772648258957467,23,0.00224609375
1011001111,9243,"[3, 1, 0, 2]",900,151.95751190185547,True,17.772648258957467,23,0.00224609375
1011001111,9244,"[3, 1, 0, 2]",900,151.9775390625,False,17.772648258957467,23,0.00224609375
1011001111,9245,"[3, 1, 0, 2]",900,151.9913673400879,True,17.772648258957467,23,0.00224609375
1011001111,9246,"[3, 1, 0, 2]",900,152.0099639892578,False,17.772648258957467,23,0.00224609375
1011001111,9247,"[3, 1, 0, 2]",900,152.0240306854248,True,17.772648258957467,23,0.00224609375
1011001111,9248,"[3, 1, 0, 2]",900,152.04238891601562,False,17.772648258957467,23,0.00224609375
1011001111,9249,"[3, 1, 0, 2]",900,152.05621719360352,True,17.772648258957467,23,0.00224609375
0111000000,9250,"[1, 0, 3, 2]",465,152.07481384277344,False,10.118563817365718,23,0.00224609375
0111000000,9251,"[1, 0, 3, 2]",465,152.08935737609863,True,10.118563817365718,23,0.00224609375
0111000000,9252,"[1, 0, 3, 2]",465,152.10962295532227,False,10.118563817365718,23,0.00224609375
0111000000,9253,"[1, 0, 3, 2]",465,152.12416648864746,True,10.118563817365718,23,0.00224609375
0111000000,9254,"[1, 0, 3, 2]",465,152.14252471923828,False,10.118563817365718,23,0.00224609375
0111000000,9255,"[1, 0, 3, 2]",465,152.15682983398438,True,10.118563817365718,23,0.00224609375
0111000000,9256,"[1, 0, 3, 2]",465,152.1754264831543,False,10.118563817365718,23,0.00224609375
0111000000,9257,"[1, 0, 3, 2]",465,152.1892547607422,True,10.118563817365718,23,0.00224609375
0111000000,9258,"[1, 0, 3, 2]",465,152.2078514099121,False,10.118563817365718,23,0.00224609375
0111000000,9259,"[1, 0, 3, 2]",465,152.2219181060791,True,10.118563817365718,23,0.00224609375
0111000000,9260,"[1, 0, 3, 2]",465,152.24027633666992,False,10.118563817365718,23,0.00224609375
0111000000,9261,"[1, 0, 3, 2]",465,152.2541046142578,True,10.118563817365718,23,0.00224609375
0111000000,9262,"[1, 0, 3, 2]",465,152.27222442626953,False,10.118563817365718,23,0.00224609375
0111000000,9263,"[1, 0, 3, 2]",465,152.28605270385742,True,10.118563817365718,23,0.00224609375
0111000000,9264,"[1, 0, 3, 2]",465,152.30441093444824,False,10.118563817365718,23,0.00224609375
0111000000,9265,"[1, 0, 3, 2]",465,152.31800079345703,True,10.118563817365718,23,0.00224609375
0111000000,9266,"[1, 0, 3, 2]",465,152.33659744262695,False,10.118563817365718,23,0.00224609375
0111000000,9267,"[1, 0, 3, 2]",465,152.35042572021484,True,10.118563817365718,23,0.00224609375
0111000000,9268,"[1, 0, 3, 2]",465,152.36902236938477,False,10.118563817365718,23,0.00224609375
0111000000,9269,"[1, 0, 3, 2]",465,152.38285064697266,True,10.118563817365718,23,0.00224609375
0111000000,9270,"[1, 0, 3, 2]",465,152.40097045898438,False,10.118563817365718,23,0.00224609375
0111000000,9271,"[1, 0, 3, 2]",465,152.41503715515137,True,10.118563817365718,23,0.00224609375
0111000000,9272,"[1, 0, 3, 2]",465,152.435302734375,False,10.118563817365718,23,0.00224609375
0111000000,9273,"[1, 0, 3, 2]",465,152.4491310119629,True,10.118563817365718,23,0.00224609375
0111000000,9274,"[1, 0, 3, 2]",465,152.4672508239746,False,10.118563817365718,23,0.00224609375
0111000000,9275,"[1, 0, 3, 2]",465,152.4810791015625,True,10.118563817365718,23,0.00224609375
0111000000,9276,"[1, 0, 3, 2]",465,152.49943733215332,False,10.118563817365718,23,0.00224609375
0111000000,9277,"[1, 0, 3, 2]",465,152.5130271911621,True,10.118563817365718,23,0.00224609375
0111000000,9278,"[1, 0, 3, 2]",465,152.53138542175293,False,10.118563817365718,23,0.00224609375
0111000000,9279,"[1, 0, 3, 2]",465,152.54473686218262,True,10.118563817365718,23,0.00224609375
0111000000,9280,"[1, 0, 3, 2]",465,152.56309509277344,False,10.118563817365718,23,0.00224609375
0111000000,9281,"[1, 0, 3, 2]",465,152.57668495178223,True,10.118563817365718,23,0.00224609375
0111000000,9282,"[1, 0, 3, 2]",465,152.59504318237305,False,10.118563817365718,23,0.00224609375
0111000000,9283,"[1, 0, 3, 2]",465,152.60863304138184,True,10.118563817365718,23,0.00224609375
0111000000,9284,"[1, 0, 3, 2]",465,152.62699127197266,False,10.118563817365718,23,0.00224609375
0111000000,9285,"[1, 0, 3, 2]",465,152.64081954956055,True,10.118563817365718,23,0.00224609375
0111000000,9286,"[1, 0, 3, 2]",465,152.65941619873047,False,10.118563817365718,23,0.00224609375
0111000000,9287,"[1, 0, 3, 2]",465,152.67348289489746,True,10.118563817365718,23,0.00224609375
0111000000,9288,"[1, 0, 3, 2]",465,152.69160270690918,False,10.118563817365718,23,0.00224609375
0111000000,9289,"[1, 0, 3, 2]",465,152.70543098449707,True,10.118563817365718,23,0.00224609375
0111000000,9290,"[1, 0, 3, 2]",465,152.7235507965088,False,10.118563817365718,23,0.00224609375
0111000000,9291,"[1, 0, 3, 2]",465,152.73761749267578,True,10.118563817365718,23,0.00224609375
0111000000,9292,"[1, 0, 3, 2]",465,152.7578830718994,False,10.118563817365718,23,0.00224609375
0111000000,9293,"[1, 0, 3, 2]",465,152.7724266052246,True,10.118563817365718,23,0.00224609375
0111000000,9294,"[1, 0, 3, 2]",465,152.79245376586914,False,10.118563817365718,23,0.00224609375
0111000000,9295,"[1, 0, 3, 2]",465,152.80652046203613,True,10.118563817365718,23,0.00224609375
1000001011,9296,"[3, 0, 2, 1]",6300,152.82487869262695,False,31.18188720114459,23,0.00224609375
1000001011,9297,"[3, 0, 1, 2]",750,152.83966064453125,True,31.18188720114459,23,0.00224609375
1000001011,9298,"[3, 0, 2, 1]",6300,152.85849571228027,False,31.18188720114459,23,0.00224609375
1000001011,9299,"[3, 0, 1, 2]",750,152.87256240844727,True,31.18188720114459,23,0.00224609375
1000001011,9300,"[3, 0, 2, 1]",6300,152.8913974761963,False,31.18188720114459,23,0.00224609375
1000001011,9301,"[3, 0, 1, 2]",750,152.90546417236328,True,31.18188720114459,23,0.00224609375
1000001011,9302,"[3, 0, 2, 1]",6300,152.9238224029541,False,31.18188720114459,23,0.00224609375
1000001011,9303,"[3, 0, 1, 2]",750,152.9378890991211,True,31.18188720114459,23,0.00224609375
1000001011,9304,"[3, 0, 2, 1]",6300,152.9562473297119,False,31.18188720114459,23,0.00224609375
1000001011,9305,"[3, 0, 1, 2]",750,152.9700756072998,True,31.18188720114459,23,0.00224609375
1000001011,9306,"[3, 0, 2, 1]",6300,152.98867225646973,False,31.18188720114459,23,0.00224609375
1000001011,9307,"[3, 0, 1, 2]",750,153.00226211547852,True,31.18188720114459,23,0.00224609375
1000001011,9308,"[3, 0, 2, 1]",6300,153.02085876464844,False,31.18188720114459,23,0.00224609375
1000001011,9309,"[3, 0, 1, 2]",750,153.03468704223633,True,31.18188720114459,23,0.00224609375
1000001011,9310,"[3, 0, 2, 1]",6300,153.05304527282715,False,31.18188720114459,23,0.00224609375
1000001011,9311,"[3, 0, 1, 2]",750,153.06711196899414,True,31.18188720114459,23,0.00224609375
1000001011,9312,"[3, 0, 2, 1]",6300,153.08570861816406,False,31.18188720114459,23,0.00224609375
1000001011,9313,"[3, 0, 1, 2]",750,153.10025215148926,True,31.18188720114459,23,0.00224609375
1000001011,9314,"[3, 0, 2, 1]",6300,153.1205177307129,False,31.18188720114459,23,0.00224609375
1000001011,9315,"[3, 0, 1, 2]",750,153.14459800720215,True,31.18188720114459,23,0.00224609375
1000001011,9316,"[3, 0, 2, 1]",6300,153.16224098205566,False,31.18188720114459,23,0.00224609375
1000001011,9317,"[3, 0, 1, 2]",750,153.17511558532715,True,31.18188720114459,23,0.00224609375
1000001011,9318,"[3, 0, 2, 1]",6300,153.19275856018066,False,31.18188720114459,23,0.00224609375
1000001011,9319,"[3, 0, 1, 2]",750,153.20587158203125,True,31.18188720114459,23,0.00224609375
1000001011,9320,"[3, 0, 2, 1]",6300,153.22351455688477,False,31.18188720114459,23,0.00224609375
1000001011,9321,"[3, 0, 1, 2]",750,153.23638916015625,True,31.18188720114459,23,0.00224609375
1000001011,9322,"[3, 0, 2, 1]",6300,153.25403213500977,False,31.18188720114459,23,0.00224609375
1000001011,9323,"[3, 0, 1, 2]",750,153.26714515686035,True,31.18188720114459,23,0.00224609375
1000001011,9324,"[3, 0, 2, 1]",6300,153.28478813171387,False,31.18188720114459,23,0.00224609375
1000001011,9325,"[3, 0, 1, 2]",750,153.29790115356445,True,31.18188720114459,23,0.00224609375
1000001011,9326,"[3, 0, 2, 1]",6300,153.31578254699707,False,31.18188720114459,23,0.00224609375
1000001011,9327,"[3, 0, 1, 2]",750,153.32913398742676,True,31.18188720114459,23,0.00224609375
1000001011,9328,"[3, 0, 2, 1]",6300,153.34701538085938,False,31.18188720114459,23,0.00224609375
1000001011,9329,"[3, 0, 1, 2]",750,153.36012840270996,True,31.18188720114459,23,0.00224609375
1000001011,9330,"[3, 0, 2, 1]",6300,153.37777137756348,False,31.18188720114459,23,0.00224609375
1000001011,9331,"[3, 0, 1, 2]",750,153.39064598083496,True,31.18188720114459,23,0.00224609375
1000001011,9332,"[3, 0, 2, 1]",6300,153.40852737426758,False,31.18188720114459,23,0.00224609375
1000001011,9333,"[3, 0, 1, 2]",750,153.42116355895996,True,31.18188720114459,23,0.00224609375
1000001011,9334,"[3, 0, 2, 1]",6300,153.43880653381348,False,31.18188720114459,23,0.00224609375
1000001011,9335,"[3, 0, 1, 2]",750,153.45215797424316,True,31.18188720114459,23,0.00224609375
1000001011,9336,"[3, 0, 2, 1]",6300,153.4714698791504,False,31.18188720114459,23,0.00224609375
1000001011,9337,"[3, 0, 1, 2]",750,153.48482131958008,True,31.18188720114459,23,0.00224609375
1000001011,9338,"[3, 0, 2, 1]",6300,153.5024642944336,False,31.18188720114459,23,0.00224609375
1000001011,9339,"[3, 0, 1, 2]",750,153.51605415344238,True,31.18188720114459,23,0.00224609375
1000001011,9340,"[3, 0, 2, 1]",6300,153.5336971282959,False,31.18188720114459,23,0.00224609375
1000001011,9341,"[3, 0, 1, 2]",750,153.5472869873047,True,31.18188720114459,23,0.00224609375
0010111110,9342,"[3, 2, 1, 0]",9600,153.5651683807373,False,24.44567317458656,22,0.0021484375
0010111110,9343,"[3, 2, 1, 0]",9600,153.5794734954834,True,24.44567317458656,22,0.0021484375
0010111110,9344,"[3, 2, 1, 0]",9600,153.59878540039062,False,24.44567317458656,22,0.0021484375
0010111110,9345,"[3, 2, 1, 0]",9600,153.6123752593994,True,24.44567317458656,22,0.0021484375
0010111110,9346,"[3, 2, 1, 0]",9600,153.63001823425293,False,24.44567317458656,22,0.0021484375
0010111110,9347,"[3, 2, 1, 0]",9600,153.64336967468262,True,24.44567317458656,22,0.0021484375
0010111110,9348,"[3, 2, 1, 0]",9600,153.66101264953613,False,24.44567317458656,22,0.0021484375
0010111110,9349,"[3, 2, 1, 0]",9600,153.67388725280762,True,24.44567317458656,22,0.0021484375
0010111110,9350,"[3, 2, 1, 0]",9600,153.69129180908203,False,24.44567317458656,22,0.0021484375
0010111110,9351,"[3, 2, 1, 0]",9600,153.70416641235352,True,24.44567317458656,22,0.0021484375
0010111110,9352,"[3, 2, 1, 0]",9600,153.72180938720703,False,24.44567317458656,22,0.0021484375
0010111110,9353,"[3, 2, 1, 0]",9600,153.73468399047852,True,24.44567317458656,22,0.0021484375
0010111110,9354,"[3, 2, 1, 0]",9600,153.75232696533203,False,24.44567317458656,22,0.0021484375
0010111110,9355,"[3, 2, 1, 0]",9600,153.7649631500244,True,24.44567317458656,22,0.0021484375
0010111110,9356,"[3, 2, 1, 0]",9600,153.78451347351074,False,24.44567317458656,22,0.0021484375
0010111110,9357,"[3, 2, 1, 0]",9600,153.79738807678223,True,24.44567317458656,22,0.0021484375
0010111110,9358,"[3, 2, 1, 0]",9600,153.81503105163574,False,24.44567317458656,22,0.0021484375
0010111110,9359,"[3, 2, 1, 0]",9600,153.82742881774902,True,24.44567317458656,22,0.0021484375
0010111110,9360,"[3, 2, 1, 0]",9600,153.84483337402344,False,24.44567317458656,22,0.0021484375
0010111110,9361,"[3, 2, 1, 0]",9600,153.85770797729492,True,24.44567317458656,22,0.0021484375
0010111110,9362,"[3, 2, 1, 0]",9600,153.87511253356934,False,24.44567317458656,22,0.0021484375
0010111110,9363,"[3, 2, 1, 0]",9600,153.88822555541992,True,24.44567317458656,22,0.0021484375
0010111110,9364,"[3, 2, 1, 0]",9600,153.90586853027344,False,24.44567317458656,22,0.0021484375
0010111110,9365,"[3, 2, 1, 0]",9600,153.91898155212402,True,24.44567317458656,22,0.0021484375
0010111110,9366,"[3, 2, 1, 0]",9600,153.93638610839844,False,24.44567317458656,22,0.0021484375
0010111110,9367,"[3, 2, 1, 0]",9600,153.94902229309082,True,24.44567317458656,22,0.0021484375
0010111110,9368,"[3, 2, 1, 0]",9600,153.96642684936523,False,24.44567317458656,22,0.0021484375
0010111110,9369,"[3, 2, 1, 0]",9600,153.97953987121582,True,24.44567317458656,22,0.0021484375
0010111110,9370,"[3, 2, 1, 0]",9600,153.99718284606934,False,24.44567317458656,22,0.0021484375
0010111110,9371,"[3, 2, 1, 0]",9600,154.01029586791992,True,24.44567317458656,22,0.0021484375
0010111110,9372,"[3, 2, 1, 0]",9600,154.02793884277344,False,24.44567317458656,22,0.0021484375
0010111110,9373,"[3, 2, 1, 0]",9600,154.04081344604492,True,24.44567317458656,22,0.0021484375
0010111110,9374,"[3, 2, 1, 0]",9600,154.05821800231934,False,24.44567317458656,22,0.0021484375
0010111110,9375,"[3, 2, 1, 0]",9600,154.07109260559082,True,24.44567317458656,22,0.0021484375
0010111110,9376,"[3, 2, 1, 0]",9600,154.08921241760254,False,24.44567317458656,22,0.0021484375
0010111110,9377,"[3, 2, 1, 0]",9600,154.10184860229492,True,24.44567317458656,22,0.0021484375
0010111110,9378,"[3, 2, 1, 0]",9600,154.12235260009766,False,24.44567317458656,22,0.0021484375
0010111110,9379,"[3, 2, 1, 0]",9600,154.13522720336914,True,24.44567317458656,22,0.0021484375
0010111110,9380,"[3, 2, 1, 0]",9600,154.15310859680176,False,24.44567317458656,22,0.0021484375
0010111110,9381,"[3, 2, 1, 0]",9600,154.16598320007324,True,24.44567317458656,22,0.0021484375
0010111110,9382,"[3, 2, 1, 0]",9600,154.18362617492676,False,24.44567317458656,22,0.0021484375
0010111110,9383,"[3, 2, 1, 0]",9600,154.19650077819824,True,24.44567317458656,22,0.0021484375
0010111110,9384,"[3, 2, 1, 0]",9600,154.21414375305176,False,24.44567317458656,22,0.0021484375
0010111110,9385,"[3, 2, 1, 0]",9600,154.22701835632324,True,24.44567317458656,22,0.0021484375
0010010011,9386,"[1, 2, 3, 0]",9300,154.24466133117676,False,18.121627189805274,22,0.0021484375
0010010011,9387,"[1, 0, 2, 3]",315,154.25920486450195,True,18.121627189805274,22,0.0021484375
0010010011,9388,"[1, 2, 3, 0]",9300,154.27708625793457,False,18.121627189805274,22,0.0021484375
0010010011,9389,"[1, 0, 2, 3]",315,154.29139137268066,True,18.121627189805274,22,0.0021484375
0010010011,9390,"[1, 2, 3, 0]",9300,154.30903434753418,False,18.121627189805274,22,0.0021484375
0010010011,9391,"[1, 0, 2, 3]",315,154.32333946228027,True,18.121627189805274,22,0.0021484375
0010010011,9392,"[1, 2, 3, 0]",9300,154.3428897857666,False,18.121627189805274,22,0.0021484375
0010010011,9393,"[1, 0, 2, 3]",315,154.3571949005127,True,18.121627189805274,22,0.0021484375
0010010011,9394,"[1, 2, 3, 0]",9300,154.37698364257812,False,18.121627189805274,22,0.0021484375
0010010011,9395,"[1, 0, 2, 3]",315,154.39081192016602,True,18.121627189805274,22,0.0021484375
0010010011,9396,"[1, 2, 3, 0]",9300,154.40869331359863,False,18.121627189805274,22,0.0021484375
0010010011,9397,"[1, 0, 2, 3]",315,154.42252159118652,True,18.121627189805274,22,0.0021484375
0010010011,9398,"[1, 2, 3, 0]",9300,154.44183349609375,False,18.121627189805274,22,0.0021484375
0010010011,9399,"[1, 0, 2, 3]",315,154.45518493652344,True,18.121627189805274,22,0.0021484375
0010010011,9400,"[1, 2, 3, 0]",9300,154.47282791137695,False,18.121627189805274,22,0.0021484375
0010010011,9401,"[1, 0, 2, 3]",315,154.48617935180664,True,18.121627189805274,22,0.0021484375
0010010011,9402,"[1, 2, 3, 0]",9300,154.50406074523926,False,18.121627189805274,22,0.0021484375
0010010011,9403,"[1, 0, 2, 3]",315,154.51741218566895,True,18.121627189805274,22,0.0021484375
0010010011,9404,"[1, 2, 3, 0]",9300,154.53505516052246,False,18.121627189805274,22,0.0021484375
0010010011,9405,"[1, 0, 2, 3]",315,154.54840660095215,True,18.121627189805274,22,0.0021484375
0010010011,9406,"[1, 2, 3, 0]",9300,154.56581115722656,False,18.121627189805274,22,0.0021484375
0010010011,9407,"[1, 0, 2, 3]",315,154.57892417907715,True,18.121627189805274,22,0.0021484375
0010010011,9408,"[1, 2, 3, 0]",9300,154.59656715393066,False,18.121627189805274,22,0.0021484375
0010010011,9409,"[1, 0, 2, 3]",315,154.60968017578125,True,18.121627189805274,22,0.0021484375
0010010011,9410,"[1, 2, 3, 0]",9300,154.62708473205566,False,18.121627189805274,22,0.0021484375
0010010011,9411,"[1, 0, 2, 3]",315,154.63995933532715,True,18.121627189805274,22,0.0021484375
0010010011,9412,"[1, 2, 3, 0]",9300,154.65736389160156,False,18.121627189805274,22,0.0021484375
0010010011,9413,"[1, 0, 2, 3]",315,154.67047691345215,True,18.121627189805274,22,0.0021484375
0010010011,9414,"[1, 2, 3, 0]",9300,154.68811988830566,False,18.121627189805274,22,0.0021484375
0010010011,9415,"[1, 0, 2, 3]",315,154.70147132873535,True,18.121627189805274,22,0.0021484375
0010010011,9416,"[1, 2, 3, 0]",9300,154.71887588500977,False,18.121627189805274,22,0.0021484375
0010010011,9417,"[1, 0, 2, 3]",315,154.73270416259766,True,18.121627189805274,22,0.0021484375
0010010011,9418,"[1, 2, 3, 0]",9300,154.75058555603027,False,18.121627189805274,22,0.0021484375
0010010011,9419,"[1, 0, 2, 3]",315,154.76441383361816,True,18.121627189805274,22,0.0021484375
0010010011,9420,"[1, 2, 3, 0]",9300,154.7839641571045,False,18.121627189805274,22,0.0021484375
0010010011,9421,"[1, 0, 2, 3]",315,154.79755401611328,True,18.121627189805274,22,0.0021484375
0010010011,9422,"[1, 2, 3, 0]",9300,154.8151969909668,False,18.121627189805274,22,0.0021484375
0010010011,9423,"[1, 0, 2, 3]",315,154.82854843139648,True,18.121627189805274,22,0.0021484375
0010010011,9424,"[1, 2, 3, 0]",9300,154.8459529876709,False,18.121627189805274,22,0.0021484375
0010010011,9425,"[1, 0, 2, 3]",315,154.85906600952148,True,18.121627189805274,22,0.0021484375
0010010011,9426,"[1, 2, 3, 0]",9300,154.8764705657959,False,18.121627189805274,22,0.0021484375
0010010011,9427,"[1, 0, 2, 3]",315,154.8898220062256,True,18.121627189805274,22,0.0021484375
0010010011,9428,"[1, 2, 3, 0]",9300,154.9072265625,False,18.121627189805274,22,0.0021484375
0010010011,9429,"[1, 0, 2, 3]",315,154.9203395843506,True,18.121627189805274,22,0.0021484375
0010111101,9430,"[3, 2, 1, 0]",9600,154.9382209777832,False,28.797855692697922,22,0.0021484375
0010111101,9431,"[3, 2, 1, 0]",9600,154.951810836792,True,28.797855692697922,22,0.0021484375
0010111101,9432,"[3, 2, 1, 0]",9600,154.9696922302246,False,28.797855692697922,22,0.0021484375
0010111101,9433,"[3, 2, 1, 0]",9600,154.9828052520752,True,28.797855692697922,22,0.0021484375
0010111101,9434,"[3, 2, 1, 0]",9600,155.0004482269287,False,28.797855692697922,22,0.0021484375
0010111101,9435,"[3, 2, 1, 0]",9600,155.0135612487793,True,28.797855692697922,22,0.0021484375
0010111101,9436,"[3, 2, 1, 0]",9600,155.0312042236328,False,28.797855692697922,22,0.0021484375
0010111101,9437,"[3, 2, 1, 0]",9600,155.0443172454834,True,28.797855692697922,22,0.0021484375
0010111101,9438,"[3, 2, 1, 0]",9600,155.0617218017578,False,28.797855692697922,22,0.0021484375
0010111101,9439,"[3, 2, 1, 0]",9600,155.0748348236084,True,28.797855692697922,22,0.0021484375
0010111101,9440,"[3, 2, 1, 0]",9600,155.09414672851562,False,28.797855692697922,22,0.0021484375
0010111101,9441,"[3, 2, 1, 0]",9600,155.1072597503662,True,28.797855692697922,22,0.0021484375
0010111101,9442,"[3, 2, 1, 0]",9600,155.12490272521973,False,28.797855692697922,22,0.0021484375
0010111101,9443,"[3, 2, 1, 0]",9600,155.1382541656494,True,28.797855692697922,22,0.0021484375
0010111101,9444,"[3, 2, 1, 0]",9600,155.15613555908203,False,28.797855692697922,22,0.0021484375
0010111101,9445,"[3, 2, 1, 0]",9600,155.16948699951172,True,28.797855692697922,22,0.0021484375
0010111101,9446,"[3, 2, 1, 0]",9600,155.18879890441895,False,28.797855692697922,22,0.0021484375
0010111101,9447,"[3, 2, 1, 0]",9600,155.20167350769043,True,28.797855692697922,22,0.0021484375
0010111101,9448,"[3, 2, 1, 0]",9600,155.21931648254395,False,28.797855692697922,22,0.0021484375
0010111101,9449,"[3, 2, 1, 0]",9600,155.23242950439453,True,28.797855692697922,22,0.0021484375
0010111101,9450,"[3, 2, 1, 0]",9600,155.24959564208984,False,28.797855692697922,22,0.0021484375
0010111101,9451,"[3, 2, 1, 0]",9600,155.26247024536133,True,28.797855692697922,22,0.0021484375
0010111101,9452,"[3, 2, 1, 0]",9600,155.27987480163574,False,28.797855692697922,22,0.0021484375
0010111101,9453,"[3, 2, 1, 0]",9600,155.29251098632812,True,28.797855692697922,22,0.0021484375
0010111101,9454,"[3, 2, 1, 0]",9600,155.30967712402344,False,28.797855692697922,22,0.0021484375
0010111101,9455,"[3, 2, 1, 0]",9600,155.32255172729492,True,28.797855692697922,22,0.0021484375
0010111101,9456,"[3, 2, 1, 0]",9600,155.33995628356934,False,28.797855692697922,22,0.0021484375
0010111101,9457,"[3, 2, 1, 0]",9600,155.35259246826172,True,28.797855692697922,22,0.0021484375
0010111101,9458,"[3, 2, 1, 0]",9600,155.36999702453613,False,28.797855692697922,22,0.0021484375
0010111101,9459,"[3, 2, 1, 0]",9600,155.38263320922852,True,28.797855692697922,22,0.0021484375
0010111101,9460,"[3, 2, 1, 0]",9600,155.40027618408203,False,28.797855692697922,22,0.0021484375
0010111101,9461,"[3, 2, 1, 0]",9600,155.41315078735352,True,28.797855692697922,22,0.0021484375
0010111101,9462,"[3, 2, 1, 0]",9600,155.43270111083984,False,28.797855692697922,22,0.0021484375
0010111101,9463,"[3, 2, 1, 0]",9600,155.44509887695312,True,28.797855692697922,22,0.0021484375
0010111101,9464,"[3, 2, 1, 0]",9600,155.46274185180664,False,28.797855692697922,22,0.0021484375
0010111101,9465,"[3, 2, 1, 0]",9600,155.47561645507812,True,28.797855692697922,22,0.0021484375
0010111101,9466,"[3, 2, 1, 0]",9600,155.49302101135254,False,28.797855692697922,22,0.0021484375
0010111101,9467,"[3, 2, 1, 0]",9600,155.50613403320312,True,28.797855692697922,22,0.0021484375
0010111101,9468,"[3, 2, 1, 0]",9600,155.52353858947754,False,28.797855692697922,22,0.0021484375
0010111101,9469,"[3, 2, 1, 0]",9600,155.53689002990723,True,28.797855692697922,22,0.0021484375
0010111101,9470,"[3, 2, 1, 0]",9600,155.55429458618164,False,28.797855692697922,22,0.0021484375
0010111101,9471,"[3, 2, 1, 0]",9600,155.56740760803223,True,28.797855692697922,22,0.0021484375
0010111101,9472,"[3, 2, 1, 0]",9600,155.58457374572754,False,28.797855692697922,22,0.0021484375
0010111101,9473,"[3, 2, 1, 0]",9600,155.59744834899902,True,28.797855692697922,22,0.0021484375
1101100111,9474,"[0, 2, 3, 1]",6200,155.61485290527344,False,12.732215692871499,22,0.0021484375
1101100111,9475,"[0, 1, 2, 3]",315,155.62844276428223,True,12.732215692871499,22,0.0021484375
1101100111,9476,"[0, 2, 3, 1]",6200,155.64584732055664,False,12.732215692871499,22,0.0021484375
1101100111,9477,"[0, 1, 2, 3]",315,155.65919876098633,True,12.732215692871499,22,0.0021484375
1101100111,9478,"[0, 2, 3, 1]",6200,155.67684173583984,False,12.732215692871499,22,0.0021484375
1101100111,9479,"[0, 1, 2, 3]",315,155.68995475769043,True,12.732215692871499,22,0.0021484375
1101100111,9480,"[0, 2, 3, 1]",6200,155.70783615112305,False,12.732215692871499,22,0.0021484375
1101100111,9481,"[0, 1, 2, 3]",315,155.72118759155273,True,12.732215692871499,22,0.0021484375
1101100111,9482,"[0, 2, 3, 1]",6200,155.74049949645996,False,12.732215692871499,22,0.0021484375
1101100111,9483,"[0, 1, 2, 3]",315,155.75361251831055,True,12.732215692871499,22,0.0021484375
1101100111,9484,"[0, 2, 3, 1]",6200,155.77125549316406,False,12.732215692871499,22,0.0021484375
1101100111,9485,"[0, 1, 2, 3]",315,155.78413009643555,True,12.732215692871499,22,0.0021484375
1101100111,9486,"[0, 2, 3, 1]",6200,155.80177307128906,False,12.732215692871499,22,0.0021484375
1101100111,9487,"[0, 1, 2, 3]",315,155.81464767456055,True,12.732215692871499,22,0.0021484375
1101100111,9488,"[0, 2, 3, 1]",6200,155.83229064941406,False,12.732215692871499,22,0.0021484375
1101100111,9489,"[0, 1, 2, 3]",315,155.84778785705566,True,12.732215692871499,22,0.0021484375
1101100111,9490,"[0, 2, 3, 1]",6200,155.86590766906738,False,12.732215692871499,22,0.0021484375
1101100111,9491,"[0, 1, 2, 3]",315,155.87902069091797,True,12.732215692871499,22,0.0021484375
1101100111,9492,"[0, 2, 3, 1]",6200,155.89642524719238,False,12.732215692871499,22,0.0021484375
1101100111,9493,"[0, 1, 2, 3]",315,155.90977668762207,True,12.732215692871499,22,0.0021484375
1101100111,9494,"[0, 2, 3, 1]",6200,155.9274196624756,False,12.732215692871499,22,0.0021484375
1101100111,9495,"[0, 1, 2, 3]",315,155.94077110290527,True,12.732215692871499,22,0.0021484375
1101100111,9496,"[0, 2, 3, 1]",6200,155.9603214263916,False,12.732215692871499,22,0.0021484375
1101100111,9497,"[0, 1, 2, 3]",315,155.9734344482422,True,12.732215692871499,22,0.0021484375
1101100111,9498,"[0, 2, 3, 1]",6200,155.9913158416748,False,12.732215692871499,22,0.0021484375
1101100111,9499,"[0, 1, 2, 3]",315,156.0039520263672,True,12.732215692871499,22,0.0021484375
1101100111,9500,"[0, 2, 3, 1]",6200,156.0213565826416,False,12.732215692871499,22,0.0021484375
1101100111,9501,"[0, 1, 2, 3]",315,156.0344696044922,True,12.732215692871499,22,0.0021484375
1101100111,9502,"[0, 2, 3, 1]",6200,156.0521125793457,False,12.732215692871499,22,0.0021484375
1101100111,9503,"[0, 1, 2, 3]",315,156.0652256011963,True,12.732215692871499,22,0.0021484375
1101100111,9504,"[0, 2, 3, 1]",6200,156.0840606689453,False,12.732215692871499,22,0.0021484375
1101100111,9505,"[0, 1, 2, 3]",315,156.0971736907959,True,12.732215692871499,22,0.0021484375
1101100111,9506,"[0, 2, 3, 1]",6200,156.1148166656494,False,12.732215692871499,22,0.0021484375
1101100111,9507,"[0, 1, 2, 3]",315,156.1276912689209,True,12.732215692871499,22,0.0021484375
1101100111,9508,"[0, 2, 3, 1]",6200,156.1450958251953,False,12.732215692871499,22,0.0021484375
1101100111,9509,"[0, 1, 2, 3]",315,156.1579704284668,True,12.732215692871499,22,0.0021484375
1101100111,9510,"[0, 2, 3, 1]",6200,156.1756134033203,False,12.732215692871499,22,0.0021484375
1101100111,9511,"[0, 1, 2, 3]",315,156.1880111694336,True,12.732215692871499,22,0.0021484375
1101100111,9512,"[0, 2, 3, 1]",6200,156.205415725708,False,12.732215692871499,22,0.0021484375
1101100111,9513,"[0, 1, 2, 3]",315,156.2182903289795,True,12.732215692871499,22,0.0021484375
1101100111,9514,"[0, 2, 3, 1]",6200,156.235933303833,False,12.732215692871499,22,0.0021484375
1101100111,9515,"[0, 1, 2, 3]",315,156.27074241638184,True,12.732215692871499,22,0.0021484375
1101100111,9516,"[0, 2, 3, 1]",6200,156.28910064697266,False,12.732215692871499,22,0.0021484375
1101100111,9517,"[0, 1, 2, 3]",315,156.30269050598145,True,12.732215692871499,22,0.0021484375
0100010100,9518,"[3, 2, 0, 1]",6600,156.32057189941406,False,22.274426870775493,22,0.0021484375
0100010100,9519,"[3, 2, 0, 1]",6600,156.33416175842285,True,22.274426870775493,22,0.0021484375
0100010100,9520,"[3, 2, 0, 1]",6600,156.35228157043457,False,22.274426870775493,22,0.0021484375
0100010100,9521,"[3, 2, 0, 1]",6600,156.36539459228516,True,22.274426870775493,22,0.0021484375
0100010100,9522,"[3, 2, 0, 1]",6600,156.38279914855957,False,22.274426870775493,22,0.0021484375
0100010100,9523,"[3, 2, 0, 1]",6600,156.39638900756836,True,22.274426870775493,22,0.0021484375
0100010100,9524,"[3, 2, 0, 1]",6600,156.4159393310547,False,22.274426870775493,22,0.0021484375
0100010100,9525,"[3, 2, 0, 1]",6600,156.42952919006348,True,22.274426870775493,22,0.0021484375
0100010100,9526,"[3, 2, 0, 1]",6600,156.447172164917,False,22.274426870775493,22,0.0021484375
0100010100,9527,"[3, 2, 0, 1]",6600,156.46028518676758,True,22.274426870775493,22,0.0021484375
0100010100,9528,"[3, 2, 0, 1]",6600,156.4779281616211,False,22.274426870775493,22,0.0021484375
0100010100,9529,"[3, 2, 0, 1]",6600,156.49080276489258,True,22.274426870775493,22,0.0021484375
0100010100,9530,"[3, 2, 0, 1]",6600,156.508207321167,False,22.274426870775493,22,0.0021484375
0100010100,9531,"[3, 2, 0, 1]",6600,156.52108192443848,True,22.274426870775493,22,0.0021484375
0100010100,9532,"[3, 2, 0, 1]",6600,156.538724899292,False,22.274426870775493,22,0.0021484375
0100010100,9533,"[3, 2, 0, 1]",6600,156.55136108398438,True,22.274426870775493,22,0.0021484375
0100010100,9534,"[3, 2, 0, 1]",6600,156.5690040588379,False,22.274426870775493,22,0.0021484375
0100010100,9535,"[3, 2, 0, 1]",6600,156.58211708068848,True,22.274426870775493,22,0.0021484375
0100010100,9536,"[3, 2, 0, 1]",6600,156.5995216369629,False,22.274426870775493,22,0.0021484375
0100010100,9537,"[3, 2, 0, 1]",6600,156.61263465881348,True,22.274426870775493,22,0.0021484375
0100010100,9538,"[3, 2, 0, 1]",6600,156.6295623779297,False,22.274426870775493,22,0.0021484375
0100010100,9539,"[3, 2, 0, 1]",6600,156.64243698120117,True,22.274426870775493,22,0.0021484375
0100010100,9540,"[3, 2, 0, 1]",6600,156.6600799560547,False,22.274426870775493,22,0.0021484375
0100010100,9541,"[3, 2, 0, 1]",6600,156.67295455932617,True,22.274426870775493,22,0.0021484375
0100010100,9542,"[3, 2, 0, 1]",6600,156.6903591156006,False,22.274426870775493,22,0.0021484375
0100010100,9543,"[3, 2, 0, 1]",6600,156.70323371887207,True,22.274426870775493,22,0.0021484375
0100010100,9544,"[3, 2, 0, 1]",6600,156.7220687866211,False,22.274426870775493,22,0.0021484375
0100010100,9545,"[3, 2, 0, 1]",6600,156.73589706420898,True,22.274426870775493,22,0.0021484375
0100010100,9546,"[3, 2, 0, 1]",6600,156.7554473876953,False,22.274426870775493,22,0.0021484375
0100010100,9547,"[3, 2, 0, 1]",6600,156.7683219909668,True,22.274426870775493,22,0.0021484375
0100010100,9548,"[3, 2, 0, 1]",6600,156.7862033843994,False,22.274426870775493,22,0.0021484375
0100010100,9549,"[3, 2, 0, 1]",6600,156.7988395690918,True,22.274426870775493,22,0.0021484375
0100010100,9550,"[3, 2, 0, 1]",6600,156.8164825439453,False,22.274426870775493,22,0.0021484375
0100010100,9551,"[3, 2, 0, 1]",6600,156.8295955657959,True,22.274426870775493,22,0.0021484375
0100010100,9552,"[3, 2, 0, 1]",6600,156.8470001220703,False,22.274426870775493,22,0.0021484375
0100010100,9553,"[3, 2, 0, 1]",6600,156.8601131439209,True,22.274426870775493,22,0.0021484375
0100010100,9554,"[3, 2, 0, 1]",6600,156.8772792816162,False,22.274426870775493,22,0.0021484375
0100010100,9555,"[3, 2, 0, 1]",6600,156.890869140625,True,22.274426870775493,22,0.0021484375
0100010100,9556,"[3, 2, 0, 1]",6600,156.9080352783203,False,22.274426870775493,22,0.0021484375
0100010100,9557,"[3, 2, 0, 1]",6600,156.9216251373291,True,22.274426870775493,22,0.0021484375
0100010100,9558,"[3, 2, 0, 1]",6600,156.93902969360352,False,22.274426870775493,22,0.0021484375
0100010100,9559,"[3, 2, 0, 1]",6600,156.9521427154541,True,22.274426870775493,22,0.0021484375
0100010100,9560,"[3, 2, 0, 1]",6600,156.97121620178223,False,22.274426870775493,22,0.0021484375
0100010100,9561,"[3, 2, 0, 1]",6600,156.9840908050537,True,22.274426870775493,22,0.0021484375
1000111011,9562,"[2, 3, 0, 1]",6600,157.00149536132812,False,27.80874342829766,22,0.0021484375
1000111011,9563,"[2, 3, 0, 1]",6600,157.0141315460205,True,27.80874342829766,22,0.0021484375
1000111011,9564,"[2, 3, 0, 1]",6600,157.03153610229492,False,27.80874342829766,22,0.0021484375
1000111011,9565,"[2, 3, 0, 1]",6600,157.0444107055664,True,27.80874342829766,22,0.0021484375
1000111011,9566,"[2, 3, 0, 1]",6600,157.06443786621094,False,27.80874342829766,22,0.0021484375
1000111011,9567,"[2, 3, 0, 1]",6600,157.07707405090332,True,27.80874342829766,22,0.0021484375
1000111011,9568,"[2, 3, 0, 1]",6600,157.09447860717773,False,27.80874342829766,22,0.0021484375
1000111011,9569,"[2, 3, 0, 1]",6600,157.10735321044922,True,27.80874342829766,22,0.0021484375
1000111011,9570,"[2, 3, 0, 1]",6600,157.12475776672363,False,27.80874342829766,22,0.0021484375
1000111011,9571,"[2, 3, 0, 1]",6600,157.13739395141602,True,27.80874342829766,22,0.0021484375
1000111011,9572,"[2, 3, 0, 1]",6600,157.15479850769043,False,27.80874342829766,22,0.0021484375
1000111011,9573,"[2, 3, 0, 1]",6600,157.1676731109619,True,27.80874342829766,22,0.0021484375
1000111011,9574,"[2, 3, 0, 1]",6600,157.18483924865723,False,27.80874342829766,22,0.0021484375
1000111011,9575,"[2, 3, 0, 1]",6600,157.1977138519287,True,27.80874342829766,22,0.0021484375
1000111011,9576,"[2, 3, 0, 1]",6600,157.21511840820312,False,27.80874342829766,22,0.0021484375
1000111011,9577,"[2, 3, 0, 1]",6600,157.2275161743164,True,27.80874342829766,22,0.0021484375
1000111011,9578,"[2, 3, 0, 1]",6600,157.24492073059082,False,27.80874342829766,22,0.0021484375
1000111011,9579,"[2, 3, 0, 1]",6600,157.2573184967041,True,27.80874342829766,22,0.0021484375
1000111011,9580,"[2, 3, 0, 1]",6600,157.2744846343994,False,27.80874342829766,22,0.0021484375
1000111011,9581,"[2, 3, 0, 1]",6600,157.2871208190918,True,27.80874342829766,22,0.0021484375
1000111011,9582,"[2, 3, 0, 1]",6600,157.3042869567871,False,27.80874342829766,22,0.0021484375
1000111011,9583,"[2, 3, 0, 1]",6600,157.3166847229004,True,27.80874342829766,22,0.0021484375
1000111011,9584,"[2, 3, 0, 1]",6600,157.3340892791748,False,27.80874342829766,22,0.0021484375
1000111011,9585,"[2, 3, 0, 1]",6600,157.3467254638672,True,27.80874342829766,22,0.0021484375
1000111011,9586,"[2, 3, 0, 1]",6600,157.3643684387207,False,27.80874342829766,22,0.0021484375
1000111011,9587,"[2, 3, 0, 1]",6600,157.3772430419922,True,27.80874342829766,22,0.0021484375
1000111011,9588,"[2, 3, 0, 1]",6600,157.3960781097412,False,27.80874342829766,22,0.0021484375
1000111011,9589,"[2, 3, 0, 1]",6600,157.4089527130127,True,27.80874342829766,22,0.0021484375
1000111011,9590,"[2, 3, 0, 1]",6600,157.4263572692871,False,27.80874342829766,22,0.0021484375
1000111011,9591,"[2, 3, 0, 1]",6600,157.4385166168213,True,27.80874342829766,22,0.0021484375
1000111011,9592,"[2, 3, 0, 1]",6600,157.4559211730957,False,27.80874342829766,22,0.0021484375
1000111011,9593,"[2, 3, 0, 1]",6600,157.4685573577881,True,27.80874342829766,22,0.0021484375
1000111011,9594,"[2, 3, 0, 1]",6600,157.4859619140625,False,27.80874342829766,22,0.0021484375
1000111011,9595,"[2, 3, 0, 1]",6600,157.4995517730713,True,27.80874342829766,22,0.0021484375
1000111011,9596,"[2, 3, 0, 1]",6600,157.51886367797852,False,27.80874342829766,22,0.0021484375
1000111011,9597,"[2, 3, 0, 1]",6600,157.5319766998291,True,27.80874342829766,22,0.0021484375
1000111011,9598,"[2, 3, 0, 1]",6600,157.54938125610352,False,27.80874342829766,22,0.0021484375
1000111011,9599,"[2, 3, 0, 1]",6600,157.562255859375,True,27.80874342829766,22,0.0021484375
1000111011,9600,"[2, 3, 0, 1]",6600,157.5796604156494,False,27.80874342829766,22,0.0021484375
1000111011,9601,"[2, 3, 0, 1]",6600,157.5922966003418,True,27.80874342829766,22,0.0021484375
1000111011,9602,"[2, 3, 0, 1]",6600,157.6094627380371,False,27.80874342829766,22,0.0021484375
1000111011,9603,"[2, 3, 0, 1]",6600,157.6218605041504,True,27.80874342829766,22,0.0021484375
1000111011,9604,"[2, 3, 0, 1]",6600,157.6392650604248,False,27.80874342829766,22,0.0021484375
1000111011,9605,"[2, 3, 0, 1]",6600,157.6519012451172,True,27.80874342829766,22,0.0021484375
1110110110,9606,"[2, 0, 1, 3]",500,157.6857566833496,False,24.4105565813594,22,0.0021484375
1110110110,9607,"[2, 0, 1, 3]",500,157.7003002166748,True,24.4105565813594,22,0.0021484375
1110110110,9608,"[2, 0, 1, 3]",500,157.72080421447754,False,24.4105565813594,22,0.0021484375
1110110110,9609,"[2, 0, 1, 3]",500,157.73463249206543,True,24.4105565813594,22,0.0021484375
1110110110,9610,"[2, 0, 1, 3]",500,157.75299072265625,False,24.4105565813594,22,0.0021484375
1110110110,9611,"[2, 0, 1, 3]",500,157.76634216308594,True,24.4105565813594,22,0.0021484375
1110110110,9612,"[2, 0, 1, 3]",500,157.78493881225586,False,24.4105565813594,22,0.0021484375
1110110110,9613,"[2, 0, 1, 3]",500,157.79852867126465,True,24.4105565813594,22,0.0021484375
1110110110,9614,"[2, 0, 1, 3]",500,157.81688690185547,False,24.4105565813594,22,0.0021484375
1110110110,9615,"[2, 0, 1, 3]",500,157.83047676086426,True,24.4105565813594,22,0.0021484375
1110110110,9616,"[2, 0, 1, 3]",500,157.84907341003418,False,24.4105565813594,22,0.0021484375
1110110110,9617,"[2, 0, 1, 3]",500,157.86290168762207,True,24.4105565813594,22,0.0021484375
1110110110,9618,"[2, 0, 1, 3]",500,157.8807830810547,False,24.4105565813594,22,0.0021484375
1110110110,9619,"[2, 0, 1, 3]",500,157.89484977722168,True,24.4105565813594,22,0.0021484375
1110110110,9620,"[2, 0, 1, 3]",500,157.9129695892334,False,24.4105565813594,22,0.0021484375
1110110110,9621,"[2, 0, 1, 3]",500,157.9267978668213,True,24.4105565813594,22,0.0021484375
1110110110,9622,"[2, 0, 1, 3]",500,157.944917678833,False,24.4105565813594,22,0.0021484375
1110110110,9623,"[2, 0, 1, 3]",500,157.9587459564209,True,24.4105565813594,22,0.0021484375
1110110110,9624,"[2, 0, 1, 3]",500,157.97710418701172,False,24.4105565813594,22,0.0021484375
1110110110,9625,"[2, 0, 1, 3]",500,157.9909324645996,True,24.4105565813594,22,0.0021484375
1110110110,9626,"[2, 0, 1, 3]",500,158.00905227661133,False,24.4105565813594,22,0.0021484375
1110110110,9627,"[2, 0, 1, 3]",500,158.02264213562012,True,24.4105565813594,22,0.0021484375
1110110110,9628,"[2, 0, 1, 3]",500,158.04076194763184,False,24.4105565813594,22,0.0021484375
1110110110,9629,"[2, 0, 1, 3]",500,158.05435180664062,True,24.4105565813594,22,0.0021484375
1110110110,9630,"[2, 0, 1, 3]",500,158.07485580444336,False,24.4105565813594,22,0.0021484375
1110110110,9631,"[2, 0, 1, 3]",500,158.08844566345215,True,24.4105565813594,22,0.0021484375
1110110110,9632,"[2, 0, 1, 3]",500,158.10704231262207,False,24.4105565813594,22,0.0021484375
1110110110,9633,"[2, 0, 1, 3]",500,158.12063217163086,True,24.4105565813594,22,0.0021484375
1110110110,9634,"[2, 0, 1, 3]",500,158.13899040222168,False,24.4105565813594,22,0.0021484375
1110110110,9635,"[2, 0, 1, 3]",500,158.15234184265137,True,24.4105565813594,22,0.0021484375
1110110110,9636,"[2, 0, 1, 3]",500,158.1707000732422,False,24.4105565813594,22,0.0021484375
1110110110,9637,"[2, 0, 1, 3]",500,158.18405151367188,True,24.4105565813594,22,0.0021484375
1110110110,9638,"[2, 0, 1, 3]",500,158.2021713256836,False,24.4105565813594,22,0.0021484375
1110110110,9639,"[2, 0, 1, 3]",500,158.21552276611328,True,24.4105565813594,22,0.0021484375
1110110110,9640,"[2, 0, 1, 3]",500,158.2341194152832,False,24.4105565813594,22,0.0021484375
1110110110,9641,"[2, 0, 1, 3]",500,158.2474708557129,True,24.4105565813594,22,0.0021484375
1110110110,9642,"[2, 0, 1, 3]",500,158.2660675048828,False,24.4105565813594,22,0.0021484375
1110110110,9643,"[2, 0, 1, 3]",500,158.2796573638916,True,24.4105565813594,22,0.0021484375
1110110110,9644,"[2, 0, 1, 3]",500,158.29801559448242,False,24.4105565813594,22,0.0021484375
1110110110,9645,"[2, 0, 1, 3]",500,158.31232070922852,True,24.4105565813594,22,0.0021484375
1110110110,9646,"[2, 0, 1, 3]",500,158.33282470703125,False,24.4105565813594,22,0.0021484375
1110110110,9647,"[2, 0, 1, 3]",500,158.34689140319824,True,24.4105565813594,22,0.0021484375
1110110110,9648,"[2, 0, 1, 3]",500,158.36548805236816,False,24.4105565813594,22,0.0021484375
1110110110,9649,"[2, 0, 1, 3]",500,158.38003158569336,True,24.4105565813594,22,0.0021484375
1011011111,9650,"[3, 1, 0, 2]",900,158.4160327911377,False,21.767085447832443,21,0.00205078125
1011011111,9651,"[3, 1, 0, 2]",900,158.430814743042,True,21.767085447832443,21,0.00205078125
1011011111,9652,"[3, 1, 0, 2]",900,158.4603786468506,False,21.767085447832443,21,0.00205078125
1011011111,9653,"[3, 1, 0, 2]",900,158.47516059875488,True,21.767085447832443,21,0.00205078125
1011011111,9654,"[3, 1, 0, 2]",900,158.50400924682617,False,21.767085447832443,21,0.00205078125
1011011111,9655,"[3, 1, 0, 2]",900,158.51879119873047,True,21.767085447832443,21,0.00205078125
1011011111,9656,"[3, 1, 0, 2]",900,158.54787826538086,False,21.767085447832443,21,0.00205078125
1011011111,9657,"[3, 1, 0, 2]",900,158.56242179870605,True,21.767085447832443,21,0.00205078125
1011011111,9658,"[3, 1, 0, 2]",900,158.59174728393555,False,21.767085447832443,21,0.00205078125
1011011111,9659,"[3, 1, 0, 2]",900,158.60605239868164,True,21.767085447832443,21,0.00205078125
1011011111,9660,"[3, 1, 0, 2]",900,158.63537788391113,False,21.767085447832443,21,0.00205078125
1011011111,9661,"[3, 1, 0, 2]",900,158.64968299865723,True,21.767085447832443,21,0.00205078125
1011011111,9662,"[3, 1, 0, 2]",900,158.67924690246582,False,21.767085447832443,21,0.00205078125
1011011111,9663,"[3, 1, 0, 2]",900,158.69379043579102,True,21.767085447832443,21,0.00205078125
1011011111,9664,"[3, 1, 0, 2]",900,158.7228775024414,False,21.767085447832443,21,0.00205078125
1011011111,9665,"[3, 1, 0, 2]",900,158.7369441986084,True,21.767085447832443,21,0.00205078125
1011011111,9666,"[3, 1, 0, 2]",900,158.77628326416016,False,21.767085447832443,21,0.00205078125
1011011111,9667,"[3, 1, 0, 2]",900,158.79011154174805,True,21.767085447832443,21,0.00205078125
1011011111,9668,"[3, 1, 0, 2]",900,158.81800651550293,False,21.767085447832443,21,0.00205078125
1011011111,9669,"[3, 1, 0, 2]",900,158.83159637451172,True,21.767085447832443,21,0.00205078125
1011011111,9670,"[3, 1, 0, 2]",900,158.86759757995605,False,21.767085447832443,21,0.00205078125
1011011111,9671,"[3, 1, 0, 2]",900,158.88333320617676,True,21.767085447832443,21,0.00205078125
1011011111,9672,"[3, 1, 0, 2]",900,158.9031219482422,False,21.767085447832443,21,0.00205078125
1011011111,9673,"[3, 1, 0, 2]",900,158.91647338867188,True,21.767085447832443,21,0.00205078125
1011011111,9674,"[3, 1, 0, 2]",900,158.9343547821045,False,21.767085447832443,21,0.00205078125
1011011111,9675,"[3, 1, 0, 2]",900,158.94770622253418,True,21.767085447832443,21,0.00205078125
1011011111,9676,"[3, 1, 0, 2]",900,158.9655876159668,False,21.767085447832443,21,0.00205078125
1011011111,9677,"[3, 1, 0, 2]",900,158.97870063781738,True,21.767085447832443,21,0.00205078125
1011011111,9678,"[3, 1, 0, 2]",900,158.9963436126709,False,21.767085447832443,21,0.00205078125
1011011111,9679,"[3, 1, 0, 2]",900,159.0096950531006,True,21.767085447832443,21,0.00205078125
1011011111,9680,"[3, 1, 0, 2]",900,159.0273380279541,False,21.767085447832443,21,0.00205078125
1011011111,9681,"[3, 1, 0, 2]",900,159.0406894683838,True,21.767085447832443,21,0.00205078125
1011011111,9682,"[3, 1, 0, 2]",900,159.0583324432373,False,21.767085447832443,21,0.00205078125
1011011111,9683,"[3, 1, 0, 2]",900,159.0719223022461,True,21.767085447832443,21,0.00205078125
1011011111,9684,"[3, 1, 0, 2]",900,159.0895652770996,False,21.767085447832443,21,0.00205078125
1011011111,9685,"[3, 1, 0, 2]",900,159.1029167175293,True,21.767085447832443,21,0.00205078125
1011011111,9686,"[3, 1, 0, 2]",900,159.1205596923828,False,21.767085447832443,21,0.00205078125
1011011111,9687,"[3, 1, 0, 2]",900,159.1336727142334,True,21.767085447832443,21,0.00205078125
1011011111,9688,"[3, 1, 0, 2]",900,159.15155410766602,False,21.767085447832443,21,0.00205078125
1011011111,9689,"[3, 1, 0, 2]",900,159.1649055480957,True,21.767085447832443,21,0.00205078125
1011011111,9690,"[3, 1, 0, 2]",900,159.18254852294922,False,21.767085447832443,21,0.00205078125
1011011111,9691,"[3, 1, 0, 2]",900,159.196138381958,True,21.767085447832443,21,0.00205078125
0011110011,9692,"[2, 1, 3, 0]",9300,159.21568870544434,False,10.363774402289181,21,0.00205078125
0011110011,9693,"[2, 1, 0, 3]",600,159.22904014587402,True,10.363774402289181,21,0.00205078125
0011110011,9694,"[2, 1, 3, 0]",9300,159.24692153930664,False,10.363774402289181,21,0.00205078125
0011110011,9695,"[2, 1, 0, 3]",600,159.26051139831543,True,10.363774402289181,21,0.00205078125
0011110011,9696,"[2, 1, 3, 0]",9300,159.27886962890625,False,10.363774402289181,21,0.00205078125
0011110011,9697,"[2, 1, 0, 3]",600,159.29198265075684,True,10.363774402289181,21,0.00205078125
0011110011,9698,"[2, 1, 3, 0]",9300,159.31200981140137,False,10.363774402289181,21,0.00205078125
0011110011,9699,"[2, 1, 0, 3]",600,159.32536125183105,True,10.363774402289181,21,0.00205078125
0011110011,9700,"[2, 1, 3, 0]",9300,159.34348106384277,False,10.363774402289181,21,0.00205078125
0011110011,9701,"[2, 1, 0, 3]",600,159.35659408569336,True,10.363774402289181,21,0.00205078125
0011110011,9702,"[2, 1, 3, 0]",9300,159.37447547912598,False,10.363774402289181,21,0.00205078125
0011110011,9703,"[2, 1, 0, 3]",600,159.38782691955566,True,10.363774402289181,21,0.00205078125
0011110011,9704,"[2, 1, 3, 0]",9300,159.40570831298828,False,10.363774402289181,21,0.00205078125
0011110011,9705,"[2, 1, 0, 3]",600,159.41905975341797,True,10.363774402289181,21,0.00205078125
0011110011,9706,"[2, 1, 3, 0]",9300,159.43670272827148,False,10.363774402289181,21,0.00205078125
0011110011,9707,"[2, 1, 0, 3]",600,159.45005416870117,True,10.363774402289181,21,0.00205078125
0011110011,9708,"[2, 1, 3, 0]",9300,159.4676971435547,False,10.363774402289181,21,0.00205078125
0011110011,9709,"[2, 1, 0, 3]",600,159.48104858398438,True,10.363774402289181,21,0.00205078125
0011110011,9710,"[2, 1, 3, 0]",9300,159.4986915588379,False,10.363774402289181,21,0.00205078125
0011110011,9711,"[2, 1, 0, 3]",600,159.51204299926758,True,10.363774402289181,21,0.00205078125
0011110011,9712,"[2, 1, 3, 0]",9300,159.5296859741211,False,10.363774402289181,21,0.00205078125
0011110011,9713,"[2, 1, 0, 3]",600,159.54303741455078,True,10.363774402289181,21,0.00205078125
0011110011,9714,"[2, 1, 3, 0]",9300,159.56401824951172,False,10.363774402289181,21,0.00205078125
0011110011,9715,"[2, 1, 0, 3]",600,159.5773696899414,True,10.363774402289181,21,0.00205078125
0011110011,9716,"[2, 1, 3, 0]",9300,159.59501266479492,False,10.363774402289181,21,0.00205078125
0011110011,9717,"[2, 1, 0, 3]",600,159.6081256866455,True,10.363774402289181,21,0.00205078125
0011110011,9718,"[2, 1, 3, 0]",9300,159.62553024291992,False,10.363774402289181,21,0.00205078125
0011110011,9719,"[2, 1, 0, 3]",600,159.6388816833496,True,10.363774402289181,21,0.00205078125
0011110011,9720,"[2, 1, 3, 0]",9300,159.65652465820312,False,10.363774402289181,21,0.00205078125
0011110011,9721,"[2, 1, 0, 3]",600,159.6698760986328,True,10.363774402289181,21,0.00205078125
0011110011,9722,"[2, 1, 3, 0]",9300,159.68751907348633,False,10.363774402289181,21,0.00205078125
0011110011,9723,"[2, 1, 0, 3]",600,159.70134735107422,True,10.363774402289181,21,0.00205078125
0011110011,9724,"[2, 1, 3, 0]",9300,159.72185134887695,False,10.363774402289181,21,0.00205078125
0011110011,9725,"[2, 1, 0, 3]",600,159.73567962646484,True,10.363774402289181,21,0.00205078125
0011110011,9726,"[2, 1, 3, 0]",9300,159.75356101989746,False,10.363774402289181,21,0.00205078125
0011110011,9727,"[2, 1, 0, 3]",600,159.76691246032715,True,10.363774402289181,21,0.00205078125
0011110011,9728,"[2, 1, 3, 0]",9300,159.78598594665527,False,10.363774402289181,21,0.00205078125
0011110011,9729,"[2, 1, 0, 3]",600,159.79909896850586,True,10.363774402289181,21,0.00205078125
0011110011,9730,"[2, 1, 3, 0]",9300,159.81650352478027,False,10.363774402289181,21,0.00205078125
0011110011,9731,"[2, 1, 0, 3]",600,159.82961654663086,True,10.363774402289181,21,0.00205078125
0011110011,9732,"[2, 1, 3, 0]",9300,159.8508358001709,False,10.363774402289181,21,0.00205078125
0011110011,9733,"[2, 1, 0, 3]",600,159.8644256591797,True,10.363774402289181,21,0.00205078125
0001100100,9734,"[2, 3, 1, 0]",9600,159.90090370178223,False,14.732215692871499,21,0.00205078125
0001100100,9735,"[2, 3, 1, 0]",9600,159.91473197937012,True,14.732215692871499,21,0.00205078125
0001100100,9736,"[2, 3, 1, 0]",9600,159.93309020996094,False,14.732215692871499,21,0.00205078125
0001100100,9737,"[2, 3, 1, 0]",9600,159.94691848754883,True,14.732215692871499,21,0.00205078125
0001100100,9738,"[2, 3, 1, 0]",9600,159.96527671813965,False,14.732215692871499,21,0.00205078125
0001100100,9739,"[2, 3, 1, 0]",9600,159.97886657714844,True,14.732215692871499,21,0.00205078125
0001100100,9740,"[2, 3, 1, 0]",9600,159.99698638916016,False,14.732215692871499,21,0.00205078125
0001100100,9741,"[2, 3, 1, 0]",9600,160.01057624816895,True,14.732215692871499,21,0.00205078125
0001100100,9742,"[2, 3, 1, 0]",9600,160.02893447875977,False,14.732215692871499,21,0.00205078125
0001100100,9743,"[2, 3, 1, 0]",9600,160.04204750061035,True,14.732215692871499,21,0.00205078125
0001100100,9744,"[2, 3, 1, 0]",9600,160.06040573120117,False,14.732215692871499,21,0.00205078125
0001100100,9745,"[2, 3, 1, 0]",9600,160.07351875305176,True,14.732215692871499,21,0.00205078125
0001100100,9746,"[2, 3, 1, 0]",9600,160.09259223937988,False,14.732215692871499,21,0.00205078125
0001100100,9747,"[2, 3, 1, 0]",9600,160.10618209838867,True,14.732215692871499,21,0.00205078125
0001100100,9748,"[2, 3, 1, 0]",9600,160.1264476776123,False,14.732215692871499,21,0.00205078125
0001100100,9749,"[2, 3, 1, 0]",9600,160.139799118042,True,14.732215692871499,21,0.00205078125
0001100100,9750,"[2, 3, 1, 0]",9600,160.1581573486328,False,14.732215692871499,21,0.00205078125
0001100100,9751,"[2, 3, 1, 0]",9600,160.1712703704834,True,14.732215692871499,21,0.00205078125
0001100100,9752,"[2, 3, 1, 0]",9600,160.18962860107422,False,14.732215692871499,21,0.00205078125
0001100100,9753,"[2, 3, 1, 0]",9600,160.2029800415039,True,14.732215692871499,21,0.00205078125
0001100100,9754,"[2, 3, 1, 0]",9600,160.22109985351562,False,14.732215692871499,21,0.00205078125
0001100100,9755,"[2, 3, 1, 0]",9600,160.2346897125244,True,14.732215692871499,21,0.00205078125
0001100100,9756,"[2, 3, 1, 0]",9600,160.25471687316895,False,14.732215692871499,21,0.00205078125
0001100100,9757,"[2, 3, 1, 0]",9600,160.26830673217773,True,14.732215692871499,21,0.00205078125
0001100100,9758,"[2, 3, 1, 0]",9600,160.28642654418945,False,14.732215692871499,21,0.00205078125
0001100100,9759,"[2, 3, 1, 0]",9600,160.30001640319824,True,14.732215692871499,21,0.00205078125
0001100100,9760,"[2, 3, 1, 0]",9600,160.31813621520996,False,14.732215692871499,21,0.00205078125
0001100100,9761,"[2, 3, 1, 0]",9600,160.33172607421875,True,14.732215692871499,21,0.00205078125
0001100100,9762,"[2, 3, 1, 0]",9600,160.34984588623047,False,14.732215692871499,21,0.00205078125
0001100100,9763,"[2, 3, 1, 0]",9600,160.36319732666016,True,14.732215692871499,21,0.00205078125
0001100100,9764,"[2, 3, 1, 0]",9600,160.38131713867188,False,14.732215692871499,21,0.00205078125
0001100100,9765,"[2, 3, 1, 0]",9600,160.39466857910156,True,14.732215692871499,21,0.00205078125
0001100100,9766,"[2, 3, 1, 0]",9600,160.41278839111328,False,14.732215692871499,21,0.00205078125
0001100100,9767,"[2, 3, 1, 0]",9600,160.42590141296387,True,14.732215692871499,21,0.00205078125
0001100100,9768,"[2, 3, 1, 0]",9600,160.4440212249756,False,14.732215692871499,21,0.00205078125
0001100100,9769,"[2, 3, 1, 0]",9600,160.45737266540527,True,14.732215692871499,21,0.00205078125
0001100100,9770,"[2, 3, 1, 0]",9600,160.475492477417,False,14.732215692871499,21,0.00205078125
0001100100,9771,"[2, 3, 1, 0]",9600,160.48884391784668,True,14.732215692871499,21,0.00205078125
0001100100,9772,"[2, 3, 1, 0]",9600,160.5069637298584,False,14.732215692871499,21,0.00205078125
0001100100,9773,"[2, 3, 1, 0]",9600,160.52007675170898,True,14.732215692871499,21,0.00205078125
0001100100,9774,"[2, 3, 1, 0]",9600,160.5381965637207,False,14.732215692871499,21,0.00205078125
0001100100,9775,"[2, 3, 1, 0]",9600,160.5515480041504,True,14.732215692871499,21,0.00205078125
0000101111,9776,"[3, 2, 1, 0]",9600,160.57157516479492,False,21.38946656094618,21,0.00205078125
0000101111,9777,"[3, 2, 1, 0]",9600,160.5851650238037,True,21.38946656094618,21,0.00205078125
0000101111,9778,"[3, 2, 1, 0]",9600,160.60352325439453,False,21.38946656094618,21,0.00205078125
0000101111,9779,"[3, 2, 1, 0]",9600,160.61687469482422,True,21.38946656094618,21,0.00205078125
0000101111,9780,"[3, 2, 1, 0]",9600,160.63499450683594,False,21.38946656094618,21,0.00205078125
0000101111,9781,"[3, 2, 1, 0]",9600,160.64834594726562,True,21.38946656094618,21,0.00205078125
0000101111,9782,"[3, 2, 1, 0]",9600,160.66670417785645,False,21.38946656094618,21,0.00205078125
0000101111,9783,"[3, 2, 1, 0]",9600,160.68005561828613,True,21.38946656094618,21,0.00205078125
0000101111,9784,"[3, 2, 1, 0]",9600,160.69865226745605,False,21.38946656094618,21,0.00205078125
0000101111,9785,"[3, 2, 1, 0]",9600,160.71200370788574,True,21.38946656094618,21,0.00205078125
0000101111,9786,"[3, 2, 1, 0]",9600,160.73012351989746,False,21.38946656094618,21,0.00205078125
0000101111,9787,"[3, 2, 1, 0]",9600,160.74323654174805,True,21.38946656094618,21,0.00205078125
0000101111,9788,"[3, 2, 1, 0]",9600,160.76159477233887,False,21.38946656094618,21,0.00205078125
0000101111,9789,"[3, 2, 1, 0]",9600,160.77446937561035,True,21.38946656094618,21,0.00205078125
0000101111,9790,"[3, 2, 1, 0]",9600,160.79282760620117,False,21.38946656094618,21,0.00205078125
0000101111,9791,"[3, 2, 1, 0]",9600,160.80570220947266,True,21.38946656094618,21,0.00205078125
0000101111,9792,"[3, 2, 1, 0]",9600,160.82429885864258,False,21.38946656094618,21,0.00205078125
0000101111,9793,"[3, 2, 1, 0]",9600,160.83717346191406,True,21.38946656094618,21,0.00205078125
0000101111,9794,"[3, 2, 1, 0]",9600,160.8560085296631,False,21.38946656094618,21,0.00205078125
0000101111,9795,"[3, 2, 1, 0]",9600,160.86912155151367,True,21.38946656094618,21,0.00205078125
0000101111,9796,"[3, 2, 1, 0]",9600,160.8891487121582,False,21.38946656094618,21,0.00205078125
0000101111,9797,"[3, 2, 1, 0]",9600,160.9032154083252,True,21.38946656094618,21,0.00205078125
0000101111,9798,"[3, 2, 1, 0]",9600,160.92348098754883,False,21.38946656094618,21,0.00205078125
0000101111,9799,"[3, 2, 1, 0]",9600,160.93707084655762,True,21.38946656094618,21,0.00205078125
0000101111,9800,"[3, 2, 1, 0]",9600,160.95519065856934,False,21.38946656094618,21,0.00205078125
0000101111,9801,"[3, 2, 1, 0]",9600,160.96854209899902,True,21.38946656094618,21,0.00205078125
0000101111,9802,"[3, 2, 1, 0]",9600,160.98713874816895,False,21.38946656094618,21,0.00205078125
0000101111,9803,"[3, 2, 1, 0]",9600,161.00025177001953,True,21.38946656094618,21,0.00205078125
0000101111,9804,"[3, 2, 1, 0]",9600,161.01861000061035,False,21.38946656094618,21,0.00205078125
0000101111,9805,"[3, 2, 1, 0]",9600,161.03219985961914,True,21.38946656094618,21,0.00205078125
0000101111,9806,"[3, 2, 1, 0]",9600,161.05031967163086,False,21.38946656094618,21,0.00205078125
0000101111,9807,"[3, 2, 1, 0]",9600,161.06414794921875,True,21.38946656094618,21,0.00205078125
0000101111,9808,"[3, 2, 1, 0]",9600,161.08250617980957,False,21.38946656094618,21,0.00205078125
0000101111,9809,"[3, 2, 1, 0]",9600,161.09633445739746,True,21.38946656094618,21,0.00205078125
0000101111,9810,"[3, 2, 1, 0]",9600,161.11469268798828,False,21.38946656094618,21,0.00205078125
0000101111,9811,"[3, 2, 1, 0]",9600,161.12828254699707,True,21.38946656094618,21,0.00205078125
0000101111,9812,"[3, 2, 1, 0]",9600,161.146879196167,False,21.38946656094618,21,0.00205078125
0000101111,9813,"[3, 2, 1, 0]",9600,161.16046905517578,True,21.38946656094618,21,0.00205078125
0000101111,9814,"[3, 2, 1, 0]",9600,161.1788272857666,False,21.38946656094618,21,0.00205078125
0000101111,9815,"[3, 2, 1, 0]",9600,161.1924171447754,True,21.38946656094618,21,0.00205078125
0000101111,9816,"[3, 2, 1, 0]",9600,161.2105369567871,False,21.38946656094618,21,0.00205078125
0000101111,9817,"[3, 2, 1, 0]",9600,161.2241268157959,True,21.38946656094618,21,0.00205078125
1101010101,9818,"[0, 3, 2, 1]",6300,161.24439239501953,False,20.636033823457012,21,0.00205078125
1101010101,9819,"[0, 1, 3, 2]",465,161.25869750976562,True,20.636033823457012,21,0.00205078125
1101010101,9820,"[0, 3, 2, 1]",6300,161.27753257751465,False,20.636033823457012,21,0.00205078125
1101010101,9821,"[0, 1, 3, 2]",465,161.29136085510254,True,20.636033823457012,21,0.00205078125
1101010101,9822,"[0, 3, 2, 1]",6300,161.31019592285156,False,20.636033823457012,21,0.00205078125
1101010101,9823,"[0, 1, 3, 2]",465,161.32354736328125,True,20.636033823457012,21,0.00205078125
1101010101,9824,"[0, 3, 2, 1]",6300,161.34214401245117,False,20.636033823457012,21,0.00205078125
1101010101,9825,"[0, 1, 3, 2]",465,161.35573387145996,True,20.636033823457012,21,0.00205078125
1101010101,9826,"[0, 3, 2, 1]",6300,161.37433052062988,False,20.636033823457012,21,0.00205078125
1101010101,9827,"[0, 1, 3, 2]",465,161.38792037963867,True,20.636033823457012,21,0.00205078125
1101010101,9828,"[0, 3, 2, 1]",6300,161.4062786102295,False,20.636033823457012,21,0.00205078125
1101010101,9829,"[0, 1, 3, 2]",465,161.41986846923828,True,20.636033823457012,21,0.00205078125
1101010101,9830,"[0, 3, 2, 1]",6300,161.4382266998291,False,20.636033823457012,21,0.00205078125
1101010101,9831,"[0, 1, 3, 2]",465,161.4515781402588,True,20.636033823457012,21,0.00205078125
1101010101,9832,"[0, 3, 2, 1]",6300,161.4701747894287,False,20.636033823457012,21,0.00205078125
1101010101,9833,"[0, 1, 3, 2]",465,161.4837646484375,True,20.636033823457012,21,0.00205078125
1101010101,9834,"[0, 3, 2, 1]",6300,161.50188446044922,False,20.636033823457012,21,0.00205078125
1101010101,9835,"[0, 1, 3, 2]",465,161.515474319458,True,20.636033823457012,21,0.00205078125
1101010101,9836,"[0, 3, 2, 1]",6300,161.53359413146973,False,20.636033823457012,21,0.00205078125
1101010101,9837,"[0, 1, 3, 2]",465,161.54766082763672,True,20.636033823457012,21,0.00205078125
1101010101,9838,"[0, 3, 2, 1]",6300,161.56601905822754,False,20.636033823457012,21,0.00205078125
1101010101,9839,"[0, 1, 3, 2]",465,161.57984733581543,True,20.636033823457012,21,0.00205078125
1101010101,9840,"[0, 3, 2, 1]",6300,161.60082817077637,False,20.636033823457012,21,0.00205078125
1101010101,9841,"[0, 1, 3, 2]",465,161.61465644836426,True,20.636033823457012,21,0.00205078125
1101010101,9842,"[0, 3, 2, 1]",6300,161.63277626037598,False,20.636033823457012,21,0.00205078125
1101010101,9843,"[0, 1, 3, 2]",465,161.64660453796387,True,20.636033823457012,21,0.00205078125
1101010101,9844,"[0, 3, 2, 1]",6300,161.66448593139648,False,20.636033823457012,21,0.00205078125
1101010101,9845,"[0, 1, 3, 2]",465,161.67807579040527,True,20.636033823457012,21,0.00205078125
1101010101,9846,"[0, 3, 2, 1]",6300,161.6964340209961,False,20.636033823457012,21,0.00205078125
1101010101,9847,"[0, 1, 3, 2]",465,161.7105007171631,True,20.636033823457012,21,0.00205078125
1101010101,9848,"[0, 3, 2, 1]",6300,161.73076629638672,False,20.636033823457012,21,0.00205078125
1101010101,9849,"[0, 1, 3, 2]",465,161.7445945739746,True,20.636033823457012,21,0.00205078125
1101010101,9850,"[0, 3, 2, 1]",6300,161.76295280456543,False,20.636033823457012,21,0.00205078125
1101010101,9851,"[0, 1, 3, 2]",465,161.77630424499512,True,20.636033823457012,21,0.00205078125
1101010101,9852,"[0, 3, 2, 1]",6300,161.79418563842773,False,20.636033823457012,21,0.00205078125
1101010101,9853,"[0, 1, 3, 2]",465,161.80777549743652,True,20.636033823457012,21,0.00205078125
1101010101,9854,"[0, 3, 2, 1]",6300,161.82589530944824,False,20.636033823457012,21,0.00205078125
1101010101,9855,"[0, 1, 3, 2]",465,161.83924674987793,True,20.636033823457012,21,0.00205078125
1101010101,9856,"[0, 3, 2, 1]",6300,161.85736656188965,False,20.636033823457012,21,0.00205078125
1101010101,9857,"[0, 1, 3, 2]",465,161.87095642089844,True,20.636033823457012,21,0.00205078125
1101010101,9858,"[0, 3, 2, 1]",6300,161.88907623291016,False,20.636033823457012,21,0.00205078125
1101010101,9859,"[0, 1, 3, 2]",465,161.90338134765625,True,20.636033823457012,21,0.00205078125
1001011000,9860,"[3, 0, 2, 1]",6300,161.9241237640381,False,18.27225942116783,21,0.00205078125
1001011000,9861,"[3, 0, 1, 2]",750,161.93866729736328,True,18.27225942116783,21,0.00205078125
1001011000,9862,"[3, 0, 2, 1]",6300,161.9575023651123,False,18.27225942116783,21,0.00205078125
1001011000,9863,"[3, 0, 1, 2]",750,161.99612617492676,True,18.27225942116783,21,0.00205078125
1001011000,9864,"[3, 0, 2, 1]",6300,162.01519966125488,False,18.27225942116783,21,0.00205078125
1001011000,9865,"[3, 0, 1, 2]",750,162.02998161315918,True,18.27225942116783,21,0.00205078125
1001011000,9866,"[3, 0, 2, 1]",6300,162.04833984375,False,18.27225942116783,21,0.00205078125
1001011000,9867,"[3, 0, 1, 2]",750,162.0626449584961,True,18.27225942116783,21,0.00205078125
1001011000,9868,"[3, 0, 2, 1]",6300,162.08124160766602,False,18.27225942116783,21,0.00205078125
1001011000,9869,"[3, 0, 1, 2]",750,162.0950698852539,True,18.27225942116783,21,0.00205078125
1001011000,9870,"[3, 0, 2, 1]",6300,162.11342811584473,False,18.27225942116783,21,0.00205078125
1001011000,9871,"[3, 0, 1, 2]",750,162.12725639343262,True,18.27225942116783,21,0.00205078125
1001011000,9872,"[3, 0, 2, 1]",6300,162.14585304260254,False,18.27225942116783,21,0.00205078125
1001011000,9873,"[3, 0, 1, 2]",750,162.15944290161133,True,18.27225942116783,21,0.00205078125
1001011000,9874,"[3, 0, 2, 1]",6300,162.17827796936035,False,18.27225942116783,21,0.00205078125
1001011000,9875,"[3, 0, 1, 2]",750,162.19234466552734,True,18.27225942116783,21,0.00205078125
1001011000,9876,"[3, 0, 2, 1]",6300,162.21046447753906,False,18.27225942116783,21,0.00205078125
1001011000,9877,"[3, 0, 1, 2]",750,162.22429275512695,True,18.27225942116783,21,0.00205078125
1001011000,9878,"[3, 0, 2, 1]",6300,162.24265098571777,False,18.27225942116783,21,0.00205078125
1001011000,9879,"[3, 0, 1, 2]",750,162.25647926330566,True,18.27225942116783,21,0.00205078125
1001011000,9880,"[3, 0, 2, 1]",6300,162.2750759124756,False,18.27225942116783,21,0.00205078125
1001011000,9881,"[3, 0, 1, 2]",750,162.28866577148438,True,18.27225942116783,21,0.00205078125
1001011000,9882,"[3, 0, 2, 1]",6300,162.3086929321289,False,18.27225942116783,21,0.00205078125
1001011000,9883,"[3, 0, 1, 2]",750,162.3222827911377,True,18.27225942116783,21,0.00205078125
1001011000,9884,"[3, 0, 2, 1]",6300,162.34087944030762,False,18.27225942116783,21,0.00205078125
1001011000,9885,"[3, 0, 1, 2]",750,162.3539924621582,True,18.27225942116783,21,0.00205078125
1001011000,9886,"[3, 0, 2, 1]",6300,162.37258911132812,False,18.27225942116783,21,0.00205078125
1001011000,9887,"[3, 0, 1, 2]",750,162.3859405517578,True,18.27225942116783,21,0.00205078125
1001011000,9888,"[3, 0, 2, 1]",6300,162.40429878234863,False,18.27225942116783,21,0.00205078125
1001011000,9889,"[3, 0, 1, 2]",750,162.41836547851562,True,18.27225942116783,21,0.00205078125
1001011000,9890,"[3, 0, 2, 1]",6300,162.43672370910645,False,18.27225942116783,21,0.00205078125
1001011000,9891,"[3, 0, 1, 2]",750,162.45126724243164,True,18.27225942116783,21,0.00205078125
1001011000,9892,"[3, 0, 2, 1]",6300,162.47010231018066,False,18.27225942116783,21,0.00205078125
1001011000,9893,"[3, 0, 1, 2]",750,162.48440742492676,True,18.27225942116783,21,0.00205078125
1001011000,9894,"[3, 0, 2, 1]",6300,162.50276565551758,False,18.27225942116783,21,0.00205078125
1001011000,9895,"[3, 0, 1, 2]",750,162.51683235168457,True,18.27225942116783,21,0.00205078125
1001011000,9896,"[3, 0, 2, 1]",6300,162.5373363494873,False,18.27225942116783,21,0.00205078125
1001011000,9897,"[3, 0, 1, 2]",750,162.5514030456543,True,18.27225942116783,21,0.00205078125
1001011000,9898,"[3, 0, 2, 1]",6300,162.57166862487793,False,18.27225942116783,21,0.00205078125
1001011000,9899,"[3, 0, 1, 2]",750,162.58573532104492,True,18.27225942116783,21,0.00205078125
1001011000,9900,"[3, 0, 2, 1]",6300,162.60409355163574,False,18.27225942116783,21,0.00205078125
1001011000,9901,"[3, 0, 1, 2]",750,162.61816024780273,True,18.27225942116783,21,0.00205078125
0001110011,9902,"[2, 1, 3, 0]",9300,162.63866424560547,False,12.272506259434047,21,0.00205078125
0001110011,9903,"[2, 1, 0, 3]",600,162.65344619750977,True,12.272506259434047,21,0.00205078125
0001110011,9904,"[2, 1, 3, 0]",9300,162.6722812652588,False,12.272506259434047,21,0.00205078125
0001110011,9905,"[2, 1, 0, 3]",600,162.68634796142578,True,12.272506259434047,21,0.00205078125
0001110011,9906,"[2, 1, 3, 0]",9300,162.7054214477539,False,12.272506259434047,21,0.00205078125
0001110011,9907,"[2, 1, 0, 3]",600,162.7192497253418,True,12.272506259434047,21,0.00205078125
0001110011,9908,"[2, 1, 3, 0]",9300,162.73784637451172,False,12.272506259434047,21,0.00205078125
0001110011,9909,"[2, 1, 0, 3]",600,162.7514362335205,True,12.272506259434047,21,0.00205078125
0001110011,9910,"[2, 1, 3, 0]",9300,162.77003288269043,False,12.272506259434047,21,0.00205078125
0001110011,9911,"[2, 1, 0, 3]",600,162.78362274169922,True,12.272506259434047,21,0.00205078125
0001110011,9912,"[2, 1, 3, 0]",9300,162.80245780944824,False,12.272506259434047,21,0.00205078125
0001110011,9913,"[2, 1, 0, 3]",600,162.81604766845703,True,12.272506259434047,21,0.00205078125
0001110011,9914,"[2, 1, 3, 0]",9300,162.83464431762695,False,12.272506259434047,21,0.00205078125
0001110011,9915,"[2, 1, 0, 3]",600,162.84871101379395,True,12.272506259434047,21,0.00205078125
0001110011,9916,"[2, 1, 3, 0]",9300,162.86706924438477,False,12.272506259434047,21,0.00205078125
0001110011,9917,"[2, 1, 0, 3]",600,162.88113594055176,True,12.272506259434047,21,0.00205078125
0001110011,9918,"[2, 1, 3, 0]",9300,162.89973258972168,False,12.272506259434047,21,0.00205078125
0001110011,9919,"[2, 1, 0, 3]",600,162.91379928588867,True,12.272506259434047,21,0.00205078125
0001110011,9920,"[2, 1, 3, 0]",9300,162.9321575164795,False,12.272506259434047,21,0.00205078125
0001110011,9921,"[2, 1, 0, 3]",600,162.94622421264648,True,12.272506259434047,21,0.00205078125
0001110011,9922,"[2, 1, 3, 0]",9300,162.9645824432373,False,12.272506259434047,21,0.00205078125
0001110011,9923,"[2, 1, 0, 3]",600,162.9786491394043,True,12.272506259434047,21,0.00205078125
0001110011,9924,"[2, 1, 3, 0]",9300,162.99891471862793,False,12.272506259434047,21,0.00205078125
0001110011,9925,"[2, 1, 0, 3]",600,163.01274299621582,True,12.272506259434047,21,0.00205078125
0001110011,9926,"[2, 1, 3, 0]",9300,163.03086280822754,False,12.272506259434047,21,0.00205078125
0001110011,9927,"[2, 1, 0, 3]",600,163.04469108581543,True,12.272506259434047,21,0.00205078125
0001110011,9928,"[2, 1, 3, 0]",9300,163.06328773498535,False,12.272506259434047,21,0.00205078125
0001110011,9929,"[2, 1, 0, 3]",600,163.07735443115234,True,12.272506259434047,21,0.00205078125
0001110011,9930,"[2, 1, 3, 0]",9300,163.09571266174316,False,12.272506259434047,21,0.00205078125
0001110011,9931,"[2, 1, 0, 3]",600,163.10954093933105,True,12.272506259434047,21,0.00205078125
0001110011,9932,"[2, 1, 3, 0]",9300,163.12813758850098,False,12.272506259434047,21,0.00205078125
0001110011,9933,"[2, 1, 0, 3]",600,163.14196586608887,True,12.272506259434047,21,0.00205078125
0001110011,9934,"[2, 1, 3, 0]",9300,163.1605625152588,False,12.272506259434047,21,0.00205078125
0001110011,9935,"[2, 1, 0, 3]",600,163.17439079284668,True,12.272506259434047,21,0.00205078125
0001110011,9936,"[2, 1, 3, 0]",9300,163.1927490234375,False,12.272506259434047,21,0.00205078125
0001110011,9937,"[2, 1, 0, 3]",600,163.2065773010254,True,12.272506259434047,21,0.00205078125
0001110011,9938,"[2, 1, 3, 0]",9300,163.2249355316162,False,12.272506259434047,21,0.00205078125
0001110011,9939,"[2, 1, 0, 3]",600,163.2387638092041,True,12.272506259434047,21,0.00205078125
0001110011,9940,"[2, 1, 3, 0]",9300,163.25736045837402,False,12.272506259434047,21,0.00205078125
0001110011,9941,"[2, 1, 0, 3]",600,163.2711887359619,True,12.272506259434047,21,0.00205078125
0001110011,9942,"[2, 1, 3, 0]",9300,163.28954696655273,False,12.272506259434047,21,0.00205078125
0001110011,9943,"[2, 1, 0, 3]",600,163.30361366271973,True,12.272506259434047,21,0.00205078125
1110101011,9944,"[0, 3, 2, 1]",6300,163.32411766052246,False,39.63603382345701,21,0.00205078125
1110101011,9945,"[0, 1, 3, 2]",465,163.33866119384766,True,39.63603382345701,21,0.00205078125
1110101011,9946,"[0, 3, 2, 1]",6300,163.35725784301758,False,39.63603382345701,21,0.00205078125
1110101011,9947,"[0, 1, 3, 2]",465,163.37132453918457,True,39.63603382345701,21,0.00205078125
1110101011,9948,"[0, 3, 2, 1]",6300,163.3903980255127,False,39.63603382345701,21,0.00205078125
1110101011,9949,"[0, 1, 3, 2]",465,163.4044647216797,True,39.63603382345701,21,0.00205078125
1110101011,9950,"[0, 3, 2, 1]",6300,163.42473030090332,False,39.63603382345701,21,0.00205078125
1110101011,9951,"[0, 1, 3, 2]",465,163.4387969970703,True,39.63603382345701,21,0.00205078125
1110101011,9952,"[0, 3, 2, 1]",6300,163.45715522766113,False,39.63603382345701,21,0.00205078125
1110101011,9953,"[0, 1, 3, 2]",465,163.47074508666992,True,39.63603382345701,21,0.00205078125
1110101011,9954,"[0, 3, 2, 1]",6300,163.48886489868164,False,39.63603382345701,21,0.00205078125
1110101011,9955,"[0, 1, 3, 2]",465,163.50269317626953,True,39.63603382345701,21,0.00205078125
1110101011,9956,"[0, 3, 2, 1]",6300,163.53178024291992,False,39.63603382345701,21,0.00205078125
1110101011,9957,"[0, 1, 3, 2]",465,163.5448932647705,True,39.63603382345701,21,0.00205078125
1110101011,9958,"[0, 3, 2, 1]",6300,163.56205940246582,False,39.63603382345701,21,0.00205078125
1110101011,9959,"[0, 1, 3, 2]",465,163.5754108428955,True,39.63603382345701,21,0.00205078125
1110101011,9960,"[0, 3, 2, 1]",6300,163.59281539916992,False,39.63603382345701,21,0.00205078125
1110101011,9961,"[0, 1, 3, 2]",465,163.6059284210205,True,39.63603382345701,21,0.00205078125
1110101011,9962,"[0, 3, 2, 1]",6300,163.62333297729492,False,39.63603382345701,21,0.00205078125
1110101011,9963,"[0, 1, 3, 2]",465,163.6366844177246,True,39.63603382345701,21,0.00205078125
1110101011,9964,"[0, 3, 2, 1]",6300,163.65432739257812,False,39.63603382345701,21,0.00205078125
1110101011,9965,"[0, 1, 3, 2]",465,163.6674404144287,True,39.63603382345701,21,0.00205078125
1110101011,9966,"[0, 3, 2, 1]",6300,163.68651390075684,False,39.63603382345701,21,0.00205078125
1110101011,9967,"[0, 1, 3, 2]",465,163.69962692260742,True,39.63603382345701,21,0.00205078125
1110101011,9968,"[0, 3, 2, 1]",6300,163.71726989746094,False,39.63603382345701,21,0.00205078125
1110101011,9969,"[0, 1, 3, 2]",465,163.73062133789062,True,39.63603382345701,21,0.00205078125
1110101011,9970,"[0, 3, 2, 1]",6300,163.74802589416504,False,39.63603382345701,21,0.00205078125
1110101011,9971,"[0, 1, 3, 2]",465,163.76137733459473,True,39.63603382345701,21,0.00205078125
1110101011,9972,"[0, 3, 2, 1]",6300,163.77902030944824,False,39.63603382345701,21,0.00205078125
1110101011,9973,"[0, 1, 3, 2]",465,163.79213333129883,True,39.63603382345701,21,0.00205078125
1110101011,9974,"[0, 3, 2, 1]",6300,163.80953788757324,False,39.63603382345701,21,0.00205078125
1110101011,9975,"[0, 1, 3, 2]",465,163.82265090942383,True,39.63603382345701,21,0.00205078125
1110101011,9976,"[0, 3, 2, 1]",6300,163.84315490722656,False,39.63603382345701,21,0.00205078125
1110101011,9977,"[0, 1, 3, 2]",465,163.85698318481445,True,39.63603382345701,21,0.00205078125
1110101011,9978,"[0, 3, 2, 1]",6300,163.87462615966797,False,39.63603382345701,21,0.00205078125
1110101011,9979,"[0, 1, 3, 2]",465,163.88773918151855,True,39.63603382345701,21,0.00205078125
1110101011,9980,"[0, 3, 2, 1]",6300,163.92111778259277,False,39.63603382345701,21,0.00205078125
1110101011,9981,"[0, 1, 3, 2]",465,163.93494606018066,True,39.63603382345701,21,0.00205078125
1110101011,9982,"[0, 3, 2, 1]",6300,163.95306587219238,False,39.63603382345701,21,0.00205078125
1110101011,9983,"[0, 1, 3, 2]",465,163.96689414978027,True,39.63603382345701,21,0.00205078125
1110101011,9984,"[0, 3, 2, 1]",6300,163.985013961792,False,39.63603382345701,21,0.00205078125
1110101011,9985,"[0, 1, 3, 2]",465,163.99884223937988,True,39.63603382345701,21,0.00205078125
1100100000,9986,"[0, 2, 3, 1]",6200,164.01934623718262,False,16.29473904094538,20,0.001953125
1100100000,9987,"[0, 1, 2, 3]",315,164.0331745147705,True,16.29473904094538,20,0.001953125
1100100000,9988,"[0, 2, 3, 1]",6200,164.05153274536133,False,16.29473904094538,20,0.001953125
1100100000,9989,"[0, 1, 2, 3]",315,164.06512260437012,True,16.29473904094538,20,0.001953125
1100100000,9990,"[0, 2, 3, 1]",6200,164.08371925354004,False,16.29473904094538,20,0.001953125
1100100000,9991,"[0, 1, 2, 3]",315,164.09754753112793,True,16.29473904094538,20,0.001953125
1100100000,9992,"[0, 2, 3, 1]",6200,164.11590576171875,False,16.29473904094538,20,0.001953125
1100100000,9993,"[0, 1, 2, 3]",315,164.12949562072754,True,16.29473904094538,20,0.001953125
1100100000,9994,"[0, 2, 3, 1]",6200,164.14761543273926,False,16.29473904094538,20,0.001953125
1100100000,9995,"[0, 1, 2, 3]",315,164.16120529174805,True,16.29473904094538,20,0.001953125
1100100000,9996,"[0, 2, 3, 1]",6200,164.17956352233887,False,16.29473904094538,20,0.001953125
1100100000,9997,"[0, 1, 2, 3]",315,164.19482231140137,True,16.29473904094538,20,0.001953125
1100100000,9998,"[0, 2, 3, 1]",6200,164.2134189605713,False,16.29473904094538,20,0.001953125
1100100000,9999,"[0, 1, 2, 3]",315,164.22724723815918,True,16.29473904094538,20,0.001953125
1100100000,10000,"[0, 2, 3, 1]",6200,164.2475128173828,False,16.29473904094538,20,0.001953125
1100100000,10001,"[0, 1, 2, 3]",315,164.2613410949707,True,16.29473904094538,20,0.001953125
1100100000,10002,"[0, 2, 3, 1]",6200,164.27969932556152,False,16.29473904094538,20,0.001953125
1100100000,10003,"[0, 1, 2, 3]",315,164.2935276031494,True,16.29473904094538,20,0.001953125
1100100000,10004,"[0, 2, 3, 1]",6200,164.31140899658203,False,16.29473904094538,20,0.001953125
1100100000,10005,"[0, 1, 2, 3]",315,164.32523727416992,True,16.29473904094538,20,0.001953125
1100100000,10006,"[0, 2, 3, 1]",6200,164.34335708618164,False,16.29473904094538,20,0.001953125
1100100000,10007,"[0, 1, 2, 3]",315,164.35718536376953,True,16.29473904094538,20,0.001953125
1100100000,10008,"[0, 2, 3, 1]",6200,164.37745094299316,False,16.29473904094538,20,0.001953125
1100100000,10009,"[0, 1, 2, 3]",315,164.39127922058105,True,16.29473904094538,20,0.001953125
1100100000,10010,"[0, 2, 3, 1]",6200,164.40939903259277,False,16.29473904094538,20,0.001953125
1100100000,10011,"[0, 1, 2, 3]",315,164.42298889160156,True,16.29473904094538,20,0.001953125
1100100000,10012,"[0, 2, 3, 1]",6200,164.4573211669922,False,16.29473904094538,20,0.001953125
1100100000,10013,"[0, 1, 2, 3]",315,164.47114944458008,True,16.29473904094538,20,0.001953125
1100100000,10014,"[0, 2, 3, 1]",6200,164.4899845123291,False,16.29473904094538,20,0.001953125
1100100000,10015,"[0, 1, 2, 3]",315,164.503812789917,True,16.29473904094538,20,0.001953125
1100100000,10016,"[0, 2, 3, 1]",6200,164.5224094390869,False,16.29473904094538,20,0.001953125
1100100000,10017,"[0, 1, 2, 3]",315,164.5362377166748,True,16.29473904094538,20,0.001953125
1100100000,10018,"[0, 2, 3, 1]",6200,164.55459594726562,False,16.29473904094538,20,0.001953125
1100100000,10019,"[0, 1, 2, 3]",315,164.56866264343262,True,16.29473904094538,20,0.001953125
1100100000,10020,"[0, 2, 3, 1]",6200,164.58725929260254,False,16.29473904094538,20,0.001953125
1100100000,10021,"[0, 1, 2, 3]",315,164.60108757019043,True,16.29473904094538,20,0.001953125
1100100000,10022,"[0, 2, 3, 1]",6200,164.61944580078125,False,16.29473904094538,20,0.001953125
1100100000,10023,"[0, 1, 2, 3]",315,164.63375091552734,True,16.29473904094538,20,0.001953125
1100100000,10024,"[0, 2, 3, 1]",6200,164.65234756469727,False,16.29473904094538,20,0.001953125
1100100000,10025,"[0, 1, 2, 3]",315,164.66617584228516,True,16.29473904094538,20,0.001953125
1111000101,10026,"[1, 0, 3, 2]",465,164.68524932861328,False,11.774909810992618,20,0.001953125
1111000101,10027,"[1, 0, 3, 2]",465,164.70003128051758,True,11.774909810992618,20,0.001953125
1111000101,10028,"[1, 0, 3, 2]",465,164.72172737121582,False,11.774909810992618,20,0.001953125
1111000101,10029,"[1, 0, 3, 2]",465,164.73627090454102,True,11.774909810992618,20,0.001953125
1111000101,10030,"[1, 0, 3, 2]",465,164.75486755371094,False,11.774909810992618,20,0.001953125
1111000101,10031,"[1, 0, 3, 2]",465,164.76893424987793,True,11.774909810992618,20,0.001953125
1111000101,10032,"[1, 0, 3, 2]",465,164.78776931762695,False,11.774909810992618,20,0.001953125
1111000101,10033,"[1, 0, 3, 2]",465,164.80159759521484,True,11.774909810992618,20,0.001953125
1111000101,10034,"[1, 0, 3, 2]",465,164.82043266296387,False,11.774909810992618,20,0.001953125
1111000101,10035,"[1, 0, 3, 2]",465,164.83449935913086,True,11.774909810992618,20,0.001953125
1111000101,10036,"[1, 0, 3, 2]",465,164.85333442687988,False,11.774909810992618,20,0.001953125
1111000101,10037,"[1, 0, 3, 2]",465,164.86692428588867,True,11.774909810992618,20,0.001953125
1111000101,10038,"[1, 0, 3, 2]",465,164.8857593536377,False,11.774909810992618,20,0.001953125
1111000101,10039,"[1, 0, 3, 2]",465,164.8995876312256,True,11.774909810992618,20,0.001953125
1111000101,10040,"[1, 0, 3, 2]",465,164.9179458618164,False,11.774909810992618,20,0.001953125
1111000101,10041,"[1, 0, 3, 2]",465,164.9317741394043,True,11.774909810992618,20,0.001953125
1111000101,10042,"[1, 0, 3, 2]",465,164.95060920715332,False,11.774909810992618,20,0.001953125
1111000101,10043,"[1, 0, 3, 2]",465,164.9641990661621,True,11.774909810992618,20,0.001953125
1111000101,10044,"[1, 0, 3, 2]",465,164.98303413391113,False,11.774909810992618,20,0.001953125
1111000101,10045,"[1, 0, 3, 2]",465,164.99686241149902,True,11.774909810992618,20,0.001953125
1111000101,10046,"[1, 0, 3, 2]",465,165.01569747924805,False,11.774909810992618,20,0.001953125
1111000101,10047,"[1, 0, 3, 2]",465,165.02928733825684,True,11.774909810992618,20,0.001953125
1111000101,10048,"[1, 0, 3, 2]",465,165.05026817321777,False,11.774909810992618,20,0.001953125
1111000101,10049,"[1, 0, 3, 2]",465,165.06481170654297,True,11.774909810992618,20,0.001953125
1111000101,10050,"[1, 0, 3, 2]",465,165.086030960083,False,11.774909810992618,20,0.001953125
1111000101,10051,"[1, 0, 3, 2]",465,165.10009765625,True,11.774909810992618,20,0.001953125
1111000101,10052,"[1, 0, 3, 2]",465,165.1291847229004,False,11.774909810992618,20,0.001953125
1111000101,10053,"[1, 0, 3, 2]",465,165.14301300048828,True,11.774909810992618,20,0.001953125
1111000101,10054,"[1, 0, 3, 2]",465,165.1616096496582,False,11.774909810992618,20,0.001953125
1111000101,10055,"[1, 0, 3, 2]",465,165.175199508667,True,11.774909810992618,20,0.001953125
1111000101,10056,"[1, 0, 3, 2]",465,165.1933193206787,False,11.774909810992618,20,0.001953125
1111000101,10057,"[1, 0, 3, 2]",465,165.2073860168457,True,11.774909810992618,20,0.001953125
1111000101,10058,"[1, 0, 3, 2]",465,165.22574424743652,False,11.774909810992618,20,0.001953125
1111000101,10059,"[1, 0, 3, 2]",465,165.24004936218262,True,11.774909810992618,20,0.001953125
1111000101,10060,"[1, 0, 3, 2]",465,165.25840759277344,False,11.774909810992618,20,0.001953125
1111000101,10061,"[1, 0, 3, 2]",465,165.27271270751953,True,11.774909810992618,20,0.001953125
1111000101,10062,"[1, 0, 3, 2]",465,165.29107093811035,False,11.774909810992618,20,0.001953125
1111000101,10063,"[1, 0, 3, 2]",465,165.30489921569824,True,11.774909810992618,20,0.001953125
1111000101,10064,"[1, 0, 3, 2]",465,165.32492637634277,False,11.774909810992618,20,0.001953125
1111000101,10065,"[1, 0, 3, 2]",465,165.33851623535156,True,11.774909810992618,20,0.001953125
0111010011,10066,"[1, 2, 0, 3]",600,165.35687446594238,False,10.16713784209973,20,0.001953125
0111010011,10067,"[1, 0, 2, 3]",315,165.37094116210938,True,10.16713784209973,20,0.001953125
0111010011,10068,"[1, 2, 0, 3]",600,165.3897762298584,False,10.16713784209973,20,0.001953125
0111010011,10069,"[1, 0, 2, 3]",315,165.4038429260254,True,10.16713784209973,20,0.001953125
0111010011,10070,"[1, 2, 0, 3]",600,165.42410850524902,False,10.16713784209973,20,0.001953125
0111010011,10071,"[1, 0, 2, 3]",315,165.4379367828369,True,10.16713784209973,20,0.001953125
0111010011,10072,"[1, 2, 0, 3]",600,165.45653343200684,False,10.16713784209973,20,0.001953125
0111010011,10073,"[1, 0, 2, 3]",315,165.47012329101562,True,10.16713784209973,20,0.001953125
0111010011,10074,"[1, 2, 0, 3]",600,165.48848152160645,False,10.16713784209973,20,0.001953125
0111010011,10075,"[1, 0, 2, 3]",315,165.50207138061523,True,10.16713784209973,20,0.001953125
0111010011,10076,"[1, 2, 0, 3]",600,165.52066802978516,False,10.16713784209973,20,0.001953125
0111010011,10077,"[1, 0, 2, 3]",315,165.53401947021484,True,10.16713784209973,20,0.001953125
0111010011,10078,"[1, 2, 0, 3]",600,165.55237770080566,False,10.16713784209973,20,0.001953125
0111010011,10079,"[1, 0, 2, 3]",315,165.56596755981445,True,10.16713784209973,20,0.001953125
0111010011,10080,"[1, 2, 0, 3]",600,165.58432579040527,False,10.16713784209973,20,0.001953125
0111010011,10081,"[1, 0, 2, 3]",315,165.59815406799316,True,10.16713784209973,20,0.001953125
0111010011,10082,"[1, 2, 0, 3]",600,165.61651229858398,False,10.16713784209973,20,0.001953125
0111010011,10083,"[1, 0, 2, 3]",315,165.63034057617188,True,10.16713784209973,20,0.001953125
0111010011,10084,"[1, 2, 0, 3]",600,165.6484603881836,False,10.16713784209973,20,0.001953125
0111010011,10085,"[1, 0, 2, 3]",315,165.6625270843506,True,10.16713784209973,20,0.001953125
0111010011,10086,"[1, 2, 0, 3]",600,165.6811237335205,False,10.16713784209973,20,0.001953125
0111010011,10087,"[1, 0, 2, 3]",315,165.70520401000977,True,10.16713784209973,20,0.001953125
0111010011,10088,"[1, 2, 0, 3]",600,165.72260856628418,False,10.16713784209973,20,0.001953125
0111010011,10089,"[1, 0, 2, 3]",315,165.73619842529297,True,10.16713784209973,20,0.001953125
0111010011,10090,"[1, 2, 0, 3]",600,165.75360298156738,False,10.16713784209973,20,0.001953125
0111010011,10091,"[1, 0, 2, 3]",315,165.76647758483887,True,10.16713784209973,20,0.001953125
0111010011,10092,"[1, 2, 0, 3]",600,165.785551071167,False,10.16713784209973,20,0.001953125
0111010011,10093,"[1, 0, 2, 3]",315,165.79890251159668,True,10.16713784209973,20,0.001953125
0111010011,10094,"[1, 2, 0, 3]",600,165.8165454864502,False,10.16713784209973,20,0.001953125
0111010011,10095,"[1, 0, 2, 3]",315,165.82965850830078,True,10.16713784209973,20,0.001953125
0111010011,10096,"[1, 2, 0, 3]",600,165.8473014831543,False,10.16713784209973,20,0.001953125
0111010011,10097,"[1, 0, 2, 3]",315,165.85993766784668,True,10.16713784209973,20,0.001953125
0111010011,10098,"[1, 2, 0, 3]",600,165.8778190612793,False,10.16713784209973,20,0.001953125
0111010011,10099,"[1, 0, 2, 3]",315,165.8914089202881,True,10.16713784209973,20,0.001953125
0111010011,10100,"[1, 2, 0, 3]",600,165.9109592437744,False,10.16713784209973,20,0.001953125
0111010011,10101,"[1, 0, 2, 3]",315,165.924072265625,True,10.16713784209973,20,0.001953125
0111010011,10102,"[1, 2, 0, 3]",600,165.94171524047852,False,10.16713784209973,20,0.001953125
0111010011,10103,"[1, 0, 2, 3]",315,165.9548282623291,True,10.16713784209973,20,0.001953125
0111010011,10104,"[1, 2, 0, 3]",600,165.97247123718262,False,10.16713784209973,20,0.001953125
0111010011,10105,"[1, 0, 2, 3]",315,165.9853458404541,True,10.16713784209973,20,0.001953125
0010110100,10106,"[2, 1, 3, 0]",9300,166.00322723388672,False,17.85425408059212,20,0.001953125
0010110100,10107,"[2, 1, 0, 3]",600,166.0168170928955,True,17.85425408059212,20,0.001953125
0010110100,10108,"[2, 1, 3, 0]",9300,166.03469848632812,False,17.85425408059212,20,0.001953125
0010110100,10109,"[2, 1, 0, 3]",600,166.0478115081787,True,17.85425408059212,20,0.001953125
0010110100,10110,"[2, 1, 3, 0]",9300,166.06545448303223,False,17.85425408059212,20,0.001953125
0010110100,10111,"[2, 1, 0, 3]",600,166.07904434204102,True,17.85425408059212,20,0.001953125
0010110100,10112,"[2, 1, 3, 0]",9300,166.09859466552734,False,17.85425408059212,20,0.001953125
0010110100,10113,"[2, 1, 0, 3]",600,166.11218452453613,True,17.85425408059212,20,0.001953125
0010110100,10114,"[2, 1, 3, 0]",9300,166.12982749938965,False,17.85425408059212,20,0.001953125
0010110100,10115,"[2, 1, 0, 3]",600,166.14294052124023,True,17.85425408059212,20,0.001953125
0010110100,10116,"[2, 1, 3, 0]",9300,166.16082191467285,False,17.85425408059212,20,0.001953125
0010110100,10117,"[2, 1, 0, 3]",600,166.17393493652344,True,17.85425408059212,20,0.001953125
0010110100,10118,"[2, 1, 3, 0]",9300,166.19157791137695,False,17.85425408059212,20,0.001953125
0010110100,10119,"[2, 1, 0, 3]",600,166.20469093322754,True,17.85425408059212,20,0.001953125
0010110100,10120,"[2, 1, 3, 0]",9300,166.22233390808105,False,17.85425408059212,20,0.001953125
0010110100,10121,"[2, 1, 0, 3]",600,166.23544692993164,True,17.85425408059212,20,0.001953125
0010110100,10122,"[2, 1, 3, 0]",9300,166.25356674194336,False,17.85425408059212,20,0.001953125
0010110100,10123,"[2, 1, 0, 3]",600,166.26644134521484,True,17.85425408059212,20,0.001953125
0010110100,10124,"[2, 1, 3, 0]",9300,166.28408432006836,False,17.85425408059212,20,0.001953125
0010110100,10125,"[2, 1, 0, 3]",600,166.29719734191895,True,17.85425408059212,20,0.001953125
0010110100,10126,"[2, 1, 3, 0]",9300,166.31484031677246,False,17.85425408059212,20,0.001953125
0010110100,10127,"[2, 1, 0, 3]",600,166.32819175720215,True,17.85425408059212,20,0.001953125
0010110100,10128,"[2, 1, 3, 0]",9300,166.34583473205566,False,17.85425408059212,20,0.001953125
0010110100,10129,"[2, 1, 0, 3]",600,166.35918617248535,True,17.85425408059212,20,0.001953125
0010110100,10130,"[2, 1, 3, 0]",9300,166.37659072875977,False,17.85425408059212,20,0.001953125
0010110100,10131,"[2, 1, 0, 3]",600,166.38970375061035,True,17.85425408059212,20,0.001953125
0010110100,10132,"[2, 1, 3, 0]",9300,166.40758514404297,False,17.85425408059212,20,0.001953125
0010110100,10133,"[2, 1, 0, 3]",600,166.42069816589355,True,17.85425408059212,20,0.001953125
0010110100,10134,"[2, 1, 3, 0]",9300,166.44024848937988,False,17.85425408059212,20,0.001953125
0010110100,10135,"[2, 1, 0, 3]",600,166.45359992980957,True,17.85425408059212,20,0.001953125
0010110100,10136,"[2, 1, 3, 0]",9300,166.4714813232422,False,17.85425408059212,20,0.001953125
0010110100,10137,"[2, 1, 0, 3]",600,166.48459434509277,True,17.85425408059212,20,0.001953125
0010110100,10138,"[2, 1, 3, 0]",9300,166.5024757385254,False,17.85425408059212,20,0.001953125
0010110100,10139,"[2, 1, 0, 3]",600,166.51582717895508,True,17.85425408059212,20,0.001953125
0010110100,10140,"[2, 1, 3, 0]",9300,166.5334701538086,False,17.85425408059212,20,0.001953125
0010110100,10141,"[2, 1, 0, 3]",600,166.54706001281738,True,17.85425408059212,20,0.001953125
0010110100,10142,"[2, 1, 3, 0]",9300,166.56494140625,False,17.85425408059212,20,0.001953125
0010110100,10143,"[2, 1, 0, 3]",600,166.5782928466797,True,17.85425408059212,20,0.001953125
0010110100,10144,"[2, 1, 3, 0]",9300,166.5959358215332,False,17.85425408059212,20,0.001953125
0010110100,10145,"[2, 1, 0, 3]",600,166.609525680542,True,17.85425408059212,20,0.001953125
1110010100,10146,"[0, 1, 3, 2]",465,166.6274070739746,False,21.00980003851403,20,0.001953125
1110010100,10147,"[0, 1, 3, 2]",465,166.6409969329834,True,21.00980003851403,20,0.001953125
1110010100,10148,"[0, 1, 3, 2]",465,166.65887832641602,False,21.00980003851403,20,0.001953125
1110010100,10149,"[0, 1, 3, 2]",465,166.6727066040039,True,21.00980003851403,20,0.001953125
1110010100,10150,"[0, 1, 3, 2]",465,166.69249534606934,False,21.00980003851403,20,0.001953125
1110010100,10151,"[0, 1, 3, 2]",465,166.70584678649902,True,21.00980003851403,20,0.001953125
1110010100,10152,"[0, 1, 3, 2]",465,166.72348976135254,False,21.00980003851403,20,0.001953125
1110010100,10153,"[0, 1, 3, 2]",465,166.73684120178223,True,21.00980003851403,20,0.001953125
1110010100,10154,"[0, 1, 3, 2]",465,166.75615310668945,False,21.00980003851403,20,0.001953125
1110010100,10155,"[0, 1, 3, 2]",465,166.76926612854004,True,21.00980003851403,20,0.001953125
1110010100,10156,"[0, 1, 3, 2]",465,166.78667068481445,False,21.00980003851403,20,0.001953125
1110010100,10157,"[0, 1, 3, 2]",465,166.79954528808594,True,21.00980003851403,20,0.001953125
1110010100,10158,"[0, 1, 3, 2]",465,166.81671142578125,False,21.00980003851403,20,0.001953125
1110010100,10159,"[0, 1, 3, 2]",465,166.82958602905273,True,21.00980003851403,20,0.001953125
1110010100,10160,"[0, 1, 3, 2]",465,166.84651374816895,False,21.00980003851403,20,0.001953125
1110010100,10161,"[0, 1, 3, 2]",465,166.85938835144043,True,21.00980003851403,20,0.001953125
1110010100,10162,"[0, 1, 3, 2]",465,166.87655448913574,False,21.00980003851403,20,0.001953125
1110010100,10163,"[0, 1, 3, 2]",465,166.88966751098633,True,21.00980003851403,20,0.001953125
1110010100,10164,"[0, 1, 3, 2]",465,166.90707206726074,False,21.00980003851403,20,0.001953125
1110010100,10165,"[0, 1, 3, 2]",465,166.92018508911133,True,21.00980003851403,20,0.001953125
1110010100,10166,"[0, 1, 3, 2]",465,166.93735122680664,False,21.00980003851403,20,0.001953125
1110010100,10167,"[0, 1, 3, 2]",465,166.95022583007812,True,21.00980003851403,20,0.001953125
1110010100,10168,"[0, 1, 3, 2]",465,166.96739196777344,False,21.00980003851403,20,0.001953125
1110010100,10169,"[0, 1, 3, 2]",465,166.98050498962402,True,21.00980003851403,20,0.001953125
1110010100,10170,"[0, 1, 3, 2]",465,166.99767112731934,False,21.00980003851403,20,0.001953125
1110010100,10171,"[0, 1, 3, 2]",465,167.01078414916992,True,21.00980003851403,20,0.001953125
1110010100,10172,"[0, 1, 3, 2]",465,167.02771186828613,False,21.00980003851403,20,0.001953125
1110010100,10173,"[0, 1, 3, 2]",465,167.04034805297852,True,21.00980003851403,20,0.001953125
1110010100,10174,"[0, 1, 3, 2]",465,167.05775260925293,False,21.00980003851403,20,0.001953125
1110010100,10175,"[0, 1, 3, 2]",465,167.07086563110352,True,21.00980003851403,20,0.001953125
1110010100,10176,"[0, 1, 3, 2]",465,167.09017753601074,False,21.00980003851403,20,0.001953125
1110010100,10177,"[0, 1, 3, 2]",465,167.10281372070312,True,21.00980003851403,20,0.001953125
1110010100,10178,"[0, 1, 3, 2]",465,167.12021827697754,False,21.00980003851403,20,0.001953125
1110010100,10179,"[0, 1, 3, 2]",465,167.13333129882812,True,21.00980003851403,20,0.001953125
1110010100,10180,"[0, 1, 3, 2]",465,167.15073585510254,False,21.00980003851403,20,0.001953125
1110010100,10181,"[0, 1, 3, 2]",465,167.16337203979492,True,21.00980003851403,20,0.001953125
1110010100,10182,"[0, 1, 3, 2]",465,167.18077659606934,False,21.00980003851403,20,0.001953125
1110010100,10183,"[0, 1, 3, 2]",465,167.19341278076172,True,21.00980003851403,20,0.001953125
1110010100,10184,"[0, 1, 3, 2]",465,167.21057891845703,False,21.00980003851403,20,0.001953125
1110010100,10185,"[0, 1, 3, 2]",465,167.22369194030762,True,21.00980003851403,20,0.001953125
0010011011,10186,"[3, 1, 2, 0]",9450,167.24133491516113,False,20.82373067399285,20,0.001953125
0010011011,10187,"[3, 1, 0, 2]",900,167.25492477416992,True,20.82373067399285,20,0.001953125
0010011011,10188,"[3, 1, 2, 0]",9450,167.27280616760254,False,20.82373067399285,20,0.001953125
0010011011,10189,"[3, 1, 0, 2]",900,167.28639602661133,True,20.82373067399285,20,0.001953125
0010011011,10190,"[3, 1, 2, 0]",9450,167.30403900146484,False,20.82373067399285,20,0.001953125
0010011011,10191,"[3, 1, 0, 2]",900,167.31739044189453,True,20.82373067399285,20,0.001953125
0010011011,10192,"[3, 1, 2, 0]",9450,167.33527183532715,False,20.82373067399285,20,0.001953125
0010011011,10193,"[3, 1, 0, 2]",900,167.34886169433594,True,20.82373067399285,20,0.001953125
0010011011,10194,"[3, 1, 2, 0]",9450,167.36650466918945,False,20.82373067399285,20,0.001953125
0010011011,10195,"[3, 1, 0, 2]",900,167.38009452819824,True,20.82373067399285,20,0.001953125
0010011011,10196,"[3, 1, 2, 0]",9450,167.39988327026367,False,20.82373067399285,20,0.001953125
0010011011,10197,"[3, 1, 0, 2]",900,167.41347312927246,True,20.82373067399285,20,0.001953125
0010011011,10198,"[3, 1, 2, 0]",9450,167.43111610412598,False,20.82373067399285,20,0.001953125
0010011011,10199,"[3, 1, 0, 2]",900,167.44470596313477,True,20.82373067399285,20,0.001953125
0010011011,10200,"[3, 1, 2, 0]",9450,167.46282577514648,False,20.82373067399285,20,0.001953125
0010011011,10201,"[3, 1, 0, 2]",900,167.47617721557617,True,20.82373067399285,20,0.001953125
0010011011,10202,"[3, 1, 2, 0]",9450,167.4952507019043,False,20.82373067399285,20,0.001953125
0010011011,10203,"[3, 1, 0, 2]",900,167.50836372375488,True,20.82373067399285,20,0.001953125
0010011011,10204,"[3, 1, 2, 0]",9450,167.5264835357666,False,20.82373067399285,20,0.001953125
0010011011,10205,"[3, 1, 0, 2]",900,167.5395965576172,True,20.82373067399285,20,0.001953125
0010011011,10206,"[3, 1, 2, 0]",9450,167.5572395324707,False,20.82373067399285,20,0.001953125
0010011011,10207,"[3, 1, 0, 2]",900,167.5701141357422,True,20.82373067399285,20,0.001953125
0010011011,10208,"[3, 1, 2, 0]",9450,167.5879955291748,False,20.82373067399285,20,0.001953125
0010011011,10209,"[3, 1, 0, 2]",900,167.6008701324463,True,20.82373067399285,20,0.001953125
0010011011,10210,"[3, 1, 2, 0]",9450,167.6182746887207,False,20.82373067399285,20,0.001953125
0010011011,10211,"[3, 1, 0, 2]",900,167.65356063842773,True,20.82373067399285,20,0.001953125
0010011011,10212,"[3, 1, 2, 0]",9450,167.67191886901855,False,20.82373067399285,20,0.001953125
0010011011,10213,"[3, 1, 0, 2]",900,167.68503189086914,True,20.82373067399285,20,0.001953125
0010011011,10214,"[3, 1, 2, 0]",9450,167.70243644714355,False,20.82373067399285,20,0.001953125
0010011011,10215,"[3, 1, 0, 2]",900,167.71554946899414,True,20.82373067399285,20,0.001953125
0010011011,10216,"[3, 1, 2, 0]",9450,167.73343086242676,False,20.82373067399285,20,0.001953125
0010011011,10217,"[3, 1, 0, 2]",900,167.74654388427734,True,20.82373067399285,20,0.001953125
0010011011,10218,"[3, 1, 2, 0]",9450,167.76585578918457,False,20.82373067399285,20,0.001953125
0010011011,10219,"[3, 1, 0, 2]",900,167.77896881103516,True,20.82373067399285,20,0.001953125
0010011011,10220,"[3, 1, 2, 0]",9450,167.79661178588867,False,20.82373067399285,20,0.001953125
0010011011,10221,"[3, 1, 0, 2]",900,167.82617568969727,True,20.82373067399285,20,0.001953125
0010011011,10222,"[3, 1, 2, 0]",9450,167.8476333618164,False,20.82373067399285,20,0.001953125
0010011011,10223,"[3, 1, 0, 2]",900,167.8619384765625,True,20.82373067399285,20,0.001953125
0010011011,10224,"[3, 1, 2, 0]",9450,167.88077354431152,False,20.82373067399285,20,0.001953125
0010011011,10225,"[3, 1, 0, 2]",900,167.89484024047852,True,20.82373067399285,20,0.001953125
1111011101,10226,"[3, 1, 0, 2]",900,167.91319847106934,False,32.98199549426178,20,0.001953125
1111011101,10227,"[3, 1, 0, 2]",900,167.92774200439453,True,32.98199549426178,20,0.001953125
1111011101,10228,"[3, 1, 0, 2]",900,167.94610023498535,False,32.98199549426178,20,0.001953125
1111011101,10229,"[3, 1, 0, 2]",900,167.96040534973145,True,32.98199549426178,20,0.001953125
1111011101,10230,"[3, 1, 0, 2]",900,167.97876358032227,False,32.98199549426178,20,0.001953125
1111011101,10231,"[3, 1, 0, 2]",900,167.99283027648926,True,32.98199549426178,20,0.001953125
1111011101,10232,"[3, 1, 0, 2]",900,168.0138111114502,False,32.98199549426178,20,0.001953125
1111011101,10233,"[3, 1, 0, 2]",900,168.0276393890381,True,32.98199549426178,20,0.001953125
1111011101,10234,"[3, 1, 0, 2]",900,168.0457592010498,False,32.98199549426178,20,0.001953125
1111011101,10235,"[3, 1, 0, 2]",900,168.0593490600586,True,32.98199549426178,20,0.001953125
1111011101,10236,"[3, 1, 0, 2]",900,168.0774688720703,False,32.98199549426178,20,0.001953125
1111011101,10237,"[3, 1, 0, 2]",900,168.0912971496582,True,32.98199549426178,20,0.001953125
1111011101,10238,"[3, 1, 0, 2]",900,168.11156272888184,False,32.98199549426178,20,0.001953125
1111011101,10239,"[3, 1, 0, 2]",900,168.12539100646973,True,32.98199549426178,20,0.001953125
1111011101,10240,"[3, 1, 0, 2]",900,168.14351081848145,False,32.98199549426178,20,0.001953125
1111011101,10241,"[3, 1, 0, 2]",900,168.15710067749023,True,32.98199549426178,20,0.001953125
1111011101,10242,"[3, 1, 0, 2]",900,168.17545890808105,False,32.98199549426178,20,0.001953125
1111011101,10243,"[3, 1, 0, 2]",900,168.18904876708984,True,32.98199549426178,20,0.001953125
1111011101,10244,"[3, 1, 0, 2]",900,168.20716857910156,False,32.98199549426178,20,0.001953125
1111011101,10245,"[3, 1, 0, 2]",900,168.22099685668945,True,32.98199549426178,20,0.001953125
1111011101,10246,"[3, 1, 0, 2]",900,168.23959350585938,False,32.98199549426178,20,0.001953125
1111011101,10247,"[3, 1, 0, 2]",900,168.25318336486816,True,32.98199549426178,20,0.001953125
1111011101,10248,"[3, 1, 0, 2]",900,168.27154159545898,False,32.98199549426178,20,0.001953125
1111011101,10249,"[3, 1, 0, 2]",900,168.28584671020508,True,32.98199549426178,20,0.001953125
1111011101,10250,"[3, 1, 0, 2]",900,168.3051586151123,False,32.98199549426178,20,0.001953125
1111011101,10251,"[3, 1, 0, 2]",900,168.3192253112793,True,32.98199549426178,20,0.001953125
1111011101,10252,"[3, 1, 0, 2]",900,168.33996772766113,False,32.98199549426178,20,0.001953125
1111011101,10253,"[3, 1, 0, 2]",900,168.35403442382812,True,32.98199549426178,20,0.001953125
1111011101,10254,"[3, 1, 0, 2]",900,168.37215423583984,False,32.98199549426178,20,0.001953125
1111011101,10255,"[3, 1, 0, 2]",900,168.38598251342773,True,32.98199549426178,20,0.001953125
1111011101,10256,"[3, 1, 0, 2]",900,168.40410232543945,False,32.98199549426178,20,0.001953125
1111011101,10257,"[3, 1, 0, 2]",900,168.41840744018555,True,32.98199549426178,20,0.001953125
1111011101,10258,"[3, 1, 0, 2]",900,168.43724250793457,False,32.98199549426178,20,0.001953125
1111011101,10259,"[3, 1, 0, 2]",900,168.45107078552246,True,32.98199549426178,20,0.001953125
1111011101,10260,"[3, 1, 0, 2]",900,168.4708595275879,False,32.98199549426178,20,0.001953125
1111011101,10261,"[3, 1, 0, 2]",900,168.48492622375488,True,32.98199549426178,20,0.001953125
1111011101,10262,"[3, 1, 0, 2]",900,168.5035228729248,False,32.98199549426178,20,0.001953125
1111011101,10263,"[3, 1, 0, 2]",900,168.5171127319336,True,32.98199549426178,20,0.001953125
1111011101,10264,"[3, 1, 0, 2]",900,168.5354709625244,False,32.98199549426178,20,0.001953125
1111011101,10265,"[3, 1, 0, 2]",900,168.5490608215332,True,32.98199549426178,20,0.001953125
0101010000,10266,"[2, 1, 0, 3]",600,168.56718063354492,False,20.09037222002324,20,0.001953125
0101010000,10267,"[2, 1, 0, 3]",600,168.5807704925537,True,20.09037222002324,20,0.001953125
0101010000,10268,"[2, 1, 0, 3]",600,168.59912872314453,False,20.09037222002324,20,0.001953125
0101010000,10269,"[2, 1, 0, 3]",600,168.61271858215332,True,20.09037222002324,20,0.001953125
0101010000,10270,"[2, 1, 0, 3]",600,168.63083839416504,False,20.09037222002324,20,0.001953125
0101010000,10271,"[2, 1, 0, 3]",600,168.64466667175293,True,20.09037222002324,20,0.001953125
0101010000,10272,"[2, 1, 0, 3]",600,168.66302490234375,False,20.09037222002324,20,0.001953125
0101010000,10273,"[2, 1, 0, 3]",600,168.67685317993164,True,20.09037222002324,20,0.001953125
0101010000,10274,"[2, 1, 0, 3]",600,168.69521141052246,False,20.09037222002324,20,0.001953125
0101010000,10275,"[2, 1, 0, 3]",600,168.70903968811035,True,20.09037222002324,20,0.001953125
0101010000,10276,"[2, 1, 0, 3]",600,168.72739791870117,False,20.09037222002324,20,0.001953125
0101010000,10277,"[2, 1, 0, 3]",600,168.74122619628906,True,20.09037222002324,20,0.001953125
0101010000,10278,"[2, 1, 0, 3]",600,168.75982284545898,False,20.09037222002324,20,0.001953125
0101010000,10279,"[2, 1, 0, 3]",600,168.77388954162598,True,20.09037222002324,20,0.001953125
0101010000,10280,"[2, 1, 0, 3]",600,168.7943935394287,False,20.09037222002324,20,0.001953125
0101010000,10281,"[2, 1, 0, 3]",600,168.8084602355957,True,20.09037222002324,20,0.001953125
0101010000,10282,"[2, 1, 0, 3]",600,168.82705688476562,False,20.09037222002324,20,0.001953125
0101010000,10283,"[2, 1, 0, 3]",600,168.84112358093262,True,20.09037222002324,20,0.001953125
0101010000,10284,"[2, 1, 0, 3]",600,168.85948181152344,False,20.09037222002324,20,0.001953125
0101010000,10285,"[2, 1, 0, 3]",600,168.87331008911133,True,20.09037222002324,20,0.001953125
0101010000,10286,"[2, 1, 0, 3]",600,168.89166831970215,False,20.09037222002324,20,0.001953125
0101010000,10287,"[2, 1, 0, 3]",600,168.90501976013184,True,20.09037222002324,20,0.001953125
0101010000,10288,"[2, 1, 0, 3]",600,168.92385482788086,False,20.09037222002324,20,0.001953125
0101010000,10289,"[2, 1, 0, 3]",600,168.93744468688965,True,20.09037222002324,20,0.001953125
0101010000,10290,"[2, 1, 0, 3]",600,168.95604133605957,False,20.09037222002324,20,0.001953125
0101010000,10291,"[2, 1, 0, 3]",600,168.96963119506836,True,20.09037222002324,20,0.001953125
0101010000,10292,"[2, 1, 0, 3]",600,168.98822784423828,False,20.09037222002324,20,0.001953125
0101010000,10293,"[2, 1, 0, 3]",600,169.00181770324707,True,20.09037222002324,20,0.001953125
0101010000,10294,"[2, 1, 0, 3]",600,169.0206527709961,False,20.09037222002324,20,0.001953125
0101010000,10295,"[2, 1, 0, 3]",600,169.04449462890625,True,20.09037222002324,20,0.001953125
0101010000,10296,"[2, 1, 0, 3]",600,169.06213760375977,False,20.09037222002324,20,0.001953125
0101010000,10297,"[2, 1, 0, 3]",600,169.07501220703125,True,20.09037222002324,20,0.001953125
0101010000,10298,"[2, 1, 0, 3]",600,169.09265518188477,False,20.09037222002324,20,0.001953125
0101010000,10299,"[2, 1, 0, 3]",600,169.10552978515625,True,20.09037222002324,20,0.001953125
0101010000,10300,"[2, 1, 0, 3]",600,169.12555694580078,False,20.09037222002324,20,0.001953125
0101010000,10301,"[2, 1, 0, 3]",600,169.13914680480957,True,20.09037222002324,20,0.001953125
0101010000,10302,"[2, 1, 0, 3]",600,169.1584587097168,False,20.09037222002324,20,0.001953125
0101010000,10303,"[2, 1, 0, 3]",600,169.17157173156738,True,20.09037222002324,20,0.001953125
0101010000,10304,"[2, 1, 0, 3]",600,169.189453125,False,20.09037222002324,20,0.001953125
0101010000,10305,"[2, 1, 0, 3]",600,169.2028045654297,True,20.09037222002324,20,0.001953125
0000111111,10306,"[3, 2, 1, 0]",9600,169.2204475402832,False,16.32364373848183,20,0.001953125
0000111111,10307,"[3, 2, 1, 0]",9600,169.234037399292,True,16.32364373848183,20,0.001953125
0000111111,10308,"[3, 2, 1, 0]",9600,169.2516803741455,False,16.32364373848183,20,0.001953125
0000111111,10309,"[3, 2, 1, 0]",9600,169.2652702331543,True,16.32364373848183,20,0.001953125
0000111111,10310,"[3, 2, 1, 0]",9600,169.2829132080078,False,16.32364373848183,20,0.001953125
0000111111,10311,"[3, 2, 1, 0]",9600,169.2957878112793,True,16.32364373848183,20,0.001953125
0000111111,10312,"[3, 2, 1, 0]",9600,169.3131923675537,False,16.32364373848183,20,0.001953125
0000111111,10313,"[3, 2, 1, 0]",9600,169.3260669708252,True,16.32364373848183,20,0.001953125
0000111111,10314,"[3, 2, 1, 0]",9600,169.3434715270996,False,16.32364373848183,20,0.001953125
0000111111,10315,"[3, 2, 1, 0]",9600,169.3558692932129,True,16.32364373848183,20,0.001953125
0000111111,10316,"[3, 2, 1, 0]",9600,169.3735122680664,False,16.32364373848183,20,0.001953125
0000111111,10317,"[3, 2, 1, 0]",9600,169.386625289917,True,16.32364373848183,20,0.001953125
0000111111,10318,"[3, 2, 1, 0]",9600,169.4040298461914,False,16.32364373848183,20,0.001953125
0000111111,10319,"[3, 2, 1, 0]",9600,169.4169044494629,True,16.32364373848183,20,0.001953125
0000111111,10320,"[3, 2, 1, 0]",9600,169.4347858428955,False,16.32364373848183,20,0.001953125
0000111111,10321,"[3, 2, 1, 0]",9600,169.4478988647461,True,16.32364373848183,20,0.001953125
0000111111,10322,"[3, 2, 1, 0]",9600,169.46721076965332,False,16.32364373848183,20,0.001953125
0000111111,10323,"[3, 2, 1, 0]",9600,169.4803237915039,True,16.32364373848183,20,0.001953125
0000111111,10324,"[3, 2, 1, 0]",9600,169.49796676635742,False,16.32364373848183,20,0.001953125
0000111111,10325,"[3, 2, 1, 0]",9600,169.5106029510498,True,16.32364373848183,20,0.001953125
0000111111,10326,"[3, 2, 1, 0]",9600,169.52800750732422,False,16.32364373848183,20,0.001953125
0000111111,10327,"[3, 2, 1, 0]",9600,169.5408821105957,True,16.32364373848183,20,0.001953125
0000111111,10328,"[3, 2, 1, 0]",9600,169.55852508544922,False,16.32364373848183,20,0.001953125
0000111111,10329,"[3, 2, 1, 0]",9600,169.5711612701416,True,16.32364373848183,20,0.001953125
0000111111,10330,"[3, 2, 1, 0]",9600,169.58856582641602,False,16.32364373848183,20,0.001953125
0000111111,10331,"[3, 2, 1, 0]",9600,169.6014404296875,True,16.32364373848183,20,0.001953125
0000111111,10332,"[3, 2, 1, 0]",9600,169.61908340454102,False,16.32364373848183,20,0.001953125
0000111111,10333,"[3, 2, 1, 0]",9600,169.6319580078125,True,16.32364373848183,20,0.001953125
0000111111,10334,"[3, 2, 1, 0]",9600,169.64960098266602,False,16.32364373848183,20,0.001953125
0000111111,10335,"[3, 2, 1, 0]",9600,169.6627140045166,True,16.32364373848183,20,0.001953125
0000111111,10336,"[3, 2, 1, 0]",9600,169.68035697937012,False,16.32364373848183,20,0.001953125
0000111111,10337,"[3, 2, 1, 0]",9600,169.6929931640625,True,16.32364373848183,20,0.001953125
0000111111,10338,"[3, 2, 1, 0]",9600,169.7103977203369,False,16.32364373848183,20,0.001953125
0000111111,10339,"[3, 2, 1, 0]",9600,169.7235107421875,True,16.32364373848183,20,0.001953125
0000111111,10340,"[3, 2, 1, 0]",9600,169.7409152984619,False,16.32364373848183,20,0.001953125
0000111111,10341,"[3, 2, 1, 0]",9600,169.7537899017334,True,16.32364373848183,20,0.001953125
0000111111,10342,"[3, 2, 1, 0]",9600,169.77167129516602,False,16.32364373848183,20,0.001953125
0000111111,10343,"[3, 2, 1, 0]",9600,169.7847843170166,True,16.32364373848183,20,0.001953125
0000111111,10344,"[3, 2, 1, 0]",9600,169.80385780334473,False,16.32364373848183,20,0.001953125
0000111111,10345,"[3, 2, 1, 0]",9600,169.8167324066162,True,16.32364373848183,20,0.001953125
0110000010,10346,"[1, 0, 3, 2]",465,169.83461380004883,False,15.031008131515815,19,0.00185546875
0110000010,10347,"[1, 0, 3, 2]",465,169.84820365905762,True,15.031008131515815,19,0.00185546875
0110000010,10348,"[1, 0, 3, 2]",465,169.86608505249023,False,15.031008131515815,19,0.00185546875
0110000010,10349,"[1, 0, 3, 2]",465,169.87943649291992,True,15.031008131515815,19,0.00185546875
0110000010,10350,"[1, 0, 3, 2]",465,169.89731788635254,False,15.031008131515815,19,0.00185546875
0110000010,10351,"[1, 0, 3, 2]",465,169.91090774536133,True,15.031008131515815,19,0.00185546875
0110000010,10352,"[1, 0, 3, 2]",465,169.93021965026855,False,15.031008131515815,19,0.00185546875
0110000010,10353,"[1, 0, 3, 2]",465,169.94357109069824,True,15.031008131515815,19,0.00185546875
0110000010,10354,"[1, 0, 3, 2]",465,169.96121406555176,False,15.031008131515815,19,0.00185546875
0110000010,10355,"[1, 0, 3, 2]",465,169.97432708740234,True,15.031008131515815,19,0.00185546875
0110000010,10356,"[1, 0, 3, 2]",465,169.99220848083496,False,15.031008131515815,19,0.00185546875
0110000010,10357,"[1, 0, 3, 2]",465,170.00508308410645,True,15.031008131515815,19,0.00185546875
0110000010,10358,"[1, 0, 3, 2]",465,170.02272605895996,False,15.031008131515815,19,0.00185546875
0110000010,10359,"[1, 0, 3, 2]",465,170.03607749938965,True,15.031008131515815,19,0.00185546875
0110000010,10360,"[1, 0, 3, 2]",465,170.05348205566406,False,15.031008131515815,19,0.00185546875
0110000010,10361,"[1, 0, 3, 2]",465,170.06683349609375,True,15.031008131515815,19,0.00185546875
0110000010,10362,"[1, 0, 3, 2]",465,170.08423805236816,False,15.031008131515815,19,0.00185546875
0110000010,10363,"[1, 0, 3, 2]",465,170.09782791137695,True,15.031008131515815,19,0.00185546875
0110000010,10364,"[1, 0, 3, 2]",465,170.11713981628418,False,15.031008131515815,19,0.00185546875
0110000010,10365,"[1, 0, 3, 2]",465,170.13025283813477,True,15.031008131515815,19,0.00185546875
0110000010,10366,"[1, 0, 3, 2]",465,170.14789581298828,False,15.031008131515815,19,0.00185546875
0110000010,10367,"[1, 0, 3, 2]",465,170.16124725341797,True,15.031008131515815,19,0.00185546875
0110000010,10368,"[1, 0, 3, 2]",465,170.17865180969238,False,15.031008131515815,19,0.00185546875
0110000010,10369,"[1, 0, 3, 2]",465,170.19152641296387,True,15.031008131515815,19,0.00185546875
0110000010,10370,"[1, 0, 3, 2]",465,170.20916938781738,False,15.031008131515815,19,0.00185546875
0110000010,10371,"[1, 0, 3, 2]",465,170.22228240966797,True,15.031008131515815,19,0.00185546875
0110000010,10372,"[1, 0, 3, 2]",465,170.23992538452148,False,15.031008131515815,19,0.00185546875
0110000010,10373,"[1, 0, 3, 2]",465,170.25327682495117,True,15.031008131515815,19,0.00185546875
0110000010,10374,"[1, 0, 3, 2]",465,170.2709197998047,False,15.031008131515815,19,0.00185546875
0110000010,10375,"[1, 0, 3, 2]",465,170.28403282165527,True,15.031008131515815,19,0.00185546875
0110000010,10376,"[1, 0, 3, 2]",465,170.3014373779297,False,15.031008131515815,19,0.00185546875
0110000010,10377,"[1, 0, 3, 2]",465,170.31431198120117,True,15.031008131515815,19,0.00185546875
0110000010,10378,"[1, 0, 3, 2]",465,170.3319549560547,False,15.031008131515815,19,0.00185546875
0110000010,10379,"[1, 0, 3, 2]",465,170.34506797790527,True,15.031008131515815,19,0.00185546875
0110000010,10380,"[1, 0, 3, 2]",465,170.3629493713379,False,15.031008131515815,19,0.00185546875
0110000010,10381,"[1, 0, 3, 2]",465,170.37606239318848,True,15.031008131515815,19,0.00185546875
0110000010,10382,"[1, 0, 3, 2]",465,170.393705368042,False,15.031008131515815,19,0.00185546875
0110000010,10383,"[1, 0, 3, 2]",465,170.40705680847168,True,15.031008131515815,19,0.00185546875
0011111011,10384,"[2, 1, 3, 0]",9300,170.4251766204834,False,20.909436005722952,19,0.00185546875
0011111011,10385,"[2, 1, 0, 3]",600,170.4394817352295,True,20.909436005722952,19,0.00185546875
0011111011,10386,"[2, 1, 3, 0]",9300,170.45927047729492,False,20.909436005722952,19,0.00185546875
0011111011,10387,"[2, 1, 0, 3]",600,170.4728603363037,True,20.909436005722952,19,0.00185546875
0011111011,10388,"[2, 1, 3, 0]",9300,170.49098014831543,False,20.909436005722952,19,0.00185546875
0011111011,10389,"[2, 1, 0, 3]",600,170.50433158874512,True,20.909436005722952,19,0.00185546875
0011111011,10390,"[2, 1, 3, 0]",9300,170.52197456359863,False,20.909436005722952,19,0.00185546875
0011111011,10391,"[2, 1, 0, 3]",600,170.53532600402832,True,20.909436005722952,19,0.00185546875
0011111011,10392,"[2, 1, 3, 0]",9300,170.55320739746094,False,20.909436005722952,19,0.00185546875
0011111011,10393,"[2, 1, 0, 3]",600,170.56655883789062,True,20.909436005722952,19,0.00185546875
0011111011,10394,"[2, 1, 3, 0]",9300,170.58444023132324,False,20.909436005722952,19,0.00185546875
0011111011,10395,"[2, 1, 0, 3]",600,170.59826850891113,True,20.909436005722952,19,0.00185546875
0011111011,10396,"[2, 1, 3, 0]",9300,170.61591148376465,False,20.909436005722952,19,0.00185546875
0011111011,10397,"[2, 1, 0, 3]",600,170.62973976135254,True,20.909436005722952,19,0.00185546875
0011111011,10398,"[2, 1, 3, 0]",9300,170.64762115478516,False,20.909436005722952,19,0.00185546875
0011111011,10399,"[2, 1, 0, 3]",600,170.66121101379395,True,20.909436005722952,19,0.00185546875
0011111011,10400,"[2, 1, 3, 0]",9300,170.68076133728027,False,20.909436005722952,19,0.00185546875
0011111011,10401,"[2, 1, 0, 3]",600,170.69458961486816,True,20.909436005722952,19,0.00185546875
0011111011,10402,"[2, 1, 3, 0]",9300,170.7141399383545,False,20.909436005722952,19,0.00185546875
0011111011,10403,"[2, 1, 0, 3]",600,170.72725296020508,True,20.909436005722952,19,0.00185546875
0011111011,10404,"[2, 1, 3, 0]",9300,170.7451343536377,False,20.909436005722952,19,0.00185546875
0011111011,10405,"[2, 1, 0, 3]",600,170.75824737548828,True,20.909436005722952,19,0.00185546875
0011111011,10406,"[2, 1, 3, 0]",9300,170.7775592803955,False,20.909436005722952,19,0.00185546875
0011111011,10407,"[2, 1, 0, 3]",600,170.7906723022461,True,20.909436005722952,19,0.00185546875
0011111011,10408,"[2, 1, 3, 0]",9300,170.8080768585205,False,20.909436005722952,19,0.00185546875
0011111011,10409,"[2, 1, 0, 3]",600,170.820951461792,True,20.909436005722952,19,0.00185546875
0011111011,10410,"[2, 1, 3, 0]",9300,170.8383560180664,False,20.909436005722952,19,0.00185546875
0011111011,10411,"[2, 1, 0, 3]",600,170.8517074584961,True,20.909436005722952,19,0.00185546875
0011111011,10412,"[2, 1, 3, 0]",9300,170.8693504333496,False,20.909436005722952,19,0.00185546875
0011111011,10413,"[2, 1, 0, 3]",600,170.8827018737793,True,20.909436005722952,19,0.00185546875
0011111011,10414,"[2, 1, 3, 0]",9300,170.9003448486328,False,20.909436005722952,19,0.00185546875
0011111011,10415,"[2, 1, 0, 3]",600,170.9136962890625,True,20.909436005722952,19,0.00185546875
0011111011,10416,"[2, 1, 3, 0]",9300,170.93133926391602,False,20.909436005722952,19,0.00185546875
0011111011,10417,"[2, 1, 0, 3]",600,170.9449291229248,True,20.909436005722952,19,0.00185546875
0011111011,10418,"[2, 1, 3, 0]",9300,170.96233367919922,False,20.909436005722952,19,0.00185546875
0011111011,10419,"[2, 1, 0, 3]",600,170.9756851196289,True,20.909436005722952,19,0.00185546875
0011111011,10420,"[2, 1, 3, 0]",9300,170.99308967590332,False,20.909436005722952,19,0.00185546875
0011111011,10421,"[2, 1, 0, 3]",600,171.006441116333,True,20.909436005722952,19,0.00185546875
0000000110,10422,"[3, 2, 1, 0]",9600,171.02384567260742,False,23.18188720114459,19,0.00185546875
0000000110,10423,"[3, 2, 1, 0]",9600,171.0371971130371,True,23.18188720114459,19,0.00185546875
0000000110,10424,"[3, 2, 1, 0]",9600,171.05460166931152,False,23.18188720114459,19,0.00185546875
0000000110,10425,"[3, 2, 1, 0]",9600,171.067476272583,True,23.18188720114459,19,0.00185546875
0000000110,10426,"[3, 2, 1, 0]",9600,171.08511924743652,False,23.18188720114459,19,0.00185546875
0000000110,10427,"[3, 2, 1, 0]",9600,171.0982322692871,True,23.18188720114459,19,0.00185546875
0000000110,10428,"[3, 2, 1, 0]",9600,171.11873626708984,False,23.18188720114459,19,0.00185546875
0000000110,10429,"[3, 2, 1, 0]",9600,171.13184928894043,True,23.18188720114459,19,0.00185546875
0000000110,10430,"[3, 2, 1, 0]",9600,171.14949226379395,False,23.18188720114459,19,0.00185546875
0000000110,10431,"[3, 2, 1, 0]",9600,171.16236686706543,True,23.18188720114459,19,0.00185546875
0000000110,10432,"[3, 2, 1, 0]",9600,171.17977142333984,False,23.18188720114459,19,0.00185546875
0000000110,10433,"[3, 2, 1, 0]",9600,171.19240760803223,True,23.18188720114459,19,0.00185546875
0000000110,10434,"[3, 2, 1, 0]",9600,171.20981216430664,False,23.18188720114459,19,0.00185546875
0000000110,10435,"[3, 2, 1, 0]",9600,171.22268676757812,True,23.18188720114459,19,0.00185546875
0000000110,10436,"[3, 2, 1, 0]",9600,171.24009132385254,False,23.18188720114459,19,0.00185546875
0000000110,10437,"[3, 2, 1, 0]",9600,171.25344276428223,True,23.18188720114459,19,0.00185546875
0000000110,10438,"[3, 2, 1, 0]",9600,171.27084732055664,False,23.18188720114459,19,0.00185546875
0000000110,10439,"[3, 2, 1, 0]",9600,171.28419876098633,True,23.18188720114459,19,0.00185546875
0000000110,10440,"[3, 2, 1, 0]",9600,171.30136489868164,False,23.18188720114459,19,0.00185546875
0000000110,10441,"[3, 2, 1, 0]",9600,171.31471633911133,True,23.18188720114459,19,0.00185546875
0000000110,10442,"[3, 2, 1, 0]",9600,171.33164405822754,False,23.18188720114459,19,0.00185546875
0000000110,10443,"[3, 2, 1, 0]",9600,171.34475708007812,True,23.18188720114459,19,0.00185546875
0000000110,10444,"[3, 2, 1, 0]",9600,171.36192321777344,False,23.18188720114459,19,0.00185546875
0000000110,10445,"[3, 2, 1, 0]",9600,171.37479782104492,True,23.18188720114459,19,0.00185546875
0000000110,10446,"[3, 2, 1, 0]",9600,171.39220237731934,False,23.18188720114459,19,0.00185546875
0000000110,10447,"[3, 2, 1, 0]",9600,171.40507698059082,True,23.18188720114459,19,0.00185546875
0000000110,10448,"[3, 2, 1, 0]",9600,171.42415046691895,False,23.18188720114459,19,0.00185546875
0000000110,10449,"[3, 2, 1, 0]",9600,171.43678665161133,True,23.18188720114459,19,0.00185546875
0000000110,10450,"[3, 2, 1, 0]",9600,171.45442962646484,False,23.18188720114459,19,0.00185546875
0000000110,10451,"[3, 2, 1, 0]",9600,171.48327827453613,True,23.18188720114459,19,0.00185546875
0000000110,10452,"[3, 2, 1, 0]",9600,171.50235176086426,False,23.18188720114459,19,0.00185546875
0000000110,10453,"[3, 2, 1, 0]",9600,171.5257167816162,True,23.18188720114459,19,0.00185546875
0000000110,10454,"[3, 2, 1, 0]",9600,171.54526710510254,False,23.18188720114459,19,0.00185546875
0000000110,10455,"[3, 2, 1, 0]",9600,171.55838012695312,True,23.18188720114459,19,0.00185546875
0000000110,10456,"[3, 2, 1, 0]",9600,171.57578468322754,False,23.18188720114459,19,0.00185546875
0000000110,10457,"[3, 2, 1, 0]",9600,171.58818244934082,True,23.18188720114459,19,0.00185546875
0000000110,10458,"[3, 2, 1, 0]",9600,171.60582542419434,False,23.18188720114459,19,0.00185546875
0000000110,10459,"[3, 2, 1, 0]",9600,171.61846160888672,True,23.18188720114459,19,0.00185546875
1100111110,10460,"[3, 2, 0, 1]",6600,171.63586616516113,False,25.992551240783698,19,0.00185546875
1100111110,10461,"[3, 2, 0, 1]",6600,171.64921760559082,True,25.992551240783698,19,0.00185546875
1100111110,10462,"[3, 2, 0, 1]",6600,171.66662216186523,False,25.992551240783698,19,0.00185546875
1100111110,10463,"[3, 2, 0, 1]",6600,171.67973518371582,True,25.992551240783698,19,0.00185546875
1100111110,10464,"[3, 2, 0, 1]",6600,171.69737815856934,False,25.992551240783698,19,0.00185546875
1100111110,10465,"[3, 2, 0, 1]",6600,171.71072959899902,True,25.992551240783698,19,0.00185546875
1100111110,10466,"[3, 2, 0, 1]",6600,171.72789573669434,False,25.992551240783698,19,0.00185546875
1100111110,10467,"[3, 2, 0, 1]",6600,171.74077033996582,True,25.992551240783698,19,0.00185546875
1100111110,10468,"[3, 2, 0, 1]",6600,171.75841331481934,False,25.992551240783698,19,0.00185546875
1100111110,10469,"[3, 2, 0, 1]",6600,171.77152633666992,True,25.992551240783698,19,0.00185546875
1100111110,10470,"[3, 2, 0, 1]",6600,171.79059982299805,False,25.992551240783698,19,0.00185546875
1100111110,10471,"[3, 2, 0, 1]",6600,171.80347442626953,True,25.992551240783698,19,0.00185546875
1100111110,10472,"[3, 2, 0, 1]",6600,171.82087898254395,False,25.992551240783698,19,0.00185546875
1100111110,10473,"[3, 2, 0, 1]",6600,171.83399200439453,True,25.992551240783698,19,0.00185546875
1100111110,10474,"[3, 2, 0, 1]",6600,171.85688018798828,False,25.992551240783698,19,0.00185546875
1100111110,10475,"[3, 2, 0, 1]",6600,171.88572883605957,True,25.992551240783698,19,0.00185546875
1100111110,10476,"[3, 2, 0, 1]",6600,171.9043254852295,False,25.992551240783698,19,0.00185546875
1100111110,10477,"[3, 2, 0, 1]",6600,171.91767692565918,True,25.992551240783698,19,0.00185546875
1100111110,10478,"[3, 2, 0, 1]",6600,171.9362735748291,False,25.992551240783698,19,0.00185546875
1100111110,10479,"[3, 2, 0, 1]",6600,171.9493865966797,True,25.992551240783698,19,0.00185546875
1100111110,10480,"[3, 2, 0, 1]",6600,171.9677448272705,False,25.992551240783698,19,0.00185546875
1100111110,10481,"[3, 2, 0, 1]",6600,171.9808578491211,True,25.992551240783698,19,0.00185546875
1100111110,10482,"[3, 2, 0, 1]",6600,171.9992160797119,False,25.992551240783698,19,0.00185546875
1100111110,10483,"[3, 2, 0, 1]",6600,172.0128059387207,True,25.992551240783698,19,0.00185546875
1100111110,10484,"[3, 2, 0, 1]",6600,172.03092575073242,False,25.992551240783698,19,0.00185546875
1100111110,10485,"[3, 2, 0, 1]",6600,172.0445156097412,True,25.992551240783698,19,0.00185546875
1100111110,10486,"[3, 2, 0, 1]",6600,172.06263542175293,False,25.992551240783698,19,0.00185546875
1100111110,10487,"[3, 2, 0, 1]",6600,172.07622528076172,True,25.992551240783698,19,0.00185546875
1100111110,10488,"[3, 2, 0, 1]",6600,172.09458351135254,False,25.992551240783698,19,0.00185546875
1100111110,10489,"[3, 2, 0, 1]",6600,172.10865020751953,True,25.992551240783698,19,0.00185546875
1100111110,10490,"[3, 2, 0, 1]",6600,172.12915420532227,False,25.992551240783698,19,0.00185546875
1100111110,10491,"[3, 2, 0, 1]",6600,172.14274406433105,True,25.992551240783698,19,0.00185546875
1100111110,10492,"[3, 2, 0, 1]",6600,172.16110229492188,False,25.992551240783698,19,0.00185546875
1100111110,10493,"[3, 2, 0, 1]",6600,172.17469215393066,True,25.992551240783698,19,0.00185546875
1100111110,10494,"[3, 2, 0, 1]",6600,172.19305038452148,False,25.992551240783698,19,0.00185546875
1100111110,10495,"[3, 2, 0, 1]",6600,172.20640182495117,True,25.992551240783698,19,0.00185546875
1100111110,10496,"[3, 2, 0, 1]",6600,172.2249984741211,False,25.992551240783698,19,0.00185546875
1100111110,10497,"[3, 2, 0, 1]",6600,172.23858833312988,True,25.992551240783698,19,0.00185546875
0000011101,10498,"[3, 2, 1, 0]",9600,172.2569465637207,False,13.343709070385504,19,0.00185546875
0000011101,10499,"[3, 2, 1, 0]",9600,172.2707748413086,True,13.343709070385504,19,0.00185546875
0000011101,10500,"[3, 2, 1, 0]",9600,172.2891330718994,False,13.343709070385504,19,0.00185546875
0000011101,10501,"[3, 2, 1, 0]",9600,172.3027229309082,True,13.343709070385504,19,0.00185546875
0000011101,10502,"[3, 2, 1, 0]",9600,172.32203483581543,False,13.343709070385504,19,0.00185546875
0000011101,10503,"[3, 2, 1, 0]",9600,172.33586311340332,True,13.343709070385504,19,0.00185546875
0000011101,10504,"[3, 2, 1, 0]",9600,172.35589027404785,False,13.343709070385504,19,0.00185546875
0000011101,10505,"[3, 2, 1, 0]",9600,172.36971855163574,True,13.343709070385504,19,0.00185546875
0000011101,10506,"[3, 2, 1, 0]",9600,172.38807678222656,False,13.343709070385504,19,0.00185546875
0000011101,10507,"[3, 2, 1, 0]",9600,172.40166664123535,True,13.343709070385504,19,0.00185546875
0000011101,10508,"[3, 2, 1, 0]",9600,172.41978645324707,False,13.343709070385504,19,0.00185546875
0000011101,10509,"[3, 2, 1, 0]",9600,172.43337631225586,True,13.343709070385504,19,0.00185546875
0000011101,10510,"[3, 2, 1, 0]",9600,172.45173454284668,False,13.343709070385504,19,0.00185546875
0000011101,10511,"[3, 2, 1, 0]",9600,172.46556282043457,True,13.343709070385504,19,0.00185546875
0000011101,10512,"[3, 2, 1, 0]",9600,172.4860668182373,False,13.343709070385504,19,0.00185546875
0000011101,10513,"[3, 2, 1, 0]",9600,172.4998950958252,True,13.343709070385504,19,0.00185546875
0000011101,10514,"[3, 2, 1, 0]",9600,172.51849174499512,False,13.343709070385504,19,0.00185546875
0000011101,10515,"[3, 2, 1, 0]",9600,172.532320022583,True,13.343709070385504,19,0.00185546875
0000011101,10516,"[3, 2, 1, 0]",9600,172.55091667175293,False,13.343709070385504,19,0.00185546875
0000011101,10517,"[3, 2, 1, 0]",9600,172.56450653076172,True,13.343709070385504,19,0.00185546875
0000011101,10518,"[3, 2, 1, 0]",9600,172.58262634277344,False,13.343709070385504,19,0.00185546875
0000011101,10519,"[3, 2, 1, 0]",9600,172.59597778320312,True,13.343709070385504,19,0.00185546875
0000011101,10520,"[3, 2, 1, 0]",9600,172.61433601379395,False,13.343709070385504,19,0.00185546875
0000011101,10521,"[3, 2, 1, 0]",9600,172.62792587280273,True,13.343709070385504,19,0.00185546875
0000011101,10522,"[3, 2, 1, 0]",9600,172.64628410339355,False,13.343709070385504,19,0.00185546875
0000011101,10523,"[3, 2, 1, 0]",9600,172.65963554382324,True,13.343709070385504,19,0.00185546875
0000011101,10524,"[3, 2, 1, 0]",9600,172.67799377441406,False,13.343709070385504,19,0.00185546875
0000011101,10525,"[3, 2, 1, 0]",9600,172.69134521484375,True,13.343709070385504,19,0.00185546875
0000011101,10526,"[3, 2, 1, 0]",9600,172.70994186401367,False,13.343709070385504,19,0.00185546875
0000011101,10527,"[3, 2, 1, 0]",9600,172.72329330444336,True,13.343709070385504,19,0.00185546875
0000011101,10528,"[3, 2, 1, 0]",9600,172.74212837219238,False,13.343709070385504,19,0.00185546875
0000011101,10529,"[3, 2, 1, 0]",9600,172.75547981262207,True,13.343709070385504,19,0.00185546875
0000011101,10530,"[3, 2, 1, 0]",9600,172.7738380432129,False,13.343709070385504,19,0.00185546875
0000011101,10531,"[3, 2, 1, 0]",9600,172.78742790222168,True,13.343709070385504,19,0.00185546875
0000011101,10532,"[3, 2, 1, 0]",9600,172.83010482788086,False,13.343709070385504,19,0.00185546875
0000011101,10533,"[3, 2, 1, 0]",9600,172.84417152404785,True,13.343709070385504,19,0.00185546875
0000011101,10534,"[3, 2, 1, 0]",9600,172.87802696228027,False,13.343709070385504,19,0.00185546875
0000011101,10535,"[3, 2, 1, 0]",9600,172.89161682128906,True,13.343709070385504,19,0.00185546875
0011001001,10536,"[1, 3, 2, 0]",9450,172.92523384094238,False,19.070544774769893,19,0.00185546875
0011001001,10537,"[1, 0, 3, 2]",465,172.94025421142578,True,19.070544774769893,19,0.00185546875
0011001001,10538,"[1, 3, 2, 0]",9450,172.9743480682373,False,19.070544774769893,19,0.00185546875
0011001001,10539,"[1, 0, 3, 2]",465,172.9893684387207,True,19.070544774769893,19,0.00185546875
0011001001,10540,"[1, 3, 2, 0]",9450,173.02274703979492,False,19.070544774769893,19,0.00185546875
0011001001,10541,"[1, 0, 3, 2]",465,173.03752899169922,True,19.070544774769893,19,0.00185546875
0011001001,10542,"[1, 3, 2, 0]",9450,173.07090759277344,False,19.070544774769893,19,0.00185546875
0011001001,10543,"[1, 0, 3, 2]",465,173.08545112609863,True,19.070544774769893,19,0.00185546875
0011001001,10544,"[1, 3, 2, 0]",9450,173.11882972717285,False,19.070544774769893,19,0.00185546875
0011001001,10545,"[1, 0, 3, 2]",465,173.1436252593994,True,19.070544774769893,19,0.00185546875
0011001001,10546,"[1, 3, 2, 0]",9450,173.17605018615723,False,19.070544774769893,19,0.00185546875
0011001001,10547,"[1, 0, 3, 2]",465,173.18987846374512,True,19.070544774769893,19,0.00185546875
0011001001,10548,"[1, 3, 2, 0]",9450,173.22182655334473,False,19.070544774769893,19,0.00185546875
0011001001,10549,"[1, 0, 3, 2]",465,173.23565483093262,True,19.070544774769893,19,0.00185546875
0011001001,10550,"[1, 3, 2, 0]",9450,173.26784133911133,False,19.070544774769893,19,0.00185546875
0011001001,10551,"[1, 0, 3, 2]",465,173.28166961669922,True,19.070544774769893,19,0.00185546875
0011001001,10552,"[1, 3, 2, 0]",9450,173.3379364013672,False,19.070544774769893,19,0.00185546875
0011001001,10553,"[1, 0, 3, 2]",465,173.3551025390625,True,19.070544774769893,19,0.00185546875
0011001001,10554,"[1, 3, 2, 0]",9450,173.37608337402344,False,19.070544774769893,19,0.00185546875
0011001001,10555,"[1, 0, 3, 2]",465,173.38967323303223,True,19.070544774769893,19,0.00185546875
0011001001,10556,"[1, 3, 2, 0]",9450,173.40779304504395,False,19.070544774769893,19,0.00185546875
0011001001,10557,"[1, 0, 3, 2]",465,173.42114448547363,True,19.070544774769893,19,0.00185546875
0011001001,10558,"[1, 3, 2, 0]",9450,173.43878746032715,False,19.070544774769893,19,0.00185546875
0011001001,10559,"[1, 0, 3, 2]",465,173.4764575958252,True,19.070544774769893,19,0.00185546875
0011001001,10560,"[1, 3, 2, 0]",9450,173.4945774078369,False,19.070544774769893,19,0.00185546875
0011001001,10561,"[1, 0, 3, 2]",465,173.5084056854248,True,19.070544774769893,19,0.00185546875
0011001001,10562,"[1, 3, 2, 0]",9450,173.52652549743652,False,19.070544774769893,19,0.00185546875
0011001001,10563,"[1, 0, 3, 2]",465,173.5403537750244,True,19.070544774769893,19,0.00185546875
0011001001,10564,"[1, 3, 2, 0]",9450,173.55823516845703,False,19.070544774769893,19,0.00185546875
0011001001,10565,"[1, 0, 3, 2]",465,173.57206344604492,True,19.070544774769893,19,0.00185546875
0011001001,10566,"[1, 3, 2, 0]",9450,173.58970642089844,False,19.070544774769893,19,0.00185546875
0011001001,10567,"[1, 0, 3, 2]",465,173.60353469848633,True,19.070544774769893,19,0.00185546875
0011001001,10568,"[1, 3, 2, 0]",9450,173.62284660339355,False,19.070544774769893,19,0.00185546875
0011001001,10569,"[1, 0, 3, 2]",465,173.63643646240234,True,19.070544774769893,19,0.00185546875
0011001001,10570,"[1, 3, 2, 0]",9450,173.65407943725586,False,19.070544774769893,19,0.00185546875
0011001001,10571,"[1, 0, 3, 2]",465,173.66743087768555,True,19.070544774769893,19,0.00185546875
0011001001,10572,"[1, 3, 2, 0]",9450,173.68531227111816,False,19.070544774769893,19,0.00185546875
0011001001,10573,"[1, 0, 3, 2]",465,173.69842529296875,True,19.070544774769893,19,0.00185546875
1110010101,10574,"[0, 1, 3, 2]",465,173.71821403503418,False,16.453497537746742,19,0.00185546875
1110010101,10575,"[0, 1, 3, 2]",465,173.73180389404297,True,16.453497537746742,19,0.00185546875
1110010101,10576,"[0, 1, 3, 2]",465,173.7496852874756,False,16.453497537746742,19,0.00185546875
1110010101,10577,"[0, 1, 3, 2]",465,173.76303672790527,True,16.453497537746742,19,0.00185546875
1110010101,10578,"[0, 1, 3, 2]",465,173.7804412841797,False,16.453497537746742,19,0.00185546875
1110010101,10579,"[0, 1, 3, 2]",465,173.79379272460938,True,16.453497537746742,19,0.00185546875
1110010101,10580,"[0, 1, 3, 2]",465,173.8114356994629,False,16.453497537746742,19,0.00185546875
1110010101,10581,"[0, 1, 3, 2]",465,173.82478713989258,True,16.453497537746742,19,0.00185546875
1110010101,10582,"[0, 1, 3, 2]",465,173.8424301147461,False,16.453497537746742,19,0.00185546875
1110010101,10583,"[0, 1, 3, 2]",465,173.85530471801758,True,16.453497537746742,19,0.00185546875
1110010101,10584,"[0, 1, 3, 2]",465,173.872709274292,False,16.453497537746742,19,0.00185546875
1110010101,10585,"[0, 1, 3, 2]",465,173.88582229614258,True,16.453497537746742,19,0.00185546875
1110010101,10586,"[0, 1, 3, 2]",465,173.9029884338379,False,16.453497537746742,19,0.00185546875
1110010101,10587,"[0, 1, 3, 2]",465,173.91610145568848,True,16.453497537746742,19,0.00185546875
1110010101,10588,"[0, 1, 3, 2]",465,173.933744430542,False,16.453497537746742,19,0.00185546875
1110010101,10589,"[0, 1, 3, 2]",465,173.94685745239258,True,16.453497537746742,19,0.00185546875
1110010101,10590,"[0, 1, 3, 2]",465,173.9645004272461,False,16.453497537746742,19,0.00185546875
1110010101,10591,"[0, 1, 3, 2]",465,173.97761344909668,True,16.453497537746742,19,0.00185546875
1110010101,10592,"[0, 1, 3, 2]",465,173.9954948425293,False,16.453497537746742,19,0.00185546875
1110010101,10593,"[0, 1, 3, 2]",465,174.00836944580078,True,16.453497537746742,19,0.00185546875
1110010101,10594,"[0, 1, 3, 2]",465,174.0262508392334,False,16.453497537746742,19,0.00185546875
1110010101,10595,"[0, 1, 3, 2]",465,174.03912544250488,True,16.453497537746742,19,0.00185546875
1110010101,10596,"[0, 1, 3, 2]",465,174.0586757659912,False,16.453497537746742,19,0.00185546875
1110010101,10597,"[0, 1, 3, 2]",465,174.0717887878418,True,16.453497537746742,19,0.00185546875
1110010101,10598,"[0, 1, 3, 2]",465,174.0894317626953,False,16.453497537746742,19,0.00185546875
1110010101,10599,"[0, 1, 3, 2]",465,174.1020679473877,True,16.453497537746742,19,0.00185546875
1110010101,10600,"[0, 1, 3, 2]",465,174.1199493408203,False,16.453497537746742,19,0.00185546875
1110010101,10601,"[0, 1, 3, 2]",465,174.1328239440918,True,16.453497537746742,19,0.00185546875
1110010101,10602,"[0, 1, 3, 2]",465,174.1504669189453,False,16.453497537746742,19,0.00185546875
1110010101,10603,"[0, 1, 3, 2]",465,174.1642951965332,True,16.453497537746742,19,0.00185546875
1110010101,10604,"[0, 1, 3, 2]",465,174.18384552001953,False,16.453497537746742,19,0.00185546875
1110010101,10605,"[0, 1, 3, 2]",465,174.19743537902832,True,16.453497537746742,19,0.00185546875
1110010101,10606,"[0, 1, 3, 2]",465,174.21483993530273,False,16.453497537746742,19,0.00185546875
1110010101,10607,"[0, 1, 3, 2]",465,174.22819137573242,True,16.453497537746742,19,0.00185546875
1110010101,10608,"[0, 1, 3, 2]",465,174.24559593200684,False,16.453497537746742,19,0.00185546875
1110010101,10609,"[0, 1, 3, 2]",465,174.25870895385742,True,16.453497537746742,19,0.00185546875
1110010101,10610,"[0, 1, 3, 2]",465,174.27611351013184,False,16.453497537746742,19,0.00185546875
1110010101,10611,"[0, 1, 3, 2]",465,174.28898811340332,True,16.453497537746742,19,0.00185546875
1101001101,10612,"[3, 0, 1, 2]",750,174.30663108825684,False,13.175666353837997,19,0.00185546875
1101001101,10613,"[3, 0, 1, 2]",750,174.32045936584473,True,13.175666353837997,19,0.00185546875
1101001101,10614,"[3, 0, 1, 2]",750,174.33881759643555,False,13.175666353837997,19,0.00185546875
1101001101,10615,"[3, 0, 1, 2]",750,174.35264587402344,True,13.175666353837997,19,0.00185546875
1101001101,10616,"[3, 0, 1, 2]",750,174.37195777893066,False,13.175666353837997,19,0.00185546875
1101001101,10617,"[3, 0, 1, 2]",750,174.38554763793945,True,13.175666353837997,19,0.00185546875
1101001101,10618,"[3, 0, 1, 2]",750,174.40342903137207,False,13.175666353837997,19,0.00185546875
1101001101,10619,"[3, 0, 1, 2]",750,174.41678047180176,True,13.175666353837997,19,0.00185546875
1101001101,10620,"[3, 0, 1, 2]",750,174.43466186523438,False,13.175666353837997,19,0.00185546875
1101001101,10621,"[3, 0, 1, 2]",750,174.44777488708496,True,13.175666353837997,19,0.00185546875
1101001101,10622,"[3, 0, 1, 2]",750,174.46565628051758,False,13.175666353837997,19,0.00185546875
1101001101,10623,"[3, 0, 1, 2]",750,174.47876930236816,True,13.175666353837997,19,0.00185546875
1101001101,10624,"[3, 0, 1, 2]",750,174.49641227722168,False,13.175666353837997,19,0.00185546875
1101001101,10625,"[3, 0, 1, 2]",750,174.50952529907227,True,13.175666353837997,19,0.00185546875
1101001101,10626,"[3, 0, 1, 2]",750,174.52716827392578,False,13.175666353837997,19,0.00185546875
1101001101,10627,"[3, 0, 1, 2]",750,174.54028129577637,True,13.175666353837997,19,0.00185546875
1101001101,10628,"[3, 0, 1, 2]",750,174.55792427062988,False,13.175666353837997,19,0.00185546875
1101001101,10629,"[3, 0, 1, 2]",750,174.58677291870117,True,13.175666353837997,19,0.00185546875
1101001101,10630,"[3, 0, 1, 2]",750,174.605131149292,False,13.175666353837997,19,0.00185546875
1101001101,10631,"[3, 0, 1, 2]",750,174.61919784545898,True,13.175666353837997,19,0.00185546875
1101001101,10632,"[3, 0, 1, 2]",750,174.6377944946289,False,13.175666353837997,19,0.00185546875
1101001101,10633,"[3, 0, 1, 2]",750,174.6516227722168,True,13.175666353837997,19,0.00185546875
1101001101,10634,"[3, 0, 1, 2]",750,174.66998100280762,False,13.175666353837997,19,0.00185546875
1101001101,10635,"[3, 0, 1, 2]",750,174.6838092803955,True,13.175666353837997,19,0.00185546875
1101001101,10636,"[3, 0, 1, 2]",750,174.70240592956543,False,13.175666353837997,19,0.00185546875
1101001101,10637,"[3, 0, 1, 2]",750,174.71647262573242,True,13.175666353837997,19,0.00185546875
1101001101,10638,"[3, 0, 1, 2]",750,174.73649978637695,False,13.175666353837997,19,0.00185546875
1101001101,10639,"[3, 0, 1, 2]",750,174.75008964538574,True,13.175666353837997,19,0.00185546875
1101001101,10640,"[3, 0, 1, 2]",750,174.76844787597656,False,13.175666353837997,19,0.00185546875
1101001101,10641,"[3, 0, 1, 2]",750,174.78203773498535,True,13.175666353837997,19,0.00185546875
1101001101,10642,"[3, 0, 1, 2]",750,174.80087280273438,False,13.175666353837997,19,0.00185546875
1101001101,10643,"[3, 0, 1, 2]",750,174.81446266174316,True,13.175666353837997,19,0.00185546875
1101001101,10644,"[3, 0, 1, 2]",750,174.8330593109131,False,13.175666353837997,19,0.00185546875
1101001101,10645,"[3, 0, 1, 2]",750,174.84664916992188,True,13.175666353837997,19,0.00185546875
1101001101,10646,"[3, 0, 1, 2]",750,174.8650074005127,False,13.175666353837997,19,0.00185546875
1101001101,10647,"[3, 0, 1, 2]",750,174.87859725952148,True,13.175666353837997,19,0.00185546875
1101001101,10648,"[3, 0, 1, 2]",750,174.8969554901123,False,13.175666353837997,19,0.00185546875
1101001101,10649,"[3, 0, 1, 2]",750,174.9105453491211,True,13.175666353837997,19,0.00185546875
0111011001,10650,"[1, 3, 2, 0]",9450,174.92914199829102,False,15.175666353837997,19,0.00185546875
0111011001,10651,"[1, 0, 3, 2]",465,174.943208694458,True,15.175666353837997,19,0.00185546875
0111011001,10652,"[1, 3, 2, 0]",9450,174.96180534362793,False,15.175666353837997,19,0.00185546875
0111011001,10653,"[1, 0, 3, 2]",465,174.97634887695312,True,15.175666353837997,19,0.00185546875
0111011001,10654,"[1, 3, 2, 0]",9450,174.99709129333496,False,15.175666353837997,19,0.00185546875
0111011001,10655,"[1, 0, 3, 2]",465,175.01115798950195,True,15.175666353837997,19,0.00185546875
0111011001,10656,"[1, 3, 2, 0]",9450,175.02975463867188,False,15.175666353837997,19,0.00185546875
0111011001,10657,"[1, 0, 3, 2]",465,175.04405975341797,True,15.175666353837997,19,0.00185546875
0111011001,10658,"[1, 3, 2, 0]",9450,175.0645637512207,False,15.175666353837997,19,0.00185546875
0111011001,10659,"[1, 0, 3, 2]",465,175.0788688659668,True,15.175666353837997,19,0.00185546875
0111011001,10660,"[1, 3, 2, 0]",9450,175.09770393371582,False,15.175666353837997,19,0.00185546875
0111011001,10661,"[1, 0, 3, 2]",465,175.1115322113037,True,15.175666353837997,19,0.00185546875
0111011001,10662,"[1, 3, 2, 0]",9450,175.13012886047363,False,15.175666353837997,19,0.00185546875
0111011001,10663,"[1, 0, 3, 2]",465,175.14419555664062,True,15.175666353837997,19,0.00185546875
0111011001,10664,"[1, 3, 2, 0]",9450,175.16231536865234,False,15.175666353837997,19,0.00185546875
0111011001,10665,"[1, 0, 3, 2]",465,175.17638206481934,True,15.175666353837997,19,0.00185546875
0111011001,10666,"[1, 3, 2, 0]",9450,175.19450187683105,False,15.175666353837997,19,0.00185546875
0111011001,10667,"[1, 0, 3, 2]",465,175.20833015441895,True,15.175666353837997,19,0.00185546875
0111011001,10668,"[1, 3, 2, 0]",9450,175.22668838500977,False,15.175666353837997,19,0.00185546875
0111011001,10669,"[1, 0, 3, 2]",465,175.24051666259766,True,15.175666353837997,19,0.00185546875
0111011001,10670,"[1, 3, 2, 0]",9450,175.25935173034668,False,15.175666353837997,19,0.00185546875
0111011001,10671,"[1, 0, 3, 2]",465,175.27341842651367,True,15.175666353837997,19,0.00185546875
0111011001,10672,"[1, 3, 2, 0]",9450,175.2920150756836,False,15.175666353837997,19,0.00185546875
0111011001,10673,"[1, 0, 3, 2]",465,175.30584335327148,True,15.175666353837997,19,0.00185546875
0111011001,10674,"[1, 3, 2, 0]",9450,175.3249168395996,False,15.175666353837997,19,0.00185546875
0111011001,10675,"[1, 0, 3, 2]",465,175.3385066986084,True,15.175666353837997,19,0.00185546875
0111011001,10676,"[1, 3, 2, 0]",9450,175.35710334777832,False,15.175666353837997,19,0.00185546875
0111011001,10677,"[1, 0, 3, 2]",465,175.3709316253662,True,15.175666353837997,19,0.00185546875
0111011001,10678,"[1, 3, 2, 0]",9450,175.38952827453613,False,15.175666353837997,19,0.00185546875
0111011001,10679,"[1, 0, 3, 2]",465,175.40335655212402,True,15.175666353837997,19,0.00185546875
0111011001,10680,"[1, 3, 2, 0]",9450,175.42362213134766,False,15.175666353837997,19,0.00185546875
0111011001,10681,"[1, 0, 3, 2]",465,175.43745040893555,True,15.175666353837997,19,0.00185546875
0111011001,10682,"[1, 3, 2, 0]",9450,175.45557022094727,False,15.175666353837997,19,0.00185546875
0111011001,10683,"[1, 0, 3, 2]",465,175.46963691711426,True,15.175666353837997,19,0.00185546875
0111011001,10684,"[1, 3, 2, 0]",9450,175.48823356628418,False,15.175666353837997,19,0.00185546875
0111011001,10685,"[1, 0, 3, 2]",465,175.50206184387207,True,15.175666353837997,19,0.00185546875
0111011001,10686,"[1, 3, 2, 0]",9450,175.53067207336426,False,15.175666353837997,19,0.00185546875
0111011001,10687,"[1, 0, 3, 2]",465,175.54426193237305,True,15.175666353837997,19,0.00185546875
1110001101,10688,"[3, 0, 1, 2]",750,175.56238174438477,False,23.52784887194936,19,0.00185546875
1110001101,10689,"[3, 0, 1, 2]",750,175.57597160339355,True,23.52784887194936,19,0.00185546875
1110001101,10690,"[3, 0, 1, 2]",750,175.59361457824707,False,23.52784887194936,19,0.00185546875
1110001101,10691,"[3, 0, 1, 2]",750,175.60696601867676,True,23.52784887194936,19,0.00185546875
1110001101,10692,"[3, 0, 1, 2]",750,175.62484741210938,False,23.52784887194936,19,0.00185546875
1110001101,10693,"[3, 0, 1, 2]",750,175.63796043395996,True,23.52784887194936,19,0.00185546875
1110001101,10694,"[3, 0, 1, 2]",750,175.65536499023438,False,23.52784887194936,19,0.00185546875
1110001101,10695,"[3, 0, 1, 2]",750,175.66871643066406,True,23.52784887194936,19,0.00185546875
1110001101,10696,"[3, 0, 1, 2]",750,175.68635940551758,False,23.52784887194936,19,0.00185546875
1110001101,10697,"[3, 0, 1, 2]",750,175.69899559020996,True,23.52784887194936,19,0.00185546875
1110001101,10698,"[3, 0, 1, 2]",750,175.71687698364258,False,23.52784887194936,19,0.00185546875
1110001101,10699,"[3, 0, 1, 2]",750,175.72975158691406,True,23.52784887194936,19,0.00185546875
1110001101,10700,"[3, 0, 1, 2]",750,175.7495403289795,False,23.52784887194936,19,0.00185546875
1110001101,10701,"[3, 0, 1, 2]",750,175.76241493225098,True,23.52784887194936,19,0.00185546875
1110001101,10702,"[3, 0, 1, 2]",750,175.7802963256836,False,23.52784887194936,19,0.00185546875
1110001101,10703,"[3, 0, 1, 2]",750,175.79364776611328,True,23.52784887194936,19,0.00185546875
1110001101,10704,"[3, 0, 1, 2]",750,175.811767578125,False,23.52784887194936,19,0.00185546875
1110001101,10705,"[3, 0, 1, 2]",750,175.8248805999756,True,23.52784887194936,19,0.00185546875
1110001101,10706,"[3, 0, 1, 2]",750,175.84824562072754,False,23.52784887194936,19,0.00185546875
1110001101,10707,"[3, 0, 1, 2]",750,175.86159706115723,True,23.52784887194936,19,0.00185546875
1110001101,10708,"[3, 0, 1, 2]",750,175.88019371032715,False,23.52784887194936,19,0.00185546875
1110001101,10709,"[3, 0, 1, 2]",750,175.89282989501953,True,23.52784887194936,19,0.00185546875
1110001101,10710,"[3, 0, 1, 2]",750,175.91047286987305,False,23.52784887194936,19,0.00185546875
1110001101,10711,"[3, 0, 1, 2]",750,175.92358589172363,True,23.52784887194936,19,0.00185546875
1110001101,10712,"[3, 0, 1, 2]",750,175.94122886657715,False,23.52784887194936,19,0.00185546875
1110001101,10713,"[3, 0, 1, 2]",750,175.95434188842773,True,23.52784887194936,19,0.00185546875
1110001101,10714,"[3, 0, 1, 2]",750,175.97198486328125,False,23.52784887194936,19,0.00185546875
1110001101,10715,"[3, 0, 1, 2]",750,175.98509788513184,True,23.52784887194936,19,0.00185546875
1110001101,10716,"[3, 0, 1, 2]",750,176.00274085998535,False,23.52784887194936,19,0.00185546875
1110001101,10717,"[3, 0, 1, 2]",750,176.01585388183594,True,23.52784887194936,19,0.00185546875
1110001101,10718,"[3, 0, 1, 2]",750,176.03325843811035,False,23.52784887194936,19,0.00185546875
1110001101,10719,"[3, 0, 1, 2]",750,176.04613304138184,True,23.52784887194936,19,0.00185546875
1110001101,10720,"[3, 0, 1, 2]",750,176.06425285339355,False,23.52784887194936,19,0.00185546875
1110001101,10721,"[3, 0, 1, 2]",750,176.07712745666504,True,23.52784887194936,19,0.00185546875
1110001101,10722,"[3, 0, 1, 2]",750,176.09739303588867,False,23.52784887194936,19,0.00185546875
1110001101,10723,"[3, 0, 1, 2]",750,176.11050605773926,True,23.52784887194936,19,0.00185546875
1110001101,10724,"[3, 0, 1, 2]",750,176.14436149597168,False,23.52784887194936,19,0.00185546875
1110001101,10725,"[3, 0, 1, 2]",750,176.15795135498047,True,23.52784887194936,19,0.00185546875
0110100010,10726,"[2, 1, 0, 3]",600,176.1765480041504,False,17.18188720114459,19,0.00185546875
0110100010,10727,"[2, 1, 0, 3]",600,176.19061470031738,True,17.18188720114459,19,0.00185546875
0110100010,10728,"[2, 1, 0, 3]",600,176.2092113494873,False,17.18188720114459,19,0.00185546875
0110100010,10729,"[2, 1, 0, 3]",600,176.2230396270752,True,17.18188720114459,19,0.00185546875
0110100010,10730,"[2, 1, 0, 3]",600,176.24187469482422,False,17.18188720114459,19,0.00185546875
0110100010,10731,"[2, 1, 0, 3]",600,176.2559413909912,True,17.18188720114459,19,0.00185546875
0110100010,10732,"[2, 1, 0, 3]",600,176.27453804016113,False,17.18188720114459,19,0.00185546875
0110100010,10733,"[2, 1, 0, 3]",600,176.28860473632812,True,17.18188720114459,19,0.00185546875
0110100010,10734,"[2, 1, 0, 3]",600,176.30720138549805,False,17.18188720114459,19,0.00185546875
0110100010,10735,"[2, 1, 0, 3]",600,176.32126808166504,True,17.18188720114459,19,0.00185546875
0110100010,10736,"[2, 1, 0, 3]",600,176.34105682373047,False,17.18188720114459,19,0.00185546875
0110100010,10737,"[2, 1, 0, 3]",600,176.35488510131836,True,17.18188720114459,19,0.00185546875
0110100010,10738,"[2, 1, 0, 3]",600,176.37348175048828,False,17.18188720114459,19,0.00185546875
0110100010,10739,"[2, 1, 0, 3]",600,176.38707160949707,True,17.18188720114459,19,0.00185546875
0110100010,10740,"[2, 1, 0, 3]",600,176.4051914215088,False,17.18188720114459,19,0.00185546875
0110100010,10741,"[2, 1, 0, 3]",600,176.41925811767578,True,17.18188720114459,19,0.00185546875
0110100010,10742,"[2, 1, 0, 3]",600,176.43976211547852,False,17.18188720114459,19,0.00185546875
0110100010,10743,"[2, 1, 0, 3]",600,176.4538288116455,True,17.18188720114459,19,0.00185546875
0110100010,10744,"[2, 1, 0, 3]",600,176.47242546081543,False,17.18188720114459,19,0.00185546875
0110100010,10745,"[2, 1, 0, 3]",600,176.48649215698242,True,17.18188720114459,19,0.00185546875
0110100010,10746,"[2, 1, 0, 3]",600,176.50485038757324,False,17.18188720114459,19,0.00185546875
0110100010,10747,"[2, 1, 0, 3]",600,176.51891708374023,True,17.18188720114459,19,0.00185546875
0110100010,10748,"[2, 1, 0, 3]",600,176.53703689575195,False,17.18188720114459,19,0.00185546875
0110100010,10749,"[2, 1, 0, 3]",600,176.55086517333984,True,17.18188720114459,19,0.00185546875
0110100010,10750,"[2, 1, 0, 3]",600,176.56922340393066,False,17.18188720114459,19,0.00185546875
0110100010,10751,"[2, 1, 0, 3]",600,176.58329010009766,True,17.18188720114459,19,0.00185546875
0110100010,10752,"[2, 1, 0, 3]",600,176.60140991210938,False,17.18188720114459,19,0.00185546875
0110100010,10753,"[2, 1, 0, 3]",600,176.61547660827637,True,17.18188720114459,19,0.00185546875
0110100010,10754,"[2, 1, 0, 3]",600,176.6347885131836,False,17.18188720114459,19,0.00185546875
0110100010,10755,"[2, 1, 0, 3]",600,176.64837837219238,True,17.18188720114459,19,0.00185546875
0110100010,10756,"[2, 1, 0, 3]",600,176.66912078857422,False,17.18188720114459,19,0.00185546875
0110100010,10757,"[2, 1, 0, 3]",600,176.6831874847412,True,17.18188720114459,19,0.00185546875
0110100010,10758,"[2, 1, 0, 3]",600,176.70178413391113,False,17.18188720114459,19,0.00185546875
0110100010,10759,"[2, 1, 0, 3]",600,176.71561241149902,True,17.18188720114459,19,0.00185546875
0110100010,10760,"[2, 1, 0, 3]",600,176.73444747924805,False,17.18188720114459,19,0.00185546875
0110100010,10761,"[2, 1, 0, 3]",600,176.74827575683594,True,17.18188720114459,19,0.00185546875
0110100010,10762,"[2, 1, 0, 3]",600,176.76663398742676,False,17.18188720114459,19,0.00185546875
0110100010,10763,"[2, 1, 0, 3]",600,176.78046226501465,True,17.18188720114459,19,0.00185546875
1100010000,10764,"[0, 2, 3, 1]",6200,176.80072784423828,False,10.294739040945382,19,0.00185546875
1100010000,10765,"[0, 1, 2, 3]",315,176.81503295898438,True,10.294739040945382,19,0.00185546875
1100010000,10766,"[0, 2, 3, 1]",6200,176.8338680267334,False,10.294739040945382,19,0.00185546875
1100010000,10767,"[0, 1, 2, 3]",315,176.8476963043213,True,10.294739040945382,19,0.00185546875
1100010000,10768,"[0, 2, 3, 1]",6200,176.8667697906494,False,10.294739040945382,19,0.00185546875
1100010000,10769,"[0, 1, 2, 3]",315,176.8808364868164,True,10.294739040945382,19,0.00185546875
1100010000,10770,"[0, 2, 3, 1]",6200,176.89919471740723,False,10.294739040945382,19,0.00185546875
1100010000,10771,"[0, 1, 2, 3]",315,176.91302299499512,True,10.294739040945382,19,0.00185546875
1100010000,10772,"[0, 2, 3, 1]",6200,176.93185806274414,False,10.294739040945382,19,0.00185546875
1100010000,10773,"[0, 1, 2, 3]",315,176.94568634033203,True,10.294739040945382,19,0.00185546875
1100010000,10774,"[0, 2, 3, 1]",6200,176.96404457092285,False,10.294739040945382,19,0.00185546875
1100010000,10775,"[0, 1, 2, 3]",315,176.97763442993164,True,10.294739040945382,19,0.00185546875
1100010000,10776,"[0, 2, 3, 1]",6200,176.99599266052246,False,10.294739040945382,19,0.00185546875
1100010000,10777,"[0, 1, 2, 3]",315,177.00958251953125,True,10.294739040945382,19,0.00185546875
1100010000,10778,"[0, 2, 3, 1]",6200,177.02770233154297,False,10.294739040945382,19,0.00185546875
1100010000,10779,"[0, 1, 2, 3]",315,177.04129219055176,True,10.294739040945382,19,0.00185546875
1100010000,10780,"[0, 2, 3, 1]",6200,177.05965042114258,False,10.294739040945382,19,0.00185546875
1100010000,10781,"[0, 1, 2, 3]",315,177.07324028015137,True,10.294739040945382,19,0.00185546875
1100010000,10782,"[0, 2, 3, 1]",6200,177.0918369293213,False,10.294739040945382,19,0.00185546875
1100010000,10783,"[0, 1, 2, 3]",315,177.10566520690918,True,10.294739040945382,19,0.00185546875
1100010000,10784,"[0, 2, 3, 1]",6200,177.1261692047119,False,10.294739040945382,19,0.00185546875
1100010000,10785,"[0, 1, 2, 3]",315,177.1397590637207,True,10.294739040945382,19,0.00185546875
1100010000,10786,"[0, 2, 3, 1]",6200,177.15859413146973,False,10.294739040945382,19,0.00185546875
1100010000,10787,"[0, 1, 2, 3]",315,177.17242240905762,True,10.294739040945382,19,0.00185546875
1100010000,10788,"[0, 2, 3, 1]",6200,177.19078063964844,False,10.294739040945382,19,0.00185546875
1100010000,10789,"[0, 1, 2, 3]",315,177.20460891723633,True,10.294739040945382,19,0.00185546875
1100010000,10790,"[0, 2, 3, 1]",6200,177.22272872924805,False,10.294739040945382,19,0.00185546875
1100010000,10791,"[0, 1, 2, 3]",315,177.23655700683594,True,10.294739040945382,19,0.00185546875
1100010000,10792,"[0, 2, 3, 1]",6200,177.25515365600586,False,10.294739040945382,19,0.00185546875
1100010000,10793,"[0, 1, 2, 3]",315,177.26874351501465,True,10.294739040945382,19,0.00185546875
1100010000,10794,"[0, 2, 3, 1]",6200,177.28710174560547,False,10.294739040945382,19,0.00185546875
1100010000,10795,"[0, 1, 2, 3]",315,177.30093002319336,True,10.294739040945382,19,0.00185546875
1100010000,10796,"[0, 2, 3, 1]",6200,177.31904983520508,False,10.294739040945382,19,0.00185546875
1100010000,10797,"[0, 1, 2, 3]",315,177.33311653137207,True,10.294739040945382,19,0.00185546875
1100010000,10798,"[0, 2, 3, 1]",6200,177.3512363433838,False,10.294739040945382,19,0.00185546875
1100010000,10799,"[0, 1, 2, 3]",315,177.36482620239258,True,10.294739040945382,19,0.00185546875
1100010000,10800,"[0, 2, 3, 1]",6200,177.3834228515625,False,10.294739040945382,19,0.00185546875
1100010000,10801,"[0, 1, 2, 3]",315,177.3972511291504,True,10.294739040945382,19,0.00185546875
0100000110,10802,"[3, 0, 2, 1]",6300,177.4156093597412,False,21.136129710583916,19,0.00185546875
0100000110,10803,"[3, 0, 1, 2]",750,177.4299144744873,True,21.136129710583916,19,0.00185546875
0100000110,10804,"[3, 0, 2, 1]",6300,177.45065689086914,False,21.136129710583916,19,0.00185546875
0100000110,10805,"[3, 0, 1, 2]",750,177.4749755859375,True,21.136129710583916,19,0.00185546875
0100000110,10806,"[3, 0, 2, 1]",6300,177.49476432800293,False,21.136129710583916,19,0.00185546875
0100000110,10807,"[3, 0, 1, 2]",750,177.50835418701172,True,21.136129710583916,19,0.00185546875
0100000110,10808,"[3, 0, 2, 1]",6300,177.52623558044434,False,21.136129710583916,19,0.00185546875
0100000110,10809,"[3, 0, 1, 2]",750,177.53958702087402,True,21.136129710583916,19,0.00185546875
0100000110,10810,"[3, 0, 2, 1]",6300,177.55722999572754,False,21.136129710583916,19,0.00185546875
0100000110,10811,"[3, 0, 1, 2]",750,177.57010459899902,True,21.136129710583916,19,0.00185546875
0100000110,10812,"[3, 0, 2, 1]",6300,177.58798599243164,False,21.136129710583916,19,0.00185546875
0100000110,10813,"[3, 0, 1, 2]",750,177.60086059570312,True,21.136129710583916,19,0.00185546875
0100000110,10814,"[3, 0, 2, 1]",6300,177.61874198913574,False,21.136129710583916,19,0.00185546875
0100000110,10815,"[3, 0, 1, 2]",750,177.63185501098633,True,21.136129710583916,19,0.00185546875
0100000110,10816,"[3, 0, 2, 1]",6300,177.64949798583984,False,21.136129710583916,19,0.00185546875
0100000110,10817,"[3, 0, 1, 2]",750,177.66237258911133,True,21.136129710583916,19,0.00185546875
0100000110,10818,"[3, 0, 2, 1]",6300,177.68001556396484,False,21.136129710583916,19,0.00185546875
0100000110,10819,"[3, 0, 1, 2]",750,177.69312858581543,True,21.136129710583916,19,0.00185546875
0100000110,10820,"[3, 0, 2, 1]",6300,177.71100997924805,False,21.136129710583916,19,0.00185546875
0100000110,10821,"[3, 0, 1, 2]",750,177.72412300109863,True,21.136129710583916,19,0.00185546875
0100000110,10822,"[3, 0, 2, 1]",6300,177.74200439453125,False,21.136129710583916,19,0.00185546875
0100000110,10823,"[3, 0, 1, 2]",750,177.75535583496094,True,21.136129710583916,19,0.00185546875
0100000110,10824,"[3, 0, 2, 1]",6300,177.77323722839355,False,21.136129710583916,19,0.00185546875
0100000110,10825,"[3, 0, 1, 2]",750,177.78682708740234,True,21.136129710583916,19,0.00185546875
0100000110,10826,"[3, 0, 2, 1]",6300,177.80613899230957,False,21.136129710583916,19,0.00185546875
0100000110,10827,"[3, 0, 1, 2]",750,177.81925201416016,True,21.136129710583916,19,0.00185546875
0100000110,10828,"[3, 0, 2, 1]",6300,177.83689498901367,False,21.136129710583916,19,0.00185546875
0100000110,10829,"[3, 0, 1, 2]",750,177.85024642944336,True,21.136129710583916,19,0.00185546875
0100000110,10830,"[3, 0, 2, 1]",6300,177.86812782287598,False,21.136129710583916,19,0.00185546875
0100000110,10831,"[3, 0, 1, 2]",750,177.88147926330566,True,21.136129710583916,19,0.00185546875
0100000110,10832,"[3, 0, 2, 1]",6300,177.89888381958008,False,21.136129710583916,19,0.00185546875
0100000110,10833,"[3, 0, 1, 2]",750,177.91223526000977,True,21.136129710583916,19,0.00185546875
0100000110,10834,"[3, 0, 2, 1]",6300,177.92987823486328,False,21.136129710583916,19,0.00185546875
0100000110,10835,"[3, 0, 1, 2]",750,177.94322967529297,True,21.136129710583916,19,0.00185546875
0100000110,10836,"[3, 0, 2, 1]",6300,177.9611110687256,False,21.136129710583916,19,0.00185546875
0100000110,10837,"[3, 0, 1, 2]",750,177.97422409057617,True,21.136129710583916,19,0.00185546875
0100000110,10838,"[3, 0, 2, 1]",6300,177.9921054840088,False,21.136129710583916,19,0.00185546875
0100000110,10839,"[3, 0, 1, 2]",750,178.00545692443848,True,21.136129710583916,19,0.00185546875
0010011010,10840,"[3, 1, 2, 0]",9450,178.0233383178711,False,18.42579066532081,19,0.00185546875
0010011010,10841,"[3, 1, 0, 2]",900,178.03692817687988,True,18.42579066532081,19,0.00185546875
0010011010,10842,"[3, 1, 2, 0]",9450,178.0548095703125,False,18.42579066532081,19,0.00185546875
0010011010,10843,"[3, 1, 0, 2]",900,178.0681610107422,True,18.42579066532081,19,0.00185546875
0010011010,10844,"[3, 1, 2, 0]",9450,178.0860424041748,False,18.42579066532081,19,0.00185546875
0010011010,10845,"[3, 1, 0, 2]",900,178.0993938446045,True,18.42579066532081,19,0.00185546875
0010011010,10846,"[3, 1, 2, 0]",9450,178.1172752380371,False,18.42579066532081,19,0.00185546875
0010011010,10847,"[3, 1, 0, 2]",900,178.1306266784668,True,18.42579066532081,19,0.00185546875
0010011010,10848,"[3, 1, 2, 0]",9450,178.15065383911133,False,18.42579066532081,19,0.00185546875
0010011010,10849,"[3, 1, 0, 2]",900,178.1637668609619,True,18.42579066532081,19,0.00185546875
0010011010,10850,"[3, 1, 2, 0]",9450,178.18164825439453,False,18.42579066532081,19,0.00185546875
0010011010,10851,"[3, 1, 0, 2]",900,178.19499969482422,True,18.42579066532081,19,0.00185546875
0010011010,10852,"[3, 1, 2, 0]",9450,178.21288108825684,False,18.42579066532081,19,0.00185546875
0010011010,10853,"[3, 1, 0, 2]",900,178.22623252868652,True,18.42579066532081,19,0.00185546875
0010011010,10854,"[3, 1, 2, 0]",9450,178.24435234069824,False,18.42579066532081,19,0.00185546875
0010011010,10855,"[3, 1, 0, 2]",900,178.25841903686523,True,18.42579066532081,19,0.00185546875
0010011010,10856,"[3, 1, 2, 0]",9450,178.27820777893066,False,18.42579066532081,19,0.00185546875
0010011010,10857,"[3, 1, 0, 2]",900,178.29203605651855,True,18.42579066532081,19,0.00185546875
0010011010,10858,"[3, 1, 2, 0]",9450,178.30944061279297,False,18.42579066532081,19,0.00185546875
0010011010,10859,"[3, 1, 0, 2]",900,178.32279205322266,True,18.42579066532081,19,0.00185546875
0010011010,10860,"[3, 1, 2, 0]",9450,178.34043502807617,False,18.42579066532081,19,0.00185546875
0010011010,10861,"[3, 1, 0, 2]",900,178.35378646850586,True,18.42579066532081,19,0.00185546875
0010011010,10862,"[3, 1, 2, 0]",9450,178.37142944335938,False,18.42579066532081,19,0.00185546875
0010011010,10863,"[3, 1, 0, 2]",900,178.38478088378906,True,18.42579066532081,19,0.00185546875
0010011010,10864,"[3, 1, 2, 0]",9450,178.40266227722168,False,18.42579066532081,19,0.00185546875
0010011010,10865,"[3, 1, 0, 2]",900,178.41625213623047,True,18.42579066532081,19,0.00185546875
0010011010,10866,"[3, 1, 2, 0]",9450,178.4341335296631,False,18.42579066532081,19,0.00185546875
0010011010,10867,"[3, 1, 0, 2]",900,178.44772338867188,True,18.42579066532081,19,0.00185546875
0010011010,10868,"[3, 1, 2, 0]",9450,178.4672737121582,False,18.42579066532081,19,0.00185546875
0010011010,10869,"[3, 1, 0, 2]",900,178.4806251525879,True,18.42579066532081,19,0.00185546875
0010011010,10870,"[3, 1, 2, 0]",9450,178.4982681274414,False,18.42579066532081,19,0.00185546875
0010011010,10871,"[3, 1, 0, 2]",900,178.5116195678711,True,18.42579066532081,19,0.00185546875
0010011010,10872,"[3, 1, 2, 0]",9450,178.5295009613037,False,18.42579066532081,19,0.00185546875
0010011010,10873,"[3, 1, 0, 2]",900,178.5428524017334,True,18.42579066532081,19,0.00185546875
0010011010,10874,"[3, 1, 2, 0]",9450,178.5604953765869,False,18.42579066532081,19,0.00185546875
0010011010,10875,"[3, 1, 0, 2]",900,178.5740852355957,True,18.42579066532081,19,0.00185546875
0010011010,10876,"[3, 1, 2, 0]",9450,178.59196662902832,False,18.42579066532081,19,0.00185546875
0010011010,10877,"[3, 1, 0, 2]",900,178.605318069458,True,18.42579066532081,19,0.00185546875
1000010000,10878,"[0, 2, 3, 1]",6200,178.62343788146973,False,14.69267904961742,19,0.00185546875
1000010000,10879,"[0, 1, 2, 3]",315,178.63750457763672,True,14.69267904961742,19,0.00185546875
1000010000,10880,"[0, 2, 3, 1]",6200,178.65562438964844,False,14.69267904961742,19,0.00185546875
1000010000,10881,"[0, 1, 2, 3]",315,178.66921424865723,True,14.69267904961742,19,0.00185546875
1000010000,10882,"[0, 2, 3, 1]",6200,178.68709564208984,False,14.69267904961742,19,0.00185546875
1000010000,10883,"[0, 1, 2, 3]",315,178.70068550109863,True,14.69267904961742,19,0.00185546875
1000010000,10884,"[0, 2, 3, 1]",6200,178.71832847595215,False,14.69267904961742,19,0.00185546875
1000010000,10885,"[0, 1, 2, 3]",315,178.73167991638184,True,14.69267904961742,19,0.00185546875
1000010000,10886,"[0, 2, 3, 1]",6200,178.74932289123535,False,14.69267904961742,19,0.00185546875
1000010000,10887,"[0, 1, 2, 3]",315,178.76243591308594,True,14.69267904961742,19,0.00185546875
1000010000,10888,"[0, 2, 3, 1]",6200,178.78031730651855,False,14.69267904961742,19,0.00185546875
1000010000,10889,"[0, 1, 2, 3]",315,178.79343032836914,True,14.69267904961742,19,0.00185546875
1000010000,10890,"[0, 2, 3, 1]",6200,178.81274223327637,False,14.69267904961742,19,0.00185546875
1000010000,10891,"[0, 1, 2, 3]",315,178.82585525512695,True,14.69267904961742,19,0.00185546875
1000010000,10892,"[0, 2, 3, 1]",6200,178.84349822998047,False,14.69267904961742,19,0.00185546875
1000010000,10893,"[0, 1, 2, 3]",315,178.85661125183105,True,14.69267904961742,19,0.00185546875
1000010000,10894,"[0, 2, 3, 1]",6200,178.87401580810547,False,14.69267904961742,19,0.00185546875
1000010000,10895,"[0, 1, 2, 3]",315,178.88689041137695,True,14.69267904961742,19,0.00185546875
1000010000,10896,"[0, 2, 3, 1]",6200,178.90453338623047,False,14.69267904961742,19,0.00185546875
1000010000,10897,"[0, 1, 2, 3]",315,178.91764640808105,True,14.69267904961742,19,0.00185546875
1000010000,10898,"[0, 2, 3, 1]",6200,178.93505096435547,False,14.69267904961742,19,0.00185546875
1000010000,10899,"[0, 1, 2, 3]",315,178.94840240478516,True,14.69267904961742,19,0.00185546875
1000010000,10900,"[0, 2, 3, 1]",6200,178.96652221679688,False,14.69267904961742,19,0.00185546875
1000010000,10901,"[0, 1, 2, 3]",315,178.98011207580566,True,14.69267904961742,19,0.00185546875
1000010000,10902,"[0, 2, 3, 1]",6200,178.99775505065918,False,14.69267904961742,19,0.00185546875
1000010000,10903,"[0, 1, 2, 3]",315,179.01086807250977,True,14.69267904961742,19,0.00185546875
1000010000,10904,"[0, 2, 3, 1]",6200,179.0308952331543,False,14.69267904961742,19,0.00185546875
1000010000,10905,"[0, 1, 2, 3]",315,179.0447235107422,True,14.69267904961742,19,0.00185546875
1000010000,10906,"[0, 2, 3, 1]",6200,179.06427383422852,False,14.69267904961742,19,0.00185546875
1000010000,10907,"[0, 1, 2, 3]",315,179.09979820251465,True,14.69267904961742,19,0.00185546875
1000010000,10908,"[0, 2, 3, 1]",6200,179.11767959594727,False,14.69267904961742,19,0.00185546875
1000010000,10909,"[0, 1, 2, 3]",315,179.13126945495605,True,14.69267904961742,19,0.00185546875
1000010000,10910,"[0, 2, 3, 1]",6200,179.1512966156006,False,14.69267904961742,19,0.00185546875
1000010000,10911,"[0, 1, 2, 3]",315,179.16464805603027,True,14.69267904961742,19,0.00185546875
1000010000,10912,"[0, 2, 3, 1]",6200,179.1822910308838,False,14.69267904961742,19,0.00185546875
1000010000,10913,"[0, 1, 2, 3]",315,179.19492721557617,True,14.69267904961742,19,0.00185546875
1000010000,10914,"[0, 2, 3, 1]",6200,179.2128086090088,False,14.69267904961742,19,0.00185546875
1000010000,10915,"[0, 1, 2, 3]",315,179.22568321228027,True,14.69267904961742,19,0.00185546875
1010101100,10916,"[3, 2, 1, 0]",9600,179.2433261871338,False,48.72640604348025,18,0.0017578125
1010101100,10917,"[3, 2, 1, 0]",9600,179.25691604614258,True,48.72640604348025,18,0.0017578125
1010101100,10918,"[3, 2, 1, 0]",9600,179.2750358581543,False,48.72640604348025,18,0.0017578125
1010101100,10919,"[3, 2, 1, 0]",9600,179.28814888000488,True,48.72640604348025,18,0.0017578125
1010101100,10920,"[3, 2, 1, 0]",9600,179.3057918548584,False,48.72640604348025,18,0.0017578125
1010101100,10921,"[3, 2, 1, 0]",9600,179.31890487670898,True,48.72640604348025,18,0.0017578125
1010101100,10922,"[3, 2, 1, 0]",9600,179.3365478515625,False,48.72640604348025,18,0.0017578125
1010101100,10923,"[3, 2, 1, 0]",9600,179.3498992919922,True,48.72640604348025,18,0.0017578125
1010101100,10924,"[3, 2, 1, 0]",9600,179.3673038482666,False,48.72640604348025,18,0.0017578125
1010101100,10925,"[3, 2, 1, 0]",9600,179.3801784515381,True,48.72640604348025,18,0.0017578125
1010101100,10926,"[3, 2, 1, 0]",9600,179.3978214263916,False,48.72640604348025,18,0.0017578125
1010101100,10927,"[3, 2, 1, 0]",9600,179.4109344482422,True,48.72640604348025,18,0.0017578125
1010101100,10928,"[3, 2, 1, 0]",9600,179.4283390045166,False,48.72640604348025,18,0.0017578125
1010101100,10929,"[3, 2, 1, 0]",9600,179.4416904449463,True,48.72640604348025,18,0.0017578125
1010101100,10930,"[3, 2, 1, 0]",9600,179.4590950012207,False,48.72640604348025,18,0.0017578125
1010101100,10931,"[3, 2, 1, 0]",9600,179.4722080230713,True,48.72640604348025,18,0.0017578125
1010101100,10932,"[3, 2, 1, 0]",9600,179.4912815093994,False,48.72640604348025,18,0.0017578125
1010101100,10933,"[3, 2, 1, 0]",9600,179.5046329498291,True,48.72640604348025,18,0.0017578125
1010101100,10934,"[3, 2, 1, 0]",9600,179.52227592468262,False,48.72640604348025,18,0.0017578125
1010101100,10935,"[3, 2, 1, 0]",9600,179.5356273651123,True,48.72640604348025,18,0.0017578125
1010101100,10936,"[3, 2, 1, 0]",9600,179.55303192138672,False,48.72640604348025,18,0.0017578125
1010101100,10937,"[3, 2, 1, 0]",9600,179.5661449432373,True,48.72640604348025,18,0.0017578125
1010101100,10938,"[3, 2, 1, 0]",9600,179.58354949951172,False,48.72640604348025,18,0.0017578125
1010101100,10939,"[3, 2, 1, 0]",9600,179.5966625213623,True,48.72640604348025,18,0.0017578125
1010101100,10940,"[3, 2, 1, 0]",9600,179.61406707763672,False,48.72640604348025,18,0.0017578125
1010101100,10941,"[3, 2, 1, 0]",9600,179.6267032623291,True,48.72640604348025,18,0.0017578125
1010101100,10942,"[3, 2, 1, 0]",9600,179.64410781860352,False,48.72640604348025,18,0.0017578125
1010101100,10943,"[3, 2, 1, 0]",9600,179.656982421875,True,48.72640604348025,18,0.0017578125
1010101100,10944,"[3, 2, 1, 0]",9600,179.6743869781494,False,48.72640604348025,18,0.0017578125
1010101100,10945,"[3, 2, 1, 0]",9600,179.6870231628418,True,48.72640604348025,18,0.0017578125
1010101100,10946,"[3, 2, 1, 0]",9600,179.70681190490723,False,48.72640604348025,18,0.0017578125
1010101100,10947,"[3, 2, 1, 0]",9600,179.7196865081787,True,48.72640604348025,18,0.0017578125
1010101100,10948,"[3, 2, 1, 0]",9600,179.73732948303223,False,48.72640604348025,18,0.0017578125
1010101100,10949,"[3, 2, 1, 0]",9600,179.7499656677246,True,48.72640604348025,18,0.0017578125
1010101100,10950,"[3, 2, 1, 0]",9600,179.76737022399902,False,48.72640604348025,18,0.0017578125
1010101100,10951,"[3, 2, 1, 0]",9600,179.7804832458496,True,48.72640604348025,18,0.0017578125
1011101111,10952,"[3, 1, 2, 0]",9450,179.80003356933594,False,34.369145439160405,18,0.0017578125
1011101111,10953,"[3, 1, 0, 2]",900,179.81338500976562,True,34.369145439160405,18,0.0017578125
1011101111,10954,"[3, 1, 2, 0]",9450,179.83126640319824,False,34.369145439160405,18,0.0017578125
1011101111,10955,"[3, 1, 0, 2]",900,179.84819412231445,True,34.369145439160405,18,0.0017578125
1011101111,10956,"[3, 1, 2, 0]",9450,179.86655235290527,False,34.369145439160405,18,0.0017578125
1011101111,10957,"[3, 1, 0, 2]",900,179.88014221191406,True,34.369145439160405,18,0.0017578125
1011101111,10958,"[3, 1, 2, 0]",9450,179.8999309539795,False,34.369145439160405,18,0.0017578125
1011101111,10959,"[3, 1, 0, 2]",900,179.91328239440918,True,34.369145439160405,18,0.0017578125
1011101111,10960,"[3, 1, 2, 0]",9450,179.9311637878418,False,34.369145439160405,18,0.0017578125
1011101111,10961,"[3, 1, 0, 2]",900,179.94451522827148,True,34.369145439160405,18,0.0017578125
1011101111,10962,"[3, 1, 2, 0]",9450,179.9619197845459,False,34.369145439160405,18,0.0017578125
1011101111,10963,"[3, 1, 0, 2]",900,179.9752712249756,True,34.369145439160405,18,0.0017578125
1011101111,10964,"[3, 1, 2, 0]",9450,179.9929141998291,False,34.369145439160405,18,0.0017578125
1011101111,10965,"[3, 1, 0, 2]",900,180.0062656402588,True,34.369145439160405,18,0.0017578125
1011101111,10966,"[3, 1, 2, 0]",9450,180.0236701965332,False,34.369145439160405,18,0.0017578125
1011101111,10967,"[3, 1, 0, 2]",900,180.0370216369629,True,34.369145439160405,18,0.0017578125
1011101111,10968,"[3, 1, 2, 0]",9450,180.0546646118164,False,34.369145439160405,18,0.0017578125
1011101111,10969,"[3, 1, 0, 2]",900,180.067777633667,True,34.369145439160405,18,0.0017578125
1011101111,10970,"[3, 1, 2, 0]",9450,180.0854206085205,False,34.369145439160405,18,0.0017578125
1011101111,10971,"[3, 1, 0, 2]",900,180.0987720489502,True,34.369145439160405,18,0.0017578125
1011101111,10972,"[3, 1, 2, 0]",9450,180.1168918609619,False,34.369145439160405,18,0.0017578125
1011101111,10973,"[3, 1, 0, 2]",900,180.1302433013916,True,34.369145439160405,18,0.0017578125
1011101111,10974,"[3, 1, 2, 0]",9450,180.14955520629883,False,34.369145439160405,18,0.0017578125
1011101111,10975,"[3, 1, 0, 2]",900,180.16290664672852,True,34.369145439160405,18,0.0017578125
1011101111,10976,"[3, 1, 2, 0]",9450,180.18054962158203,False,34.369145439160405,18,0.0017578125
1011101111,10977,"[3, 1, 0, 2]",900,180.19390106201172,True,34.369145439160405,18,0.0017578125
1011101111,10978,"[3, 1, 2, 0]",9450,180.21154403686523,False,34.369145439160405,18,0.0017578125
1011101111,10979,"[3, 1, 0, 2]",900,180.22465705871582,True,34.369145439160405,18,0.0017578125
1011101111,10980,"[3, 1, 2, 0]",9450,180.24253845214844,False,34.369145439160405,18,0.0017578125
1011101111,10981,"[3, 1, 0, 2]",900,180.25565147399902,True,34.369145439160405,18,0.0017578125
1011101111,10982,"[3, 1, 2, 0]",9450,180.27353286743164,False,34.369145439160405,18,0.0017578125
1011101111,10983,"[3, 1, 0, 2]",900,180.28688430786133,True,34.369145439160405,18,0.0017578125
1011101111,10984,"[3, 1, 2, 0]",9450,180.30476570129395,False,34.369145439160405,18,0.0017578125
1011101111,10985,"[3, 1, 0, 2]",900,180.31811714172363,True,34.369145439160405,18,0.0017578125
1011101111,10986,"[3, 1, 2, 0]",9450,180.33599853515625,False,34.369145439160405,18,0.0017578125
1011101111,10987,"[3, 1, 0, 2]",900,180.34934997558594,True,34.369145439160405,18,0.0017578125
0111100100,10988,"[1, 2, 3, 0]",9300,180.36723136901855,False,21.482091381388685,18,0.0017578125
0111100100,10989,"[1, 0, 2, 3]",315,180.38105964660645,True,21.482091381388685,18,0.0017578125
0111100100,10990,"[1, 2, 3, 0]",9300,180.39894104003906,False,21.482091381388685,18,0.0017578125
0111100100,10991,"[1, 0, 2, 3]",315,180.41253089904785,True,21.482091381388685,18,0.0017578125
0111100100,10992,"[1, 2, 3, 0]",9300,180.44638633728027,False,21.482091381388685,18,0.0017578125
0111100100,10993,"[1, 0, 2, 3]",315,180.46045303344727,True,21.482091381388685,18,0.0017578125
0111100100,10994,"[1, 2, 3, 0]",9300,180.48095703125,False,21.482091381388685,18,0.0017578125
0111100100,10995,"[1, 0, 2, 3]",315,180.4947853088379,True,21.482091381388685,18,0.0017578125
0111100100,10996,"[1, 2, 3, 0]",9300,180.5136203765869,False,21.482091381388685,18,0.0017578125
0111100100,10997,"[1, 0, 2, 3]",315,180.5274486541748,True,21.482091381388685,18,0.0017578125
0111100100,10998,"[1, 2, 3, 0]",9300,180.54604530334473,False,21.482091381388685,18,0.0017578125
0111100100,10999,"[1, 0, 2, 3]",315,180.55987358093262,True,21.482091381388685,18,0.0017578125
0111100100,11000,"[1, 2, 3, 0]",9300,180.57823181152344,False,21.482091381388685,18,0.0017578125
0111100100,11001,"[1, 0, 2, 3]",315,180.59182167053223,True,21.482091381388685,18,0.0017578125
0111100100,11002,"[1, 2, 3, 0]",9300,180.61017990112305,False,21.482091381388685,18,0.0017578125
0111100100,11003,"[1, 0, 2, 3]",315,180.62400817871094,True,21.482091381388685,18,0.0017578125
0111100100,11004,"[1, 2, 3, 0]",9300,180.64284324645996,False,21.482091381388685,18,0.0017578125
0111100100,11005,"[1, 0, 2, 3]",315,180.65643310546875,True,21.482091381388685,18,0.0017578125
0111100100,11006,"[1, 2, 3, 0]",9300,180.67526817321777,False,21.482091381388685,18,0.0017578125
0111100100,11007,"[1, 0, 2, 3]",315,180.68933486938477,True,21.482091381388685,18,0.0017578125
0111100100,11008,"[1, 2, 3, 0]",9300,180.7098388671875,False,21.482091381388685,18,0.0017578125
0111100100,11009,"[1, 0, 2, 3]",315,180.7239055633545,True,21.482091381388685,18,0.0017578125
0111100100,11010,"[1, 2, 3, 0]",9300,180.7422637939453,False,21.482091381388685,18,0.0017578125
0111100100,11011,"[1, 0, 2, 3]",315,180.7560920715332,True,21.482091381388685,18,0.0017578125
0111100100,11012,"[1, 2, 3, 0]",9300,180.77492713928223,False,21.482091381388685,18,0.0017578125
0111100100,11013,"[1, 0, 2, 3]",315,180.78899383544922,True,21.482091381388685,18,0.0017578125
0111100100,11014,"[1, 2, 3, 0]",9300,180.80735206604004,False,21.482091381388685,18,0.0017578125
0111100100,11015,"[1, 0, 2, 3]",315,180.82165718078613,True,21.482091381388685,18,0.0017578125
0111100100,11016,"[1, 2, 3, 0]",9300,180.84239959716797,False,21.482091381388685,18,0.0017578125
0111100100,11017,"[1, 0, 2, 3]",315,180.85622787475586,True,21.482091381388685,18,0.0017578125
0111100100,11018,"[1, 2, 3, 0]",9300,180.87458610534668,False,21.482091381388685,18,0.0017578125
0111100100,11019,"[1, 0, 2, 3]",315,180.88865280151367,True,21.482091381388685,18,0.0017578125
0111100100,11020,"[1, 2, 3, 0]",9300,180.9072494506836,False,21.482091381388685,18,0.0017578125
0111100100,11021,"[1, 0, 2, 3]",315,180.9225082397461,True,21.482091381388685,18,0.0017578125
0111100100,11022,"[1, 2, 3, 0]",9300,180.94158172607422,False,21.482091381388685,18,0.0017578125
0111100100,11023,"[1, 0, 2, 3]",315,180.9549331665039,True,21.482091381388685,18,0.0017578125
1101001001,11024,"[0, 3, 1, 2]",750,180.97352981567383,False,11.519320360211093,18,0.0017578125
1101001001,11025,"[0, 1, 3, 2]",465,180.98759651184082,True,11.519320360211093,18,0.0017578125
1101001001,11026,"[0, 3, 1, 2]",750,181.00619316101074,False,11.519320360211093,18,0.0017578125
1101001001,11027,"[0, 1, 3, 2]",465,181.01978302001953,True,11.519320360211093,18,0.0017578125
1101001001,11028,"[0, 3, 1, 2]",750,181.03814125061035,False,11.519320360211093,18,0.0017578125
1101001001,11029,"[0, 1, 3, 2]",465,181.05173110961914,True,11.519320360211093,18,0.0017578125
1101001001,11030,"[0, 3, 1, 2]",750,181.07008934020996,False,11.519320360211093,18,0.0017578125
1101001001,11031,"[0, 1, 3, 2]",465,181.08391761779785,True,11.519320360211093,18,0.0017578125
1101001001,11032,"[0, 3, 1, 2]",750,181.11205101013184,False,11.519320360211093,18,0.0017578125
1101001001,11033,"[0, 1, 3, 2]",465,181.12492561340332,True,11.519320360211093,18,0.0017578125
1101001001,11034,"[0, 3, 1, 2]",750,181.14233016967773,False,11.519320360211093,18,0.0017578125
1101001001,11035,"[0, 1, 3, 2]",465,181.15544319152832,True,11.519320360211093,18,0.0017578125
1101001001,11036,"[0, 3, 1, 2]",750,181.17475509643555,False,11.519320360211093,18,0.0017578125
1101001001,11037,"[0, 1, 3, 2]",465,181.18786811828613,True,11.519320360211093,18,0.0017578125
1101001001,11038,"[0, 3, 1, 2]",750,181.20551109313965,False,11.519320360211093,18,0.0017578125
1101001001,11039,"[0, 1, 3, 2]",465,181.21862411499023,True,11.519320360211093,18,0.0017578125
1101001001,11040,"[0, 3, 1, 2]",750,181.23650550842285,False,11.519320360211093,18,0.0017578125
1101001001,11041,"[0, 1, 3, 2]",465,181.24938011169434,True,11.519320360211093,18,0.0017578125
1101001001,11042,"[0, 3, 1, 2]",750,181.26678466796875,False,11.519320360211093,18,0.0017578125
1101001001,11043,"[0, 1, 3, 2]",465,181.28013610839844,True,11.519320360211093,18,0.0017578125
1101001001,11044,"[0, 3, 1, 2]",750,181.29754066467285,False,11.519320360211093,18,0.0017578125
1101001001,11045,"[0, 1, 3, 2]",465,181.31065368652344,True,11.519320360211093,18,0.0017578125
1101001001,11046,"[0, 3, 1, 2]",750,181.32805824279785,False,11.519320360211093,18,0.0017578125
1101001001,11047,"[0, 1, 3, 2]",465,181.34117126464844,True,11.519320360211093,18,0.0017578125
1101001001,11048,"[0, 3, 1, 2]",750,181.35857582092285,False,11.519320360211093,18,0.0017578125
1101001001,11049,"[0, 1, 3, 2]",465,181.37192726135254,True,11.519320360211093,18,0.0017578125
1101001001,11050,"[0, 3, 1, 2]",750,181.38933181762695,False,11.519320360211093,18,0.0017578125
1101001001,11051,"[0, 1, 3, 2]",465,181.40196800231934,True,11.519320360211093,18,0.0017578125
1101001001,11052,"[0, 3, 1, 2]",750,181.41937255859375,False,11.519320360211093,18,0.0017578125
1101001001,11053,"[0, 1, 3, 2]",465,181.43224716186523,True,11.519320360211093,18,0.0017578125
1101001001,11054,"[0, 3, 1, 2]",750,181.45012855529785,False,11.519320360211093,18,0.0017578125
1101001001,11055,"[0, 1, 3, 2]",465,181.46300315856934,True,11.519320360211093,18,0.0017578125
1101001001,11056,"[0, 3, 1, 2]",750,181.48255348205566,False,11.519320360211093,18,0.0017578125
1101001001,11057,"[0, 1, 3, 2]",465,181.49638175964355,True,11.519320360211093,18,0.0017578125
1101001001,11058,"[0, 3, 1, 2]",750,181.51569366455078,False,11.519320360211093,18,0.0017578125
1101001001,11059,"[0, 1, 3, 2]",465,181.52880668640137,True,11.519320360211093,18,0.0017578125
1011000100,11060,"[1, 0, 3, 2]",465,181.54644966125488,False,15.774909810992618,18,0.0017578125
1011000100,11061,"[1, 0, 3, 2]",465,181.55980110168457,True,15.774909810992618,18,0.0017578125
1011000100,11062,"[1, 0, 3, 2]",465,181.57720565795898,False,15.774909810992618,18,0.0017578125
1011000100,11063,"[1, 0, 3, 2]",465,181.59008026123047,True,15.774909810992618,18,0.0017578125
1011000100,11064,"[1, 0, 3, 2]",465,181.6079616546631,False,15.774909810992618,18,0.0017578125
1011000100,11065,"[1, 0, 3, 2]",465,181.62083625793457,True,15.774909810992618,18,0.0017578125
1011000100,11066,"[1, 0, 3, 2]",465,181.6384792327881,False,15.774909810992618,18,0.0017578125
1011000100,11067,"[1, 0, 3, 2]",465,181.65206909179688,True,15.774909810992618,18,0.0017578125
1011000100,11068,"[1, 0, 3, 2]",465,181.6697120666504,False,15.774909810992618,18,0.0017578125
1011000100,11069,"[1, 0, 3, 2]",465,181.68377876281738,True,15.774909810992618,18,0.0017578125
1011000100,11070,"[1, 0, 3, 2]",465,181.70166015625,False,15.774909810992618,18,0.0017578125
1011000100,11071,"[1, 0, 3, 2]",465,181.7152500152588,True,15.774909810992618,18,0.0017578125
1011000100,11072,"[1, 0, 3, 2]",465,181.73480033874512,False,15.774909810992618,18,0.0017578125
1011000100,11073,"[1, 0, 3, 2]",465,181.7483901977539,True,15.774909810992618,18,0.0017578125
1011000100,11074,"[1, 0, 3, 2]",465,181.76603317260742,False,15.774909810992618,18,0.0017578125
1011000100,11075,"[1, 0, 3, 2]",465,181.7793846130371,True,15.774909810992618,18,0.0017578125
1011000100,11076,"[1, 0, 3, 2]",465,181.79702758789062,False,15.774909810992618,18,0.0017578125
1011000100,11077,"[1, 0, 3, 2]",465,181.8103790283203,True,15.774909810992618,18,0.0017578125
1011000100,11078,"[1, 0, 3, 2]",465,181.82945251464844,False,15.774909810992618,18,0.0017578125
1011000100,11079,"[1, 0, 3, 2]",465,181.84280395507812,True,15.774909810992618,18,0.0017578125
1011000100,11080,"[1, 0, 3, 2]",465,181.86020851135254,False,15.774909810992618,18,0.0017578125
1011000100,11081,"[1, 0, 3, 2]",465,181.87332153320312,True,15.774909810992618,18,0.0017578125
1011000100,11082,"[1, 0, 3, 2]",465,181.89096450805664,False,15.774909810992618,18,0.0017578125
1011000100,11083,"[1, 0, 3, 2]",465,181.90383911132812,True,15.774909810992618,18,0.0017578125
1011000100,11084,"[1, 0, 3, 2]",465,181.92148208618164,False,15.774909810992618,18,0.0017578125
1011000100,11085,"[1, 0, 3, 2]",465,181.93435668945312,True,15.774909810992618,18,0.0017578125
1011000100,11086,"[1, 0, 3, 2]",465,181.95176124572754,False,15.774909810992618,18,0.0017578125
1011000100,11087,"[1, 0, 3, 2]",465,181.96439743041992,True,15.774909810992618,18,0.0017578125
1011000100,11088,"[1, 0, 3, 2]",465,181.98204040527344,False,15.774909810992618,18,0.0017578125
1011000100,11089,"[1, 0, 3, 2]",465,181.99467658996582,True,15.774909810992618,18,0.0017578125
1011000100,11090,"[1, 0, 3, 2]",465,182.01231956481934,False,15.774909810992618,18,0.0017578125
1011000100,11091,"[1, 0, 3, 2]",465,182.02519416809082,True,15.774909810992618,18,0.0017578125
1011000100,11092,"[1, 0, 3, 2]",465,182.04283714294434,False,15.774909810992618,18,0.0017578125
1011000100,11093,"[1, 0, 3, 2]",465,182.05595016479492,True,15.774909810992618,18,0.0017578125
1011000100,11094,"[1, 0, 3, 2]",465,182.07359313964844,False,15.774909810992618,18,0.0017578125
1011000100,11095,"[1, 0, 3, 2]",465,182.08622932434082,True,15.774909810992618,18,0.0017578125
1001110111,11096,"[2, 0, 3, 1]",6200,182.10411071777344,False,16.42022785419578,18,0.0017578125
1001110111,11097,"[2, 0, 1, 3]",500,182.11793899536133,True,16.42022785419578,18,0.0017578125
1001110111,11098,"[2, 0, 3, 1]",6200,182.13653564453125,False,16.42022785419578,18,0.0017578125
1001110111,11099,"[2, 0, 1, 3]",500,182.15012550354004,True,16.42022785419578,18,0.0017578125
1001110111,11100,"[2, 0, 3, 1]",6200,182.17062950134277,False,16.42022785419578,18,0.0017578125
1001110111,11101,"[2, 0, 1, 3]",500,182.18421936035156,True,16.42022785419578,18,0.0017578125
1001110111,11102,"[2, 0, 3, 1]",6200,182.20210075378418,False,16.42022785419578,18,0.0017578125
1001110111,11103,"[2, 0, 1, 3]",500,182.21497535705566,True,16.42022785419578,18,0.0017578125
1001110111,11104,"[2, 0, 3, 1]",6200,182.23285675048828,False,16.42022785419578,18,0.0017578125
1001110111,11105,"[2, 0, 1, 3]",500,182.24573135375977,True,16.42022785419578,18,0.0017578125
1001110111,11106,"[2, 0, 3, 1]",6200,182.26361274719238,False,16.42022785419578,18,0.0017578125
1001110111,11107,"[2, 0, 1, 3]",500,182.27720260620117,True,16.42022785419578,18,0.0017578125
1001110111,11108,"[2, 0, 3, 1]",6200,182.2967529296875,False,16.42022785419578,18,0.0017578125
1001110111,11109,"[2, 0, 1, 3]",500,182.3101043701172,True,16.42022785419578,18,0.0017578125
1001110111,11110,"[2, 0, 3, 1]",6200,182.3277473449707,False,16.42022785419578,18,0.0017578125
1001110111,11111,"[2, 0, 1, 3]",500,182.3408603668213,True,16.42022785419578,18,0.0017578125
1001110111,11112,"[2, 0, 3, 1]",6200,182.358980178833,False,16.42022785419578,18,0.0017578125
1001110111,11113,"[2, 0, 1, 3]",500,182.3718547821045,True,16.42022785419578,18,0.0017578125
1001110111,11114,"[2, 0, 3, 1]",6200,182.3899745941162,False,16.42022785419578,18,0.0017578125
1001110111,11115,"[2, 0, 1, 3]",500,182.4026107788086,True,16.42022785419578,18,0.0017578125
1001110111,11116,"[2, 0, 3, 1]",6200,182.4207305908203,False,16.42022785419578,18,0.0017578125
1001110111,11117,"[2, 0, 1, 3]",500,182.4333667755127,True,16.42022785419578,18,0.0017578125
1001110111,11118,"[2, 0, 3, 1]",6200,182.4512481689453,False,16.42022785419578,18,0.0017578125
1001110111,11119,"[2, 0, 1, 3]",500,182.4648380279541,True,16.42022785419578,18,0.0017578125
1001110111,11120,"[2, 0, 3, 1]",6200,182.48438835144043,False,16.42022785419578,18,0.0017578125
1001110111,11121,"[2, 0, 1, 3]",500,182.49773979187012,True,16.42022785419578,18,0.0017578125
1001110111,11122,"[2, 0, 3, 1]",6200,182.51562118530273,False,16.42022785419578,18,0.0017578125
1001110111,11123,"[2, 0, 1, 3]",500,182.52897262573242,True,16.42022785419578,18,0.0017578125
1001110111,11124,"[2, 0, 3, 1]",6200,182.54661560058594,False,16.42022785419578,18,0.0017578125
1001110111,11125,"[2, 0, 1, 3]",500,182.55972862243652,True,16.42022785419578,18,0.0017578125
1001110111,11126,"[2, 0, 3, 1]",6200,182.57761001586914,False,16.42022785419578,18,0.0017578125
1001110111,11127,"[2, 0, 1, 3]",500,182.59119987487793,True,16.42022785419578,18,0.0017578125
1001110111,11128,"[2, 0, 3, 1]",6200,182.60908126831055,False,16.42022785419578,18,0.0017578125
1001110111,11129,"[2, 0, 1, 3]",500,182.62243270874023,True,16.42022785419578,18,0.0017578125
1001110111,11130,"[2, 0, 3, 1]",6200,182.64031410217285,False,16.42022785419578,18,0.0017578125
1001110111,11131,"[2, 0, 1, 3]",500,182.65342712402344,True,16.42022785419578,18,0.0017578125
1001100101,11132,"[2, 0, 3, 1]",6200,182.67107009887695,False,16.027850656648774,18,0.0017578125
1001100101,11133,"[2, 0, 1, 3]",500,182.68442153930664,True,16.027850656648774,18,0.0017578125
1001100101,11134,"[2, 0, 3, 1]",6200,182.70206451416016,False,16.027850656648774,18,0.0017578125
1001100101,11135,"[2, 0, 1, 3]",500,182.71541595458984,True,16.027850656648774,18,0.0017578125
1001100101,11136,"[2, 0, 3, 1]",6200,182.73305892944336,False,16.027850656648774,18,0.0017578125
1001100101,11137,"[2, 0, 1, 3]",500,182.74545669555664,True,16.027850656648774,18,0.0017578125
1001100101,11138,"[2, 0, 3, 1]",6200,182.76309967041016,False,16.027850656648774,18,0.0017578125
1001100101,11139,"[2, 0, 1, 3]",500,182.77621269226074,True,16.027850656648774,18,0.0017578125
1001100101,11140,"[2, 0, 3, 1]",6200,182.79409408569336,False,16.027850656648774,18,0.0017578125
1001100101,11141,"[2, 0, 1, 3]",500,182.80696868896484,True,16.027850656648774,18,0.0017578125
1001100101,11142,"[2, 0, 3, 1]",6200,182.82699584960938,False,16.027850656648774,18,0.0017578125
1001100101,11143,"[2, 0, 1, 3]",500,182.84034729003906,True,16.027850656648774,18,0.0017578125
1001100101,11144,"[2, 0, 3, 1]",6200,182.85799026489258,False,16.027850656648774,18,0.0017578125
1001100101,11145,"[2, 0, 1, 3]",500,182.87086486816406,True,16.027850656648774,18,0.0017578125
1001100101,11146,"[2, 0, 3, 1]",6200,182.88826942443848,False,16.027850656648774,18,0.0017578125
1001100101,11147,"[2, 0, 1, 3]",500,182.90114402770996,True,16.027850656648774,18,0.0017578125
1001100101,11148,"[2, 0, 3, 1]",6200,182.91878700256348,False,16.027850656648774,18,0.0017578125
1001100101,11149,"[2, 0, 1, 3]",500,182.93190002441406,True,16.027850656648774,18,0.0017578125
1001100101,11150,"[2, 0, 3, 1]",6200,182.94954299926758,False,16.027850656648774,18,0.0017578125
1001100101,11151,"[2, 0, 1, 3]",500,182.96241760253906,True,16.027850656648774,18,0.0017578125
1001100101,11152,"[2, 0, 3, 1]",6200,182.98006057739258,False,16.027850656648774,18,0.0017578125
1001100101,11153,"[2, 0, 1, 3]",500,182.99269676208496,True,16.027850656648774,18,0.0017578125
1001100101,11154,"[2, 0, 3, 1]",6200,183.01057815551758,False,16.027850656648774,18,0.0017578125
1001100101,11155,"[2, 0, 1, 3]",500,183.02369117736816,True,16.027850656648774,18,0.0017578125
1001100101,11156,"[2, 0, 3, 1]",6200,183.04204940795898,False,16.027850656648774,18,0.0017578125
1001100101,11157,"[2, 0, 1, 3]",500,183.05563926696777,True,16.027850656648774,18,0.0017578125
1001100101,11158,"[2, 0, 3, 1]",6200,183.0751895904541,False,16.027850656648774,18,0.0017578125
1001100101,11159,"[2, 0, 1, 3]",500,183.0887794494629,True,16.027850656648774,18,0.0017578125
1001100101,11160,"[2, 0, 3, 1]",6200,183.1064224243164,False,16.027850656648774,18,0.0017578125
1001100101,11161,"[2, 0, 1, 3]",500,183.1197738647461,True,16.027850656648774,18,0.0017578125
1001100101,11162,"[2, 0, 3, 1]",6200,183.13908576965332,False,16.027850656648774,18,0.0017578125
1001100101,11163,"[2, 0, 1, 3]",500,183.1517219543457,True,16.027850656648774,18,0.0017578125
1001100101,11164,"[2, 0, 3, 1]",6200,183.16936492919922,False,16.027850656648774,18,0.0017578125
1001100101,11165,"[2, 0, 1, 3]",500,183.1824779510498,True,16.027850656648774,18,0.0017578125
1001100101,11166,"[2, 0, 3, 1]",6200,183.20035934448242,False,16.027850656648774,18,0.0017578125
1001100101,11167,"[2, 0, 1, 3]",500,183.213472366333,True,16.027850656648774,18,0.0017578125
1001001110,11168,"[3, 0, 1, 2]",750,183.23159217834473,False,15.221423844398668,18,0.0017578125
1001001110,11169,"[3, 0, 1, 2]",750,183.2449436187744,True,15.221423844398668,18,0.0017578125
1001001110,11170,"[3, 0, 1, 2]",750,183.26258659362793,False,15.221423844398668,18,0.0017578125
1001001110,11171,"[3, 0, 1, 2]",750,183.27569961547852,True,15.221423844398668,18,0.0017578125
1001001110,11172,"[3, 0, 1, 2]",750,183.29334259033203,False,15.221423844398668,18,0.0017578125
1001001110,11173,"[3, 0, 1, 2]",750,183.30621719360352,True,15.221423844398668,18,0.0017578125
1001001110,11174,"[3, 0, 1, 2]",750,183.32386016845703,False,15.221423844398668,18,0.0017578125
1001001110,11175,"[3, 0, 1, 2]",750,183.3364963531494,True,15.221423844398668,18,0.0017578125
1001001110,11176,"[3, 0, 1, 2]",750,183.35437774658203,False,15.221423844398668,18,0.0017578125
1001001110,11177,"[3, 0, 1, 2]",750,183.3667755126953,True,15.221423844398668,18,0.0017578125
1001001110,11178,"[3, 0, 1, 2]",750,183.38441848754883,False,15.221423844398668,18,0.0017578125
1001001110,11179,"[3, 0, 1, 2]",750,183.3972930908203,True,15.221423844398668,18,0.0017578125
1001001110,11180,"[3, 0, 1, 2]",750,183.41493606567383,False,15.221423844398668,18,0.0017578125
1001001110,11181,"[3, 0, 1, 2]",750,183.4280490875244,True,15.221423844398668,18,0.0017578125
1001001110,11182,"[3, 0, 1, 2]",750,183.44593048095703,False,15.221423844398668,18,0.0017578125
1001001110,11183,"[3, 0, 1, 2]",750,183.45904350280762,True,15.221423844398668,18,0.0017578125
1001001110,11184,"[3, 0, 1, 2]",750,183.47811698913574,False,15.221423844398668,18,0.0017578125
1001001110,11185,"[3, 0, 1, 2]",750,183.49146842956543,True,15.221423844398668,18,0.0017578125
1001001110,11186,"[3, 0, 1, 2]",750,183.50911140441895,False,15.221423844398668,18,0.0017578125
1001001110,11187,"[3, 0, 1, 2]",750,183.52246284484863,True,15.221423844398668,18,0.0017578125
1001001110,11188,"[3, 0, 1, 2]",750,183.53986740112305,False,15.221423844398668,18,0.0017578125
1001001110,11189,"[3, 0, 1, 2]",750,183.55298042297363,True,15.221423844398668,18,0.0017578125
1001001110,11190,"[3, 0, 1, 2]",750,183.57038497924805,False,15.221423844398668,18,0.0017578125
1001001110,11191,"[3, 0, 1, 2]",750,183.58325958251953,True,15.221423844398668,18,0.0017578125
1001001110,11192,"[3, 0, 1, 2]",750,183.60066413879395,False,15.221423844398668,18,0.0017578125
1001001110,11193,"[3, 0, 1, 2]",750,183.61330032348633,True,15.221423844398668,18,0.0017578125
1001001110,11194,"[3, 0, 1, 2]",750,183.63094329833984,False,15.221423844398668,18,0.0017578125
1001001110,11195,"[3, 0, 1, 2]",750,183.64381790161133,True,15.221423844398668,18,0.0017578125
1001001110,11196,"[3, 0, 1, 2]",750,183.66169929504395,False,15.221423844398668,18,0.0017578125
1001001110,11197,"[3, 0, 1, 2]",750,183.67433547973633,True,15.221423844398668,18,0.0017578125
1001001110,11198,"[3, 0, 1, 2]",750,183.69221687316895,False,15.221423844398668,18,0.0017578125
1001001110,11199,"[3, 0, 1, 2]",750,183.70485305786133,True,15.221423844398668,18,0.0017578125
1001001110,11200,"[3, 0, 1, 2]",750,183.72273445129395,False,15.221423844398668,18,0.0017578125
1001001110,11201,"[3, 0, 1, 2]",750,183.73513221740723,True,15.221423844398668,18,0.0017578125
1001001110,11202,"[3, 0, 1, 2]",750,183.75301361083984,False,15.221423844398668,18,0.0017578125
1001001110,11203,"[3, 0, 1, 2]",750,183.76612663269043,True,15.221423844398668,18,0.0017578125
0001100111,11204,"[2, 3, 1, 0]",9600,183.78591537475586,False,14.823730673992848,18,0.0017578125
0001100111,11205,"[2, 3, 1, 0]",9600,183.79926681518555,True,14.823730673992848,18,0.0017578125
0001100111,11206,"[2, 3, 1, 0]",9600,183.81690979003906,False,14.823730673992848,18,0.0017578125
0001100111,11207,"[2, 3, 1, 0]",9600,183.83002281188965,True,14.823730673992848,18,0.0017578125
0001100111,11208,"[2, 3, 1, 0]",9600,183.8510036468506,False,14.823730673992848,18,0.0017578125
0001100111,11209,"[2, 3, 1, 0]",9600,183.86459350585938,True,14.823730673992848,18,0.0017578125
0001100111,11210,"[2, 3, 1, 0]",9600,183.8839054107666,False,14.823730673992848,18,0.0017578125
0001100111,11211,"[2, 3, 1, 0]",9600,183.8972568511963,True,14.823730673992848,18,0.0017578125
0001100111,11212,"[2, 3, 1, 0]",9600,183.9151382446289,False,14.823730673992848,18,0.0017578125
0001100111,11213,"[2, 3, 1, 0]",9600,183.9282512664795,True,14.823730673992848,18,0.0017578125
0001100111,11214,"[2, 3, 1, 0]",9600,183.9454174041748,False,14.823730673992848,18,0.0017578125
0001100111,11215,"[2, 3, 1, 0]",9600,183.9582920074463,True,14.823730673992848,18,0.0017578125
0001100111,11216,"[2, 3, 1, 0]",9600,183.9756965637207,False,14.823730673992848,18,0.0017578125
0001100111,11217,"[2, 3, 1, 0]",9600,183.9885711669922,True,14.823730673992848,18,0.0017578125
0001100111,11218,"[2, 3, 1, 0]",9600,184.0057373046875,False,14.823730673992848,18,0.0017578125
0001100111,11219,"[2, 3, 1, 0]",9600,184.01861190795898,True,14.823730673992848,18,0.0017578125
0001100111,11220,"[2, 3, 1, 0]",9600,184.0357780456543,False,14.823730673992848,18,0.0017578125
0001100111,11221,"[2, 3, 1, 0]",9600,184.04817581176758,True,14.823730673992848,18,0.0017578125
0001100111,11222,"[2, 3, 1, 0]",9600,184.0658187866211,False,14.823730673992848,18,0.0017578125
0001100111,11223,"[2, 3, 1, 0]",9600,184.07845497131348,True,14.823730673992848,18,0.0017578125
0001100111,11224,"[2, 3, 1, 0]",9600,184.0958595275879,False,14.823730673992848,18,0.0017578125
0001100111,11225,"[2, 3, 1, 0]",9600,184.10873413085938,True,14.823730673992848,18,0.0017578125
0001100111,11226,"[2, 3, 1, 0]",9600,184.1273307800293,False,14.823730673992848,18,0.0017578125
0001100111,11227,"[2, 3, 1, 0]",9600,184.13996696472168,True,14.823730673992848,18,0.0017578125
0001100111,11228,"[2, 3, 1, 0]",9600,184.1573715209961,False,14.823730673992848,18,0.0017578125
0001100111,11229,"[2, 3, 1, 0]",9600,184.17000770568848,True,14.823730673992848,18,0.0017578125
0001100111,11230,"[2, 3, 1, 0]",9600,184.1869354248047,False,14.823730673992848,18,0.0017578125
0001100111,11231,"[2, 3, 1, 0]",9600,184.19981002807617,True,14.823730673992848,18,0.0017578125
0001100111,11232,"[2, 3, 1, 0]",9600,184.2172145843506,False,14.823730673992848,18,0.0017578125
0001100111,11233,"[2, 3, 1, 0]",9600,184.23008918762207,True,14.823730673992848,18,0.0017578125
0001100111,11234,"[2, 3, 1, 0]",9600,184.24749374389648,False,14.823730673992848,18,0.0017578125
0001100111,11235,"[2, 3, 1, 0]",9600,184.26132202148438,True,14.823730673992848,18,0.0017578125
0001100111,11236,"[2, 3, 1, 0]",9600,184.2787265777588,False,14.823730673992848,18,0.0017578125
0001100111,11237,"[2, 3, 1, 0]",9600,184.29255485534668,True,14.823730673992848,18,0.0017578125
0001100111,11238,"[2, 3, 1, 0]",9600,184.3099594116211,False,14.823730673992848,18,0.0017578125
0001100111,11239,"[2, 3, 1, 0]",9600,184.32331085205078,True,14.823730673992848,18,0.0017578125
0000101000,11240,"[3, 2, 1, 0]",9600,184.3421459197998,False,29.718124370008205,18,0.0017578125
0000101000,11241,"[3, 2, 1, 0]",9600,184.3552589416504,True,29.718124370008205,18,0.0017578125
0000101000,11242,"[3, 2, 1, 0]",9600,184.3724250793457,False,29.718124370008205,18,0.0017578125
0000101000,11243,"[3, 2, 1, 0]",9600,184.3852996826172,True,29.718124370008205,18,0.0017578125
0000101000,11244,"[3, 2, 1, 0]",9600,184.4027042388916,False,29.718124370008205,18,0.0017578125
0000101000,11245,"[3, 2, 1, 0]",9600,184.4155788421631,True,29.718124370008205,18,0.0017578125
0000101000,11246,"[3, 2, 1, 0]",9600,184.4348907470703,False,29.718124370008205,18,0.0017578125
0000101000,11247,"[3, 2, 1, 0]",9600,184.4477653503418,True,29.718124370008205,18,0.0017578125
0000101000,11248,"[3, 2, 1, 0]",9600,184.4654083251953,False,29.718124370008205,18,0.0017578125
0000101000,11249,"[3, 2, 1, 0]",9600,184.4778060913086,True,29.718124370008205,18,0.0017578125
0000101000,11250,"[3, 2, 1, 0]",9600,184.495210647583,False,29.718124370008205,18,0.0017578125
0000101000,11251,"[3, 2, 1, 0]",9600,184.5078468322754,True,29.718124370008205,18,0.0017578125
0000101000,11252,"[3, 2, 1, 0]",9600,184.5254898071289,False,29.718124370008205,18,0.0017578125
0000101000,11253,"[3, 2, 1, 0]",9600,184.5381259918213,True,29.718124370008205,18,0.0017578125
0000101000,11254,"[3, 2, 1, 0]",9600,184.5555305480957,False,29.718124370008205,18,0.0017578125
0000101000,11255,"[3, 2, 1, 0]",9600,184.59129333496094,True,29.718124370008205,18,0.0017578125
0000101000,11256,"[3, 2, 1, 0]",9600,184.60965156555176,False,29.718124370008205,18,0.0017578125
0000101000,11257,"[3, 2, 1, 0]",9600,184.62276458740234,True,29.718124370008205,18,0.0017578125
0000101000,11258,"[3, 2, 1, 0]",9600,184.64088439941406,False,29.718124370008205,18,0.0017578125
0000101000,11259,"[3, 2, 1, 0]",9600,184.65423583984375,True,29.718124370008205,18,0.0017578125
0000101000,11260,"[3, 2, 1, 0]",9600,184.67426300048828,False,29.718124370008205,18,0.0017578125
0000101000,11261,"[3, 2, 1, 0]",9600,184.70335006713867,True,29.718124370008205,18,0.0017578125
0000101000,11262,"[3, 2, 1, 0]",9600,184.7221851348877,False,29.718124370008205,18,0.0017578125
0000101000,11263,"[3, 2, 1, 0]",9600,184.73553657531738,True,29.718124370008205,18,0.0017578125
0000101000,11264,"[3, 2, 1, 0]",9600,184.7541332244873,False,29.718124370008205,18,0.0017578125
0000101000,11265,"[3, 2, 1, 0]",9600,184.767484664917,True,29.718124370008205,18,0.0017578125
0000101000,11266,"[3, 2, 1, 0]",9600,184.7858428955078,False,29.718124370008205,18,0.0017578125
0000101000,11267,"[3, 2, 1, 0]",9600,184.7991943359375,True,29.718124370008205,18,0.0017578125
0000101000,11268,"[3, 2, 1, 0]",9600,184.81922149658203,False,29.718124370008205,18,0.0017578125
0000101000,11269,"[3, 2, 1, 0]",9600,184.83257293701172,True,29.718124370008205,18,0.0017578125
0000101000,11270,"[3, 2, 1, 0]",9600,184.85093116760254,False,29.718124370008205,18,0.0017578125
0000101000,11271,"[3, 2, 1, 0]",9600,184.86428260803223,True,29.718124370008205,18,0.0017578125
0000101000,11272,"[3, 2, 1, 0]",9600,184.88264083862305,False,29.718124370008205,18,0.0017578125
0000101000,11273,"[3, 2, 1, 0]",9600,184.89623069763184,True,29.718124370008205,18,0.0017578125
0000101000,11274,"[3, 2, 1, 0]",9600,184.91458892822266,False,29.718124370008205,18,0.0017578125
0000101000,11275,"[3, 2, 1, 0]",9600,184.92794036865234,True,29.718124370008205,18,0.0017578125
1001001111,11276,"[3, 0, 1, 2]",750,184.94677543640137,False,12.91499881684798,18,0.0017578125
1001001111,11277,"[3, 0, 1, 2]",750,184.96108055114746,True,12.91499881684798,18,0.0017578125
1001001111,11278,"[3, 0, 1, 2]",750,184.97967720031738,False,12.91499881684798,18,0.0017578125
1001001111,11279,"[3, 0, 1, 2]",750,184.99350547790527,True,12.91499881684798,18,0.0017578125
1001001111,11280,"[3, 0, 1, 2]",750,185.0121021270752,False,12.91499881684798,18,0.0017578125
1001001111,11281,"[3, 0, 1, 2]",750,185.02569198608398,True,12.91499881684798,18,0.0017578125
1001001111,11282,"[3, 0, 1, 2]",750,185.0440502166748,False,12.91499881684798,18,0.0017578125
1001001111,11283,"[3, 0, 1, 2]",750,185.0733757019043,True,12.91499881684798,18,0.0017578125
1001001111,11284,"[3, 0, 1, 2]",750,185.09197235107422,False,12.91499881684798,18,0.0017578125
1001001111,11285,"[3, 0, 1, 2]",750,185.11629104614258,True,12.91499881684798,18,0.0017578125
1001001111,11286,"[3, 0, 1, 2]",750,185.1346492767334,False,12.91499881684798,18,0.0017578125
1001001111,11287,"[3, 0, 1, 2]",750,185.1491928100586,True,12.91499881684798,18,0.0017578125
1001001111,11288,"[3, 0, 1, 2]",750,185.16921997070312,False,12.91499881684798,18,0.0017578125
1001001111,11289,"[3, 0, 1, 2]",750,185.18328666687012,True,12.91499881684798,18,0.0017578125
1001001111,11290,"[3, 0, 1, 2]",750,185.20188331604004,False,12.91499881684798,18,0.0017578125
1001001111,11291,"[3, 0, 1, 2]",750,185.21571159362793,True,12.91499881684798,18,0.0017578125
1001001111,11292,"[3, 0, 1, 2]",750,185.23406982421875,False,12.91499881684798,18,0.0017578125
1001001111,11293,"[3, 0, 1, 2]",750,185.24765968322754,True,12.91499881684798,18,0.0017578125
1001001111,11294,"[3, 0, 1, 2]",750,185.26601791381836,False,12.91499881684798,18,0.0017578125
1001001111,11295,"[3, 0, 1, 2]",750,185.27984619140625,True,12.91499881684798,18,0.0017578125
1001001111,11296,"[3, 0, 1, 2]",750,185.29844284057617,False,12.91499881684798,18,0.0017578125
1001001111,11297,"[3, 0, 1, 2]",750,185.31155586242676,True,12.91499881684798,18,0.0017578125
1001001111,11298,"[3, 0, 1, 2]",750,185.33039093017578,False,12.91499881684798,18,0.0017578125
1001001111,11299,"[3, 0, 1, 2]",750,185.34374237060547,True,12.91499881684798,18,0.0017578125
1001001111,11300,"[3, 0, 1, 2]",750,185.3625774383545,False,12.91499881684798,18,0.0017578125
1001001111,11301,"[3, 0, 1, 2]",750,185.37592887878418,True,12.91499881684798,18,0.0017578125
1001001111,11302,"[3, 0, 1, 2]",750,185.3947639465332,False,12.91499881684798,18,0.0017578125
1001001111,11303,"[3, 0, 1, 2]",750,185.408353805542,True,12.91499881684798,18,0.0017578125
1001001111,11304,"[3, 0, 1, 2]",750,185.4269504547119,False,12.91499881684798,18,0.0017578125
1001001111,11305,"[3, 0, 1, 2]",750,185.4405403137207,True,12.91499881684798,18,0.0017578125
1001001111,11306,"[3, 0, 1, 2]",750,185.45889854431152,False,12.91499881684798,18,0.0017578125
1001001111,11307,"[3, 0, 1, 2]",750,185.4724884033203,True,12.91499881684798,18,0.0017578125
1001001111,11308,"[3, 0, 1, 2]",750,185.49370765686035,False,12.91499881684798,18,0.0017578125
1001001111,11309,"[3, 0, 1, 2]",750,185.50777435302734,True,12.91499881684798,18,0.0017578125
1001001111,11310,"[3, 0, 1, 2]",750,185.52875518798828,False,12.91499881684798,18,0.0017578125
1001001111,11311,"[3, 0, 1, 2]",750,185.54234504699707,True,12.91499881684798,18,0.0017578125
0101110011,11312,"[2, 1, 0, 3]",600,185.5611801147461,False,12.226748768873371,18,0.0017578125
0101110011,11313,"[2, 1, 0, 3]",600,185.5754852294922,True,12.226748768873371,18,0.0017578125
0101110011,11314,"[2, 1, 0, 3]",600,185.5945587158203,False,12.226748768873371,18,0.0017578125
0101110011,11315,"[2, 1, 0, 3]",600,185.6083869934082,True,12.226748768873371,18,0.0017578125
0101110011,11316,"[2, 1, 0, 3]",600,185.62698364257812,False,12.226748768873371,18,0.0017578125
0101110011,11317,"[2, 1, 0, 3]",600,185.64081192016602,True,12.226748768873371,18,0.0017578125
0101110011,11318,"[2, 1, 0, 3]",600,185.65940856933594,False,12.226748768873371,18,0.0017578125
0101110011,11319,"[2, 1, 0, 3]",600,185.67323684692383,True,12.226748768873371,18,0.0017578125
0101110011,11320,"[2, 1, 0, 3]",600,185.69183349609375,False,12.226748768873371,18,0.0017578125
0101110011,11321,"[2, 1, 0, 3]",600,185.70590019226074,True,12.226748768873371,18,0.0017578125
0101110011,11322,"[2, 1, 0, 3]",600,185.72425842285156,False,12.226748768873371,18,0.0017578125
0101110011,11323,"[2, 1, 0, 3]",600,185.73784828186035,True,12.226748768873371,18,0.0017578125
0101110011,11324,"[2, 1, 0, 3]",600,185.75668334960938,False,12.226748768873371,18,0.0017578125
0101110011,11325,"[2, 1, 0, 3]",600,185.76979637145996,True,12.226748768873371,18,0.0017578125
0101110011,11326,"[2, 1, 0, 3]",600,185.78863143920898,False,12.226748768873371,18,0.0017578125
0101110011,11327,"[2, 1, 0, 3]",600,185.80245971679688,True,12.226748768873371,18,0.0017578125
0101110011,11328,"[2, 1, 0, 3]",600,185.8210563659668,False,12.226748768873371,18,0.0017578125
0101110011,11329,"[2, 1, 0, 3]",600,185.8351230621338,True,12.226748768873371,18,0.0017578125
0101110011,11330,"[2, 1, 0, 3]",600,185.85538864135742,False,12.226748768873371,18,0.0017578125
0101110011,11331,"[2, 1, 0, 3]",600,185.8692169189453,True,12.226748768873371,18,0.0017578125
0101110011,11332,"[2, 1, 0, 3]",600,185.88781356811523,False,12.226748768873371,18,0.0017578125
0101110011,11333,"[2, 1, 0, 3]",600,185.90164184570312,True,12.226748768873371,18,0.0017578125
0101110011,11334,"[2, 1, 0, 3]",600,185.92023849487305,False,12.226748768873371,18,0.0017578125
0101110011,11335,"[2, 1, 0, 3]",600,185.93382835388184,True,12.226748768873371,18,0.0017578125
0101110011,11336,"[2, 1, 0, 3]",600,185.95218658447266,False,12.226748768873371,18,0.0017578125
0101110011,11337,"[2, 1, 0, 3]",600,185.96577644348145,True,12.226748768873371,18,0.0017578125
0101110011,11338,"[2, 1, 0, 3]",600,185.98413467407227,False,12.226748768873371,18,0.0017578125
0101110011,11339,"[2, 1, 0, 3]",600,185.99796295166016,True,12.226748768873371,18,0.0017578125
0101110011,11340,"[2, 1, 0, 3]",600,186.01655960083008,False,12.226748768873371,18,0.0017578125
0101110011,11341,"[2, 1, 0, 3]",600,186.03038787841797,True,12.226748768873371,18,0.0017578125
0101110011,11342,"[2, 1, 0, 3]",600,186.049222946167,False,12.226748768873371,18,0.0017578125
0101110011,11343,"[2, 1, 0, 3]",600,186.06328964233398,True,12.226748768873371,18,0.0017578125
0101110011,11344,"[2, 1, 0, 3]",600,186.0816478729248,False,12.226748768873371,18,0.0017578125
0101110011,11345,"[2, 1, 0, 3]",600,186.0957145690918,True,12.226748768873371,18,0.0017578125
0101110011,11346,"[2, 1, 0, 3]",600,186.11454963684082,False,12.226748768873371,18,0.0017578125
0101110011,11347,"[2, 1, 0, 3]",600,186.1283779144287,True,12.226748768873371,18,0.0017578125
1110110010,11348,"[2, 0, 1, 3]",500,186.14697456359863,False,17.430868751529296,17,0.00166015625
1110110010,11349,"[2, 0, 1, 3]",500,186.16080284118652,True,17.430868751529296,17,0.00166015625
1110110010,11350,"[2, 0, 1, 3]",500,186.17939949035645,False,17.430868751529296,17,0.00166015625
1110110010,11351,"[2, 0, 1, 3]",500,186.19298934936523,True,17.430868751529296,17,0.00166015625
1110110010,11352,"[2, 0, 1, 3]",500,186.21325492858887,False,17.430868751529296,17,0.00166015625
1110110010,11353,"[2, 0, 1, 3]",500,186.22708320617676,True,17.430868751529296,17,0.00166015625
1110110010,11354,"[2, 0, 1, 3]",500,186.24567985534668,False,17.430868751529296,17,0.00166015625
1110110010,11355,"[2, 0, 1, 3]",500,186.25926971435547,True,17.430868751529296,17,0.00166015625
1110110010,11356,"[2, 0, 1, 3]",500,186.28859519958496,False,17.430868751529296,17,0.00166015625
1110110010,11357,"[2, 0, 1, 3]",500,186.30123138427734,True,17.430868751529296,17,0.00166015625
1110110010,11358,"[2, 0, 1, 3]",500,186.31935119628906,False,17.430868751529296,17,0.00166015625
1110110010,11359,"[2, 0, 1, 3]",500,186.33294105529785,True,17.430868751529296,17,0.00166015625
1110110010,11360,"[2, 0, 1, 3]",500,186.35249137878418,False,17.430868751529296,17,0.00166015625
1110110010,11361,"[2, 0, 1, 3]",500,186.36560440063477,True,17.430868751529296,17,0.00166015625
1110110010,11362,"[2, 0, 1, 3]",500,186.38300895690918,False,17.430868751529296,17,0.00166015625
1110110010,11363,"[2, 0, 1, 3]",500,186.39588356018066,True,17.430868751529296,17,0.00166015625
1110110010,11364,"[2, 0, 1, 3]",500,186.41352653503418,False,17.430868751529296,17,0.00166015625
1110110010,11365,"[2, 0, 1, 3]",500,186.42616271972656,True,17.430868751529296,17,0.00166015625
1110110010,11366,"[2, 0, 1, 3]",500,186.44356727600098,False,17.430868751529296,17,0.00166015625
1110110010,11367,"[2, 0, 1, 3]",500,186.45668029785156,True,17.430868751529296,17,0.00166015625
1110110010,11368,"[2, 0, 1, 3]",500,186.47432327270508,False,17.430868751529296,17,0.00166015625
1110110010,11369,"[2, 0, 1, 3]",500,186.48743629455566,True,17.430868751529296,17,0.00166015625
1110110010,11370,"[2, 0, 1, 3]",500,186.50507926940918,False,17.430868751529296,17,0.00166015625
1110110010,11371,"[2, 0, 1, 3]",500,186.51843070983887,True,17.430868751529296,17,0.00166015625
1110110010,11372,"[2, 0, 1, 3]",500,186.5394115447998,False,17.430868751529296,17,0.00166015625
1110110010,11373,"[2, 0, 1, 3]",500,186.5525245666504,True,17.430868751529296,17,0.00166015625
1110110010,11374,"[2, 0, 1, 3]",500,186.5701675415039,False,17.430868751529296,17,0.00166015625
1110110010,11375,"[2, 0, 1, 3]",500,186.5832805633545,True,17.430868751529296,17,0.00166015625
1110110010,11376,"[2, 0, 1, 3]",500,186.600923538208,False,17.430868751529296,17,0.00166015625
1110110010,11377,"[2, 0, 1, 3]",500,186.6135597229004,True,17.430868751529296,17,0.00166015625
1110110010,11378,"[2, 0, 1, 3]",500,186.631441116333,False,17.430868751529296,17,0.00166015625
1110110010,11379,"[2, 0, 1, 3]",500,186.6443157196045,True,17.430868751529296,17,0.00166015625
1110110010,11380,"[2, 0, 1, 3]",500,186.661958694458,False,17.430868751529296,17,0.00166015625
1110110010,11381,"[2, 0, 1, 3]",500,186.6748332977295,True,17.430868751529296,17,0.00166015625
1011110101,11382,"[2, 1, 0, 3]",600,186.6927146911621,False,26.817921024601603,17,0.00166015625
1011110101,11383,"[2, 1, 0, 3]",600,186.7060661315918,True,26.817921024601603,17,0.00166015625
1011110101,11384,"[2, 1, 0, 3]",600,186.7239475250244,False,26.817921024601603,17,0.00166015625
1011110101,11385,"[2, 1, 0, 3]",600,186.7372989654541,True,26.817921024601603,17,0.00166015625
1011110101,11386,"[2, 1, 0, 3]",600,186.75518035888672,False,26.817921024601603,17,0.00166015625
1011110101,11387,"[2, 1, 0, 3]",600,186.7682933807373,True,26.817921024601603,17,0.00166015625
1011110101,11388,"[2, 1, 0, 3]",600,186.78617477416992,False,26.817921024601603,17,0.00166015625
1011110101,11389,"[2, 1, 0, 3]",600,186.7990493774414,True,26.817921024601603,17,0.00166015625
1011110101,11390,"[2, 1, 0, 3]",600,186.81669235229492,False,26.817921024601603,17,0.00166015625
1011110101,11391,"[2, 1, 0, 3]",600,186.8295669555664,True,26.817921024601603,17,0.00166015625
1011110101,11392,"[2, 1, 0, 3]",600,186.84744834899902,False,26.817921024601603,17,0.00166015625
1011110101,11393,"[2, 1, 0, 3]",600,186.8600845336914,True,26.817921024601603,17,0.00166015625
1011110101,11394,"[2, 1, 0, 3]",600,186.88011169433594,False,26.817921024601603,17,0.00166015625
1011110101,11395,"[2, 1, 0, 3]",600,186.89322471618652,True,26.817921024601603,17,0.00166015625
1011110101,11396,"[2, 1, 0, 3]",600,186.91134452819824,False,26.817921024601603,17,0.00166015625
1011110101,11397,"[2, 1, 0, 3]",600,186.92445755004883,True,26.817921024601603,17,0.00166015625
1011110101,11398,"[2, 1, 0, 3]",600,186.94186210632324,False,26.817921024601603,17,0.00166015625
1011110101,11399,"[2, 1, 0, 3]",600,186.95521354675293,True,26.817921024601603,17,0.00166015625
1011110101,11400,"[2, 1, 0, 3]",600,186.97285652160645,False,26.817921024601603,17,0.00166015625
1011110101,11401,"[2, 1, 0, 3]",600,186.98620796203613,True,26.817921024601603,17,0.00166015625
1011110101,11402,"[2, 1, 0, 3]",600,187.00361251831055,False,26.817921024601603,17,0.00166015625
1011110101,11403,"[2, 1, 0, 3]",600,187.01767921447754,True,26.817921024601603,17,0.00166015625
1011110101,11404,"[2, 1, 0, 3]",600,187.03556060791016,False,26.817921024601603,17,0.00166015625
1011110101,11405,"[2, 1, 0, 3]",600,187.04938888549805,True,26.817921024601603,17,0.00166015625
1011110101,11406,"[2, 1, 0, 3]",600,187.06703186035156,False,26.817921024601603,17,0.00166015625
1011110101,11407,"[2, 1, 0, 3]",600,187.08062171936035,True,26.817921024601603,17,0.00166015625
1011110101,11408,"[2, 1, 0, 3]",600,187.12186813354492,False,26.817921024601603,17,0.00166015625
1011110101,11409,"[2, 1, 0, 3]",600,187.1509552001953,True,26.817921024601603,17,0.00166015625
1011110101,11410,"[2, 1, 0, 3]",600,187.17312812805176,False,26.817921024601603,17,0.00166015625
1011110101,11411,"[2, 1, 0, 3]",600,187.18695640563965,True,26.817921024601603,17,0.00166015625
1011110101,11412,"[2, 1, 0, 3]",600,187.20507621765137,False,26.817921024601603,17,0.00166015625
1011110101,11413,"[2, 1, 0, 3]",600,187.21890449523926,True,26.817921024601603,17,0.00166015625
1011110101,11414,"[2, 1, 0, 3]",600,187.23821640014648,False,26.817921024601603,17,0.00166015625
1011110101,11415,"[2, 1, 0, 3]",600,187.25180625915527,True,26.817921024601603,17,0.00166015625
0001100110,11416,"[2, 3, 1, 0]",9600,187.2701644897461,False,17.130155701543536,17,0.00166015625
0001100110,11417,"[2, 3, 1, 0]",9600,187.28327751159668,True,17.130155701543536,17,0.00166015625
0001100110,11418,"[2, 3, 1, 0]",9600,187.3009204864502,False,17.130155701543536,17,0.00166015625
0001100110,11419,"[2, 3, 1, 0]",9600,187.31427192687988,True,17.130155701543536,17,0.00166015625
0001100110,11420,"[2, 3, 1, 0]",9600,187.3319149017334,False,17.130155701543536,17,0.00166015625
0001100110,11421,"[2, 3, 1, 0]",9600,187.34478950500488,True,17.130155701543536,17,0.00166015625
0001100110,11422,"[2, 3, 1, 0]",9600,187.3621940612793,False,17.130155701543536,17,0.00166015625
0001100110,11423,"[2, 3, 1, 0]",9600,187.37530708312988,True,17.130155701543536,17,0.00166015625
0001100110,11424,"[2, 3, 1, 0]",9600,187.3929500579834,False,17.130155701543536,17,0.00166015625
0001100110,11425,"[2, 3, 1, 0]",9600,187.40582466125488,True,17.130155701543536,17,0.00166015625
0001100110,11426,"[2, 3, 1, 0]",9600,187.4232292175293,False,17.130155701543536,17,0.00166015625
0001100110,11427,"[2, 3, 1, 0]",9600,187.43610382080078,True,17.130155701543536,17,0.00166015625
0001100110,11428,"[2, 3, 1, 0]",9600,187.4537467956543,False,17.130155701543536,17,0.00166015625
0001100110,11429,"[2, 3, 1, 0]",9600,187.46685981750488,True,17.130155701543536,17,0.00166015625
0001100110,11430,"[2, 3, 1, 0]",9600,187.4842643737793,False,17.130155701543536,17,0.00166015625
0001100110,11431,"[2, 3, 1, 0]",9600,187.49713897705078,True,17.130155701543536,17,0.00166015625
0001100110,11432,"[2, 3, 1, 0]",9600,187.5145435333252,False,17.130155701543536,17,0.00166015625
0001100110,11433,"[2, 3, 1, 0]",9600,187.52741813659668,True,17.130155701543536,17,0.00166015625
0001100110,11434,"[2, 3, 1, 0]",9600,187.5448226928711,False,17.130155701543536,17,0.00166015625
0001100110,11435,"[2, 3, 1, 0]",9600,187.55745887756348,True,17.130155701543536,17,0.00166015625
0001100110,11436,"[2, 3, 1, 0]",9600,187.5767707824707,False,17.130155701543536,17,0.00166015625
0001100110,11437,"[2, 3, 1, 0]",9600,187.5896453857422,True,17.130155701543536,17,0.00166015625
0001100110,11438,"[2, 3, 1, 0]",9600,187.6072883605957,False,17.130155701543536,17,0.00166015625
0001100110,11439,"[2, 3, 1, 0]",9600,187.61944770812988,True,17.130155701543536,17,0.00166015625
0001100110,11440,"[2, 3, 1, 0]",9600,187.6370906829834,False,17.130155701543536,17,0.00166015625
0001100110,11441,"[2, 3, 1, 0]",9600,187.64972686767578,True,17.130155701543536,17,0.00166015625
0001100110,11442,"[2, 3, 1, 0]",9600,187.6673698425293,False,17.130155701543536,17,0.00166015625
0001100110,11443,"[2, 3, 1, 0]",9600,187.68024444580078,True,17.130155701543536,17,0.00166015625
0001100110,11444,"[2, 3, 1, 0]",9600,187.6976490020752,False,17.130155701543536,17,0.00166015625
0001100110,11445,"[2, 3, 1, 0]",9600,187.71028518676758,True,17.130155701543536,17,0.00166015625
0001100110,11446,"[2, 3, 1, 0]",9600,187.7274513244629,False,17.130155701543536,17,0.00166015625
0001100110,11447,"[2, 3, 1, 0]",9600,187.74032592773438,True,17.130155701543536,17,0.00166015625
0001100110,11448,"[2, 3, 1, 0]",9600,187.7577304840088,False,17.130155701543536,17,0.00166015625
0001100110,11449,"[2, 3, 1, 0]",9600,187.77084350585938,True,17.130155701543536,17,0.00166015625
0100100100,11450,"[2, 3, 0, 1]",6600,187.7882480621338,False,13.828808760201333,17,0.00166015625
0100100100,11451,"[2, 3, 0, 1]",6600,187.80159950256348,True,13.828808760201333,17,0.00166015625
0100100100,11452,"[2, 3, 0, 1]",6600,187.8190040588379,False,13.828808760201333,17,0.00166015625
0100100100,11453,"[2, 3, 0, 1]",6600,187.83187866210938,True,13.828808760201333,17,0.00166015625
0100100100,11454,"[2, 3, 0, 1]",6600,187.8526210784912,False,13.828808760201333,17,0.00166015625
0100100100,11455,"[2, 3, 0, 1]",6600,187.8659725189209,True,13.828808760201333,17,0.00166015625
0100100100,11456,"[2, 3, 0, 1]",6600,187.88576126098633,False,13.828808760201333,17,0.00166015625
0100100100,11457,"[2, 3, 0, 1]",6600,187.8988742828369,True,13.828808760201333,17,0.00166015625
0100100100,11458,"[2, 3, 0, 1]",6600,187.91675567626953,False,13.828808760201333,17,0.00166015625
0100100100,11459,"[2, 3, 0, 1]",6600,187.9293918609619,True,13.828808760201333,17,0.00166015625
0100100100,11460,"[2, 3, 0, 1]",6600,187.94751167297363,False,13.828808760201333,17,0.00166015625
0100100100,11461,"[2, 3, 0, 1]",6600,187.96038627624512,True,13.828808760201333,17,0.00166015625
0100100100,11462,"[2, 3, 0, 1]",6600,187.97993659973145,False,13.828808760201333,17,0.00166015625
0100100100,11463,"[2, 3, 0, 1]",6600,187.99281120300293,True,13.828808760201333,17,0.00166015625
0100100100,11464,"[2, 3, 0, 1]",6600,188.01045417785645,False,13.828808760201333,17,0.00166015625
0100100100,11465,"[2, 3, 0, 1]",6600,188.02285194396973,True,13.828808760201333,17,0.00166015625
0100100100,11466,"[2, 3, 0, 1]",6600,188.04025650024414,False,13.828808760201333,17,0.00166015625
0100100100,11467,"[2, 3, 0, 1]",6600,188.05313110351562,True,13.828808760201333,17,0.00166015625
0100100100,11468,"[2, 3, 0, 1]",6600,188.07053565979004,False,13.828808760201333,17,0.00166015625
0100100100,11469,"[2, 3, 0, 1]",6600,188.09890747070312,True,13.828808760201333,17,0.00166015625
0100100100,11470,"[2, 3, 0, 1]",6600,188.11750411987305,False,13.828808760201333,17,0.00166015625
0100100100,11471,"[2, 3, 0, 1]",6600,188.13061714172363,True,13.828808760201333,17,0.00166015625
0100100100,11472,"[2, 3, 0, 1]",6600,188.14921379089355,False,13.828808760201333,17,0.00166015625
0100100100,11473,"[2, 3, 0, 1]",6600,188.16280364990234,True,13.828808760201333,17,0.00166015625
0100100100,11474,"[2, 3, 0, 1]",6600,188.18092346191406,False,13.828808760201333,17,0.00166015625
0100100100,11475,"[2, 3, 0, 1]",6600,188.19451332092285,True,13.828808760201333,17,0.00166015625
0100100100,11476,"[2, 3, 0, 1]",6600,188.21310997009277,False,13.828808760201333,17,0.00166015625
0100100100,11477,"[2, 3, 0, 1]",6600,188.22669982910156,True,13.828808760201333,17,0.00166015625
0100100100,11478,"[2, 3, 0, 1]",6600,188.2467269897461,False,13.828808760201333,17,0.00166015625
0100100100,11479,"[2, 3, 0, 1]",6600,188.26007843017578,True,13.828808760201333,17,0.00166015625
0100100100,11480,"[2, 3, 0, 1]",6600,188.2784366607666,False,13.828808760201333,17,0.00166015625
0100100100,11481,"[2, 3, 0, 1]",6600,188.2917881011963,True,13.828808760201333,17,0.00166015625
0100100100,11482,"[2, 3, 0, 1]",6600,188.3101463317871,False,13.828808760201333,17,0.00166015625
0100100100,11483,"[2, 3, 0, 1]",6600,188.3234977722168,True,13.828808760201333,17,0.00166015625
1100000101,11484,"[0, 3, 2, 1]",6300,188.34209442138672,False,9.18188720114459,17,0.00166015625
1100000101,11485,"[0, 1, 3, 2]",465,188.3561611175537,True,9.18188720114459,17,0.00166015625
1100000101,11486,"[0, 3, 2, 1]",6300,188.37475776672363,False,9.18188720114459,17,0.00166015625
1100000101,11487,"[0, 1, 3, 2]",465,188.38882446289062,True,9.18188720114459,17,0.00166015625
1100000101,11488,"[0, 3, 2, 1]",6300,188.40718269348145,False,9.18188720114459,17,0.00166015625
1100000101,11489,"[0, 1, 3, 2]",465,188.42101097106934,True,9.18188720114459,17,0.00166015625
1100000101,11490,"[0, 3, 2, 1]",6300,188.43936920166016,False,9.18188720114459,17,0.00166015625
1100000101,11491,"[0, 1, 3, 2]",465,188.45295906066895,True,9.18188720114459,17,0.00166015625
1100000101,11492,"[0, 3, 2, 1]",6300,188.47155570983887,False,9.18188720114459,17,0.00166015625
1100000101,11493,"[0, 1, 3, 2]",465,188.48538398742676,True,9.18188720114459,17,0.00166015625
1100000101,11494,"[0, 3, 2, 1]",6300,188.50350379943848,False,9.18188720114459,17,0.00166015625
1100000101,11495,"[0, 1, 3, 2]",465,188.51733207702637,True,9.18188720114459,17,0.00166015625
1100000101,11496,"[0, 3, 2, 1]",6300,188.5359287261963,False,9.18188720114459,17,0.00166015625
1100000101,11497,"[0, 1, 3, 2]",465,188.54975700378418,True,9.18188720114459,17,0.00166015625
1100000101,11498,"[0, 3, 2, 1]",6300,188.5700225830078,False,9.18188720114459,17,0.00166015625
1100000101,11499,"[0, 1, 3, 2]",465,188.5838508605957,True,9.18188720114459,17,0.00166015625
1100000101,11500,"[0, 3, 2, 1]",6300,188.60220909118652,False,9.18188720114459,17,0.00166015625
1100000101,11501,"[0, 1, 3, 2]",465,188.6157989501953,True,9.18188720114459,17,0.00166015625
1100000101,11502,"[0, 3, 2, 1]",6300,188.63391876220703,False,9.18188720114459,17,0.00166015625
1100000101,11503,"[0, 1, 3, 2]",465,188.64750862121582,True,9.18188720114459,17,0.00166015625
1100000101,11504,"[0, 3, 2, 1]",6300,188.66586685180664,False,9.18188720114459,17,0.00166015625
1100000101,11505,"[0, 1, 3, 2]",465,188.67897987365723,True,9.18188720114459,17,0.00166015625
1100000101,11506,"[0, 3, 2, 1]",6300,188.69733810424805,False,9.18188720114459,17,0.00166015625
1100000101,11507,"[0, 1, 3, 2]",465,188.71092796325684,True,9.18188720114459,17,0.00166015625
1100000101,11508,"[0, 3, 2, 1]",6300,188.72928619384766,False,9.18188720114459,17,0.00166015625
1100000101,11509,"[0, 1, 3, 2]",465,188.74311447143555,True,9.18188720114459,17,0.00166015625
1100000101,11510,"[0, 3, 2, 1]",6300,188.76147270202637,False,9.18188720114459,17,0.00166015625
1100000101,11511,"[0, 1, 3, 2]",465,188.77530097961426,True,9.18188720114459,17,0.00166015625
1100000101,11512,"[0, 3, 2, 1]",6300,188.7960433959961,False,9.18188720114459,17,0.00166015625
1100000101,11513,"[0, 1, 3, 2]",465,188.80963325500488,True,9.18188720114459,17,0.00166015625
1100000101,11514,"[0, 3, 2, 1]",6300,188.8282299041748,False,9.18188720114459,17,0.00166015625
1100000101,11515,"[0, 1, 3, 2]",465,188.8415813446045,True,9.18188720114459,17,0.00166015625
1100000101,11516,"[0, 3, 2, 1]",6300,188.8601779937744,False,9.18188720114459,17,0.00166015625
1100000101,11517,"[0, 1, 3, 2]",465,188.8735294342041,True,9.18188720114459,17,0.00166015625
1100010110,11518,"[0, 3, 2, 1]",6300,188.89236450195312,False,18.274426870775493,17,0.00166015625
1100010110,11519,"[0, 1, 3, 2]",465,188.90619277954102,True,18.274426870775493,17,0.00166015625
1100010110,11520,"[0, 3, 2, 1]",6300,188.92645835876465,False,18.274426870775493,17,0.00166015625
1100010110,11521,"[0, 1, 3, 2]",465,188.94028663635254,True,18.274426870775493,17,0.00166015625
1100010110,11522,"[0, 3, 2, 1]",6300,188.95864486694336,False,18.274426870775493,17,0.00166015625
1100010110,11523,"[0, 1, 3, 2]",465,188.97247314453125,True,18.274426870775493,17,0.00166015625
1100010110,11524,"[0, 3, 2, 1]",6300,188.99059295654297,False,18.274426870775493,17,0.00166015625
1100010110,11525,"[0, 1, 3, 2]",465,189.00442123413086,True,18.274426870775493,17,0.00166015625
1100010110,11526,"[0, 3, 2, 1]",6300,189.02254104614258,False,18.274426870775493,17,0.00166015625
1100010110,11527,"[0, 1, 3, 2]",465,189.03613090515137,True,18.274426870775493,17,0.00166015625
1100010110,11528,"[0, 3, 2, 1]",6300,189.0547275543213,False,18.274426870775493,17,0.00166015625
1100010110,11529,"[0, 1, 3, 2]",465,189.06784057617188,True,18.274426870775493,17,0.00166015625
1100010110,11530,"[0, 3, 2, 1]",6300,189.0861988067627,False,18.274426870775493,17,0.00166015625
1100010110,11531,"[0, 1, 3, 2]",465,189.09931182861328,True,18.274426870775493,17,0.00166015625
1100010110,11532,"[0, 3, 2, 1]",6300,189.12768363952637,False,18.274426870775493,17,0.00166015625
1100010110,11533,"[0, 1, 3, 2]",465,189.14198875427246,True,18.274426870775493,17,0.00166015625
1100010110,11534,"[0, 3, 2, 1]",6300,189.15987014770508,False,18.274426870775493,17,0.00166015625
1100010110,11535,"[0, 1, 3, 2]",465,189.17274475097656,True,18.274426870775493,17,0.00166015625
1100010110,11536,"[0, 3, 2, 1]",6300,189.19038772583008,False,18.274426870775493,17,0.00166015625
1100010110,11537,"[0, 1, 3, 2]",465,189.20302391052246,True,18.274426870775493,17,0.00166015625
1100010110,11538,"[0, 3, 2, 1]",6300,189.22066688537598,False,18.274426870775493,17,0.00166015625
1100010110,11539,"[0, 1, 3, 2]",465,189.23377990722656,True,18.274426870775493,17,0.00166015625
1100010110,11540,"[0, 3, 2, 1]",6300,189.2533302307129,False,18.274426870775493,17,0.00166015625
1100010110,11541,"[0, 1, 3, 2]",465,189.26596641540527,True,18.274426870775493,17,0.00166015625
1100010110,11542,"[0, 3, 2, 1]",6300,189.2838478088379,False,18.274426870775493,17,0.00166015625
1100010110,11543,"[0, 1, 3, 2]",465,189.29648399353027,True,18.274426870775493,17,0.00166015625
1100010110,11544,"[0, 3, 2, 1]",6300,189.3141269683838,False,18.274426870775493,17,0.00166015625
1100010110,11545,"[0, 1, 3, 2]",465,189.32723999023438,True,18.274426870775493,17,0.00166015625
1100010110,11546,"[0, 3, 2, 1]",6300,189.3446445465088,False,18.274426870775493,17,0.00166015625
1100010110,11547,"[0, 1, 3, 2]",465,189.35799598693848,True,18.274426870775493,17,0.00166015625
1100010110,11548,"[0, 3, 2, 1]",6300,189.375638961792,False,18.274426870775493,17,0.00166015625
1100010110,11549,"[0, 1, 3, 2]",465,189.38922882080078,True,18.274426870775493,17,0.00166015625
1100010110,11550,"[0, 3, 2, 1]",6300,189.4068717956543,False,18.274426870775493,17,0.00166015625
1100010110,11551,"[0, 1, 3, 2]",465,189.42022323608398,True,18.274426870775493,17,0.00166015625
1001100100,11552,"[2, 0, 3, 1]",6200,189.4378662109375,False,18.33427568419946,17,0.00166015625
1001100100,11553,"[2, 0, 1, 3]",500,189.4516944885254,True,18.33427568419946,17,0.00166015625
1001100100,11554,"[2, 0, 3, 1]",6200,189.4693374633789,False,18.33427568419946,17,0.00166015625
1001100100,11555,"[2, 0, 1, 3]",500,189.4829273223877,True,18.33427568419946,17,0.00166015625
1001100100,11556,"[2, 0, 3, 1]",6200,189.5010471343994,False,18.33427568419946,17,0.00166015625
1001100100,11557,"[2, 0, 1, 3]",500,189.51416015625,True,18.33427568419946,17,0.00166015625
1001100100,11558,"[2, 0, 3, 1]",6200,189.53204154968262,False,18.33427568419946,17,0.00166015625
1001100100,11559,"[2, 0, 1, 3]",500,189.5451545715332,True,18.33427568419946,17,0.00166015625
1001100100,11560,"[2, 0, 3, 1]",6200,189.56494331359863,False,18.33427568419946,17,0.00166015625
1001100100,11561,"[2, 0, 1, 3]",500,189.57901000976562,True,18.33427568419946,17,0.00166015625
1001100100,11562,"[2, 0, 3, 1]",6200,189.59856033325195,False,18.33427568419946,17,0.00166015625
1001100100,11563,"[2, 0, 1, 3]",500,189.61167335510254,True,18.33427568419946,17,0.00166015625
1001100100,11564,"[2, 0, 3, 1]",6200,189.62955474853516,False,18.33427568419946,17,0.00166015625
1001100100,11565,"[2, 0, 1, 3]",500,189.64290618896484,True,18.33427568419946,17,0.00166015625
1001100100,11566,"[2, 0, 3, 1]",6200,189.66078758239746,False,18.33427568419946,17,0.00166015625
1001100100,11567,"[2, 0, 1, 3]",500,189.67390060424805,True,18.33427568419946,17,0.00166015625
1001100100,11568,"[2, 0, 3, 1]",6200,189.69154357910156,False,18.33427568419946,17,0.00166015625
1001100100,11569,"[2, 0, 1, 3]",500,189.70465660095215,True,18.33427568419946,17,0.00166015625
1001100100,11570,"[2, 0, 3, 1]",6200,189.72206115722656,False,18.33427568419946,17,0.00166015625
1001100100,11571,"[2, 0, 1, 3]",500,189.73588943481445,True,18.33427568419946,17,0.00166015625
1001100100,11572,"[2, 0, 3, 1]",6200,189.75377082824707,False,18.33427568419946,17,0.00166015625
1001100100,11573,"[2, 0, 1, 3]",500,189.76783752441406,True,18.33427568419946,17,0.00166015625
1001100100,11574,"[2, 0, 3, 1]",6200,189.78571891784668,False,18.33427568419946,17,0.00166015625
1001100100,11575,"[2, 0, 1, 3]",500,189.79930877685547,True,18.33427568419946,17,0.00166015625
1001100100,11576,"[2, 0, 3, 1]",6200,189.8200511932373,False,18.33427568419946,17,0.00166015625
1001100100,11577,"[2, 0, 1, 3]",500,189.833402633667,True,18.33427568419946,17,0.00166015625
1001100100,11578,"[2, 0, 3, 1]",6200,189.8510456085205,False,18.33427568419946,17,0.00166015625
1001100100,11579,"[2, 0, 1, 3]",500,189.8646354675293,True,18.33427568419946,17,0.00166015625
1001100100,11580,"[2, 0, 3, 1]",6200,189.8822784423828,False,18.33427568419946,17,0.00166015625
1001100100,11581,"[2, 0, 1, 3]",500,189.8958683013916,True,18.33427568419946,17,0.00166015625
1001100100,11582,"[2, 0, 3, 1]",6200,189.91565704345703,False,18.33427568419946,17,0.00166015625
1001100100,11583,"[2, 0, 1, 3]",500,189.92877006530762,True,18.33427568419946,17,0.00166015625
1001100100,11584,"[2, 0, 3, 1]",6200,189.94688987731934,False,18.33427568419946,17,0.00166015625
1001100100,11585,"[2, 0, 1, 3]",500,189.95976448059082,True,18.33427568419946,17,0.00166015625
1000001111,11586,"[3, 0, 2, 1]",6300,189.97788429260254,False,18.409531892849856,17,0.00166015625
1000001111,11587,"[3, 0, 1, 2]",750,189.99099731445312,True,18.409531892849856,17,0.00166015625
1000001111,11588,"[3, 0, 2, 1]",6300,190.00887870788574,False,18.409531892849856,17,0.00166015625
1000001111,11589,"[3, 0, 1, 2]",750,190.02199172973633,True,18.409531892849856,17,0.00166015625
1000001111,11590,"[3, 0, 2, 1]",6300,190.03987312316895,False,18.409531892849856,17,0.00166015625
1000001111,11591,"[3, 0, 1, 2]",750,190.05322456359863,True,18.409531892849856,17,0.00166015625
1000001111,11592,"[3, 0, 2, 1]",6300,190.07086753845215,False,18.409531892849856,17,0.00166015625
1000001111,11593,"[3, 0, 1, 2]",750,190.08398056030273,True,18.409531892849856,17,0.00166015625
1000001111,11594,"[3, 0, 2, 1]",6300,190.10162353515625,False,18.409531892849856,17,0.00166015625
1000001111,11595,"[3, 0, 1, 2]",750,190.11473655700684,True,18.409531892849856,17,0.00166015625
1000001111,11596,"[3, 0, 2, 1]",6300,190.13237953186035,False,18.409531892849856,17,0.00166015625
1000001111,11597,"[3, 0, 1, 2]",750,190.14525413513184,True,18.409531892849856,17,0.00166015625
1000001111,11598,"[3, 0, 2, 1]",6300,190.16289710998535,False,18.409531892849856,17,0.00166015625
1000001111,11599,"[3, 0, 1, 2]",750,190.17624855041504,True,18.409531892849856,17,0.00166015625
1000001111,11600,"[3, 0, 2, 1]",6300,190.19412994384766,False,18.409531892849856,17,0.00166015625
1000001111,11601,"[3, 0, 1, 2]",750,190.20724296569824,True,18.409531892849856,17,0.00166015625
1000001111,11602,"[3, 0, 2, 1]",6300,190.22512435913086,False,18.409531892849856,17,0.00166015625
1000001111,11603,"[3, 0, 1, 2]",750,190.2618408203125,True,18.409531892849856,17,0.00166015625
1000001111,11604,"[3, 0, 2, 1]",6300,190.28186798095703,False,18.409531892849856,17,0.00166015625
1000001111,11605,"[3, 0, 1, 2]",750,190.29545783996582,True,18.409531892849856,17,0.00166015625
1000001111,11606,"[3, 0, 2, 1]",6300,190.31333923339844,False,18.409531892849856,17,0.00166015625
1000001111,11607,"[3, 0, 1, 2]",750,190.32669067382812,True,18.409531892849856,17,0.00166015625
1000001111,11608,"[3, 0, 2, 1]",6300,190.34433364868164,False,18.409531892849856,17,0.00166015625
1000001111,11609,"[3, 0, 1, 2]",750,190.35744667053223,True,18.409531892849856,17,0.00166015625
1000001111,11610,"[3, 0, 2, 1]",6300,190.37532806396484,False,18.409531892849856,17,0.00166015625
1000001111,11611,"[3, 0, 1, 2]",750,190.38891792297363,True,18.409531892849856,17,0.00166015625
1000001111,11612,"[3, 0, 2, 1]",6300,190.40870666503906,False,18.409531892849856,17,0.00166015625
1000001111,11613,"[3, 0, 1, 2]",750,190.42181968688965,True,18.409531892849856,17,0.00166015625
1000001111,11614,"[3, 0, 2, 1]",6300,190.43993949890137,False,18.409531892849856,17,0.00166015625
1000001111,11615,"[3, 0, 1, 2]",750,190.45281410217285,True,18.409531892849856,17,0.00166015625
1000001111,11616,"[3, 0, 2, 1]",6300,190.47117233276367,False,18.409531892849856,17,0.00166015625
1000001111,11617,"[3, 0, 1, 2]",750,190.48428535461426,True,18.409531892849856,17,0.00166015625
1000001111,11618,"[3, 0, 2, 1]",6300,190.50240516662598,False,18.409531892849856,17,0.00166015625
1000001111,11619,"[3, 0, 1, 2]",750,190.51527976989746,True,18.409531892849856,17,0.00166015625
0010100000,11620,"[2, 1, 3, 0]",9300,190.53339958190918,False,28.136129710583916,17,0.00166015625
0010100000,11621,"[2, 1, 0, 3]",600,190.54675102233887,True,28.136129710583916,17,0.00166015625
0010100000,11622,"[2, 1, 3, 0]",9300,190.5648708343506,False,28.136129710583916,17,0.00166015625
0010100000,11623,"[2, 1, 0, 3]",600,190.57798385620117,True,28.136129710583916,17,0.00166015625
0010100000,11624,"[2, 1, 3, 0]",9300,190.5975341796875,False,28.136129710583916,17,0.00166015625
0010100000,11625,"[2, 1, 0, 3]",600,190.6108856201172,True,28.136129710583916,17,0.00166015625
0010100000,11626,"[2, 1, 3, 0]",9300,190.6285285949707,False,28.136129710583916,17,0.00166015625
0010100000,11627,"[2, 1, 0, 3]",600,190.6416416168213,True,28.136129710583916,17,0.00166015625
0010100000,11628,"[2, 1, 3, 0]",9300,190.6595230102539,False,28.136129710583916,17,0.00166015625
0010100000,11629,"[2, 1, 0, 3]",600,190.6728744506836,True,28.136129710583916,17,0.00166015625
0010100000,11630,"[2, 1, 3, 0]",9300,190.6905174255371,False,28.136129710583916,17,0.00166015625
0010100000,11631,"[2, 1, 0, 3]",600,190.7038688659668,True,28.136129710583916,17,0.00166015625
0010100000,11632,"[2, 1, 3, 0]",9300,190.7215118408203,False,28.136129710583916,17,0.00166015625
0010100000,11633,"[2, 1, 0, 3]",600,190.7351016998291,True,28.136129710583916,17,0.00166015625
0010100000,11634,"[2, 1, 3, 0]",9300,190.75274467468262,False,28.136129710583916,17,0.00166015625
0010100000,11635,"[2, 1, 0, 3]",600,190.7660961151123,True,28.136129710583916,17,0.00166015625
0010100000,11636,"[2, 1, 3, 0]",9300,190.78350067138672,False,28.136129710583916,17,0.00166015625
0010100000,11637,"[2, 1, 0, 3]",600,190.7968521118164,True,28.136129710583916,17,0.00166015625
0010100000,11638,"[2, 1, 3, 0]",9300,190.81401824951172,False,28.136129710583916,17,0.00166015625
0010100000,11639,"[2, 1, 0, 3]",600,190.8273696899414,True,28.136129710583916,17,0.00166015625
0010100000,11640,"[2, 1, 3, 0]",9300,190.84477424621582,False,28.136129710583916,17,0.00166015625
0010100000,11641,"[2, 1, 0, 3]",600,190.8578872680664,True,28.136129710583916,17,0.00166015625
0010100000,11642,"[2, 1, 3, 0]",9300,190.87553024291992,False,28.136129710583916,17,0.00166015625
0010100000,11643,"[2, 1, 0, 3]",600,190.8888816833496,True,28.136129710583916,17,0.00166015625
0010100000,11644,"[2, 1, 3, 0]",9300,190.90652465820312,False,28.136129710583916,17,0.00166015625
0010100000,11645,"[2, 1, 0, 3]",600,190.9201145172119,True,28.136129710583916,17,0.00166015625
0010100000,11646,"[2, 1, 3, 0]",9300,190.93990325927734,False,28.136129710583916,17,0.00166015625
0010100000,11647,"[2, 1, 0, 3]",600,190.95277786254883,True,28.136129710583916,17,0.00166015625
0010100000,11648,"[2, 1, 3, 0]",9300,190.97042083740234,False,28.136129710583916,17,0.00166015625
0010100000,11649,"[2, 1, 0, 3]",600,190.99950790405273,True,28.136129710583916,17,0.00166015625
0010100000,11650,"[2, 1, 3, 0]",9300,191.01786613464355,False,28.136129710583916,17,0.00166015625
0010100000,11651,"[2, 1, 0, 3]",600,191.03169441223145,True,28.136129710583916,17,0.00166015625
0010100000,11652,"[2, 1, 3, 0]",9300,191.04981422424316,False,28.136129710583916,17,0.00166015625
0010100000,11653,"[2, 1, 0, 3]",600,191.06388092041016,True,28.136129710583916,17,0.00166015625
1100001100,11654,"[3, 0, 2, 1]",6300,191.08271598815918,False,14.272259421167831,17,0.00166015625
1100001100,11655,"[3, 0, 1, 2]",750,191.09678268432617,True,14.272259421167831,17,0.00166015625
1100001100,11656,"[3, 0, 2, 1]",6300,191.115140914917,False,14.272259421167831,17,0.00166015625
1100001100,11657,"[3, 0, 1, 2]",750,191.12920761108398,True,14.272259421167831,17,0.00166015625
1100001100,11658,"[3, 0, 2, 1]",6300,191.148042678833,False,14.272259421167831,17,0.00166015625
1100001100,11659,"[3, 0, 1, 2]",750,191.162109375,True,14.272259421167831,17,0.00166015625
1100001100,11660,"[3, 0, 2, 1]",6300,191.18070602416992,False,14.272259421167831,17,0.00166015625
1100001100,11661,"[3, 0, 1, 2]",750,191.19501113891602,True,14.272259421167831,17,0.00166015625
1100001100,11662,"[3, 0, 2, 1]",6300,191.21551513671875,False,14.272259421167831,17,0.00166015625
1100001100,11663,"[3, 0, 1, 2]",750,191.22982025146484,True,14.272259421167831,17,0.00166015625
1100001100,11664,"[3, 0, 2, 1]",6300,191.24865531921387,False,14.272259421167831,17,0.00166015625
1100001100,11665,"[3, 0, 1, 2]",750,191.26272201538086,True,14.272259421167831,17,0.00166015625
1100001100,11666,"[3, 0, 2, 1]",6300,191.2832260131836,False,14.272259421167831,17,0.00166015625
1100001100,11667,"[3, 0, 1, 2]",750,191.29681587219238,True,14.272259421167831,17,0.00166015625
1100001100,11668,"[3, 0, 2, 1]",6300,191.3156509399414,False,14.272259421167831,17,0.00166015625
1100001100,11669,"[3, 0, 1, 2]",750,191.3294792175293,True,14.272259421167831,17,0.00166015625
1100001100,11670,"[3, 0, 2, 1]",6300,191.34783744812012,False,14.272259421167831,17,0.00166015625
1100001100,11671,"[3, 0, 1, 2]",750,191.3619041442871,True,14.272259421167831,17,0.00166015625
1100001100,11672,"[3, 0, 2, 1]",6300,191.38073921203613,False,14.272259421167831,17,0.00166015625
1100001100,11673,"[3, 0, 1, 2]",750,191.39456748962402,True,14.272259421167831,17,0.00166015625
1100001100,11674,"[3, 0, 2, 1]",6300,191.42913818359375,False,14.272259421167831,17,0.00166015625
1100001100,11675,"[3, 0, 1, 2]",750,191.44320487976074,True,14.272259421167831,17,0.00166015625
1100001100,11676,"[3, 0, 2, 1]",6300,191.46180152893066,False,14.272259421167831,17,0.00166015625
1100001100,11677,"[3, 0, 1, 2]",750,191.47562980651855,True,14.272259421167831,17,0.00166015625
1100001100,11678,"[3, 0, 2, 1]",6300,191.49446487426758,False,14.272259421167831,17,0.00166015625
1100001100,11679,"[3, 0, 1, 2]",750,191.50853157043457,True,14.272259421167831,17,0.00166015625
1100001100,11680,"[3, 0, 2, 1]",6300,191.5278434753418,False,14.272259421167831,17,0.00166015625
1100001100,11681,"[3, 0, 1, 2]",750,191.5416717529297,True,14.272259421167831,17,0.00166015625
1100001100,11682,"[3, 0, 2, 1]",6300,191.5609836578369,False,14.272259421167831,17,0.00166015625
1100001100,11683,"[3, 0, 1, 2]",750,191.575288772583,True,14.272259421167831,17,0.00166015625
1100001100,11684,"[3, 0, 2, 1]",6300,191.59388542175293,False,14.272259421167831,17,0.00166015625
1100001100,11685,"[3, 0, 1, 2]",750,191.60819053649902,True,14.272259421167831,17,0.00166015625
1100001100,11686,"[3, 0, 2, 1]",6300,191.62750244140625,False,14.272259421167831,17,0.00166015625
1100001100,11687,"[3, 0, 1, 2]",750,191.64180755615234,True,14.272259421167831,17,0.00166015625
0100010101,11688,"[3, 2, 0, 1]",6600,191.66254997253418,False,17.718124370008205,17,0.00166015625
0100010101,11689,"[3, 2, 0, 1]",6600,191.67709350585938,True,17.718124370008205,17,0.00166015625
0100010101,11690,"[3, 2, 0, 1]",6600,191.6959285736084,False,17.718124370008205,17,0.00166015625
0100010101,11691,"[3, 2, 0, 1]",6600,191.7104721069336,True,17.718124370008205,17,0.00166015625
0100010101,11692,"[3, 2, 0, 1]",6600,191.72906875610352,False,17.718124370008205,17,0.00166015625
0100010101,11693,"[3, 2, 0, 1]",6600,191.7428970336914,True,17.718124370008205,17,0.00166015625
0100010101,11694,"[3, 2, 0, 1]",6600,191.76149368286133,False,17.718124370008205,17,0.00166015625
0100010101,11695,"[3, 2, 0, 1]",6600,191.77508354187012,True,17.718124370008205,17,0.00166015625
0100010101,11696,"[3, 2, 0, 1]",6600,191.8044090270996,False,17.718124370008205,17,0.00166015625
0100010101,11697,"[3, 2, 0, 1]",6600,191.8179988861084,True,17.718124370008205,17,0.00166015625
0100010101,11698,"[3, 2, 0, 1]",6600,191.83635711669922,False,17.718124370008205,17,0.00166015625
0100010101,11699,"[3, 2, 0, 1]",6600,191.85304641723633,True,17.718124370008205,17,0.00166015625
0100010101,11700,"[3, 2, 0, 1]",6600,191.88737869262695,False,17.718124370008205,17,0.00166015625
0100010101,11701,"[3, 2, 0, 1]",6600,191.90073013305664,True,17.718124370008205,17,0.00166015625
0100010101,11702,"[3, 2, 0, 1]",6600,191.91980361938477,False,17.718124370008205,17,0.00166015625
0100010101,11703,"[3, 2, 0, 1]",6600,191.93339347839355,True,17.718124370008205,17,0.00166015625
0100010101,11704,"[3, 2, 0, 1]",6600,191.95199012756348,False,17.718124370008205,17,0.00166015625
0100010101,11705,"[3, 2, 0, 1]",6600,191.96557998657227,True,17.718124370008205,17,0.00166015625
0100010101,11706,"[3, 2, 0, 1]",6600,191.9839382171631,False,17.718124370008205,17,0.00166015625
0100010101,11707,"[3, 2, 0, 1]",6600,191.99776649475098,True,17.718124370008205,17,0.00166015625
0100010101,11708,"[3, 2, 0, 1]",6600,192.0187473297119,False,17.718124370008205,17,0.00166015625
0100010101,11709,"[3, 2, 0, 1]",6600,192.0325756072998,True,17.718124370008205,17,0.00166015625
0100010101,11710,"[3, 2, 0, 1]",6600,192.05164909362793,False,17.718124370008205,17,0.00166015625
0100010101,11711,"[3, 2, 0, 1]",6600,192.06547737121582,True,17.718124370008205,17,0.00166015625
0100010101,11712,"[3, 2, 0, 1]",6600,192.08455085754395,False,17.718124370008205,17,0.00166015625
0100010101,11713,"[3, 2, 0, 1]",6600,192.09861755371094,True,17.718124370008205,17,0.00166015625
0100010101,11714,"[3, 2, 0, 1]",6600,192.11912155151367,False,17.718124370008205,17,0.00166015625
0100010101,11715,"[3, 2, 0, 1]",6600,192.13294982910156,True,17.718124370008205,17,0.00166015625
0100010101,11716,"[3, 2, 0, 1]",6600,192.15154647827148,False,17.718124370008205,17,0.00166015625
0100010101,11717,"[3, 2, 0, 1]",6600,192.16537475585938,True,17.718124370008205,17,0.00166015625
0100010101,11718,"[3, 2, 0, 1]",6600,192.1837329864502,False,17.718124370008205,17,0.00166015625
0100010101,11719,"[3, 2, 0, 1]",6600,192.1975612640381,True,17.718124370008205,17,0.00166015625
0100010101,11720,"[3, 2, 0, 1]",6600,192.22640991210938,False,17.718124370008205,17,0.00166015625
0100010101,11721,"[3, 2, 0, 1]",6600,192.23976135253906,True,17.718124370008205,17,0.00166015625
0110101101,11722,"[3, 2, 1, 0]",9600,192.25811958312988,False,27.817921024601603,17,0.00166015625
0110101101,11723,"[3, 2, 1, 0]",9600,192.27170944213867,True,27.817921024601603,17,0.00166015625
0110101101,11724,"[3, 2, 1, 0]",9600,192.2903060913086,False,27.817921024601603,17,0.00166015625
0110101101,11725,"[3, 2, 1, 0]",9600,192.30341911315918,True,27.817921024601603,17,0.00166015625
0110101101,11726,"[3, 2, 1, 0]",9600,192.32177734375,False,27.817921024601603,17,0.00166015625
0110101101,11727,"[3, 2, 1, 0]",9600,192.3353672027588,True,27.817921024601603,17,0.00166015625
0110101101,11728,"[3, 2, 1, 0]",9600,192.3534870147705,False,27.817921024601603,17,0.00166015625
0110101101,11729,"[3, 2, 1, 0]",9600,192.3670768737793,True,27.817921024601603,17,0.00166015625
0110101101,11730,"[3, 2, 1, 0]",9600,192.38662719726562,False,27.817921024601603,17,0.00166015625
0110101101,11731,"[3, 2, 1, 0]",9600,192.3997402191162,True,27.817921024601603,17,0.00166015625
0110101101,11732,"[3, 2, 1, 0]",9600,192.41786003112793,False,27.817921024601603,17,0.00166015625
0110101101,11733,"[3, 2, 1, 0]",9600,192.4307346343994,True,27.817921024601603,17,0.00166015625
0110101101,11734,"[3, 2, 1, 0]",9600,192.44909286499023,False,27.817921024601603,17,0.00166015625
0110101101,11735,"[3, 2, 1, 0]",9600,192.46244430541992,True,27.817921024601603,17,0.00166015625
0110101101,11736,"[3, 2, 1, 0]",9600,192.48056411743164,False,27.817921024601603,17,0.00166015625
0110101101,11737,"[3, 2, 1, 0]",9600,192.49439239501953,True,27.817921024601603,17,0.00166015625
0110101101,11738,"[3, 2, 1, 0]",9600,192.51275062561035,False,27.817921024601603,17,0.00166015625
0110101101,11739,"[3, 2, 1, 0]",9600,192.52657890319824,True,27.817921024601603,17,0.00166015625
0110101101,11740,"[3, 2, 1, 0]",9600,192.54446029663086,False,27.817921024601603,17,0.00166015625
0110101101,11741,"[3, 2, 1, 0]",9600,192.55876541137695,True,27.817921024601603,17,0.00166015625
0110101101,11742,"[3, 2, 1, 0]",9600,192.57664680480957,False,27.817921024601603,17,0.00166015625
0110101101,11743,"[3, 2, 1, 0]",9600,192.59071350097656,True,27.817921024601603,17,0.00166015625
0110101101,11744,"[3, 2, 1, 0]",9600,192.6109790802002,False,27.817921024601603,17,0.00166015625
0110101101,11745,"[3, 2, 1, 0]",9600,192.62456893920898,True,27.817921024601603,17,0.00166015625
0110101101,11746,"[3, 2, 1, 0]",9600,192.6429271697998,False,27.817921024601603,17,0.00166015625
0110101101,11747,"[3, 2, 1, 0]",9600,192.6562786102295,True,27.817921024601603,17,0.00166015625
0110101101,11748,"[3, 2, 1, 0]",9600,192.6746368408203,False,27.817921024601603,17,0.00166015625
0110101101,11749,"[3, 2, 1, 0]",9600,192.6884651184082,True,27.817921024601603,17,0.00166015625
0110101101,11750,"[3, 2, 1, 0]",9600,192.70849227905273,False,27.817921024601603,17,0.00166015625
0110101101,11751,"[3, 2, 1, 0]",9600,192.72208213806152,True,27.817921024601603,17,0.00166015625
0110101101,11752,"[3, 2, 1, 0]",9600,192.74020195007324,False,27.817921024601603,17,0.00166015625
0110101101,11753,"[3, 2, 1, 0]",9600,192.75355339050293,True,27.817921024601603,17,0.00166015625
0110101101,11754,"[3, 2, 1, 0]",9600,192.77167320251465,False,27.817921024601603,17,0.00166015625
0110101101,11755,"[3, 2, 1, 0]",9600,192.78478622436523,True,27.817921024601603,17,0.00166015625
0101110111,11756,"[2, 3, 1, 0]",9600,192.80290603637695,False,23.726652881746467,17,0.00166015625
0101110111,11757,"[2, 3, 1, 0]",9600,192.81649589538574,True,23.726652881746467,17,0.00166015625
0101110111,11758,"[2, 3, 1, 0]",9600,192.83461570739746,False,23.726652881746467,17,0.00166015625
0101110111,11759,"[2, 3, 1, 0]",9600,192.84844398498535,True,23.726652881746467,17,0.00166015625
0101110111,11760,"[2, 3, 1, 0]",9600,192.86680221557617,False,23.726652881746467,17,0.00166015625
0101110111,11761,"[2, 3, 1, 0]",9600,192.88039207458496,True,23.726652881746467,17,0.00166015625
0101110111,11762,"[2, 3, 1, 0]",9600,192.89898872375488,False,23.726652881746467,17,0.00166015625
0101110111,11763,"[2, 3, 1, 0]",9600,192.91281700134277,True,23.726652881746467,17,0.00166015625
0101110111,11764,"[2, 3, 1, 0]",9600,192.9328441619873,False,23.726652881746467,17,0.00166015625
0101110111,11765,"[2, 3, 1, 0]",9600,192.9464340209961,True,23.726652881746467,17,0.00166015625
0101110111,11766,"[2, 3, 1, 0]",9600,192.9645538330078,False,23.726652881746467,17,0.00166015625
0101110111,11767,"[2, 3, 1, 0]",9600,192.9776668548584,True,23.726652881746467,17,0.00166015625
0101110111,11768,"[2, 3, 1, 0]",9600,192.99554824829102,False,23.726652881746467,17,0.00166015625
0101110111,11769,"[2, 3, 1, 0]",9600,193.0086612701416,True,23.726652881746467,17,0.00166015625
0101110111,11770,"[2, 3, 1, 0]",9600,193.02725791931152,False,23.726652881746467,17,0.00166015625
0101110111,11771,"[2, 3, 1, 0]",9600,193.0406093597412,True,23.726652881746467,17,0.00166015625
0101110111,11772,"[2, 3, 1, 0]",9600,193.06206703186035,False,23.726652881746467,17,0.00166015625
0101110111,11773,"[2, 3, 1, 0]",9600,193.07541847229004,True,23.726652881746467,17,0.00166015625
0101110111,11774,"[2, 3, 1, 0]",9600,193.09353828430176,False,23.726652881746467,17,0.00166015625
0101110111,11775,"[2, 3, 1, 0]",9600,193.10688972473145,True,23.726652881746467,17,0.00166015625
0101110111,11776,"[2, 3, 1, 0]",9600,193.12500953674316,False,23.726652881746467,17,0.00166015625
0101110111,11777,"[2, 3, 1, 0]",9600,193.13836097717285,True,23.726652881746467,17,0.00166015625
0101110111,11778,"[2, 3, 1, 0]",9600,193.15624237060547,False,23.726652881746467,17,0.00166015625
0101110111,11779,"[2, 3, 1, 0]",9600,193.16959381103516,True,23.726652881746467,17,0.00166015625
0101110111,11780,"[2, 3, 1, 0]",9600,193.18747520446777,False,23.726652881746467,17,0.00166015625
0101110111,11781,"[2, 3, 1, 0]",9600,193.20082664489746,True,23.726652881746467,17,0.00166015625
0101110111,11782,"[2, 3, 1, 0]",9600,193.21894645690918,False,23.726652881746467,17,0.00166015625
0101110111,11783,"[2, 3, 1, 0]",9600,193.23277473449707,True,23.726652881746467,17,0.00166015625
0101110111,11784,"[2, 3, 1, 0]",9600,193.2511329650879,False,23.726652881746467,17,0.00166015625
0101110111,11785,"[2, 3, 1, 0]",9600,193.26496124267578,True,23.726652881746467,17,0.00166015625
0101110111,11786,"[2, 3, 1, 0]",9600,193.2830810546875,False,23.726652881746467,17,0.00166015625
0101110111,11787,"[2, 3, 1, 0]",9600,193.2964324951172,True,23.726652881746467,17,0.00166015625
0101110111,11788,"[2, 3, 1, 0]",9600,193.3145523071289,False,23.726652881746467,17,0.00166015625
0101110111,11789,"[2, 3, 1, 0]",9600,193.3281421661377,True,23.726652881746467,17,0.00166015625
1101001000,11790,"[0, 3, 1, 2]",750,193.3462619781494,False,14.871502878322456,17,0.00166015625
1101001000,11791,"[0, 1, 3, 2]",465,193.3608055114746,True,14.871502878322456,17,0.00166015625
1101001000,11792,"[0, 3, 1, 2]",750,193.38154792785645,False,14.871502878322456,17,0.00166015625
1101001000,11793,"[0, 1, 3, 2]",465,193.39561462402344,True,14.871502878322456,17,0.00166015625
1101001000,11794,"[0, 3, 1, 2]",750,193.41421127319336,False,14.871502878322456,17,0.00166015625
1101001000,11795,"[0, 1, 3, 2]",465,193.42803955078125,True,14.871502878322456,17,0.00166015625
1101001000,11796,"[0, 3, 1, 2]",750,193.44663619995117,False,14.871502878322456,17,0.00166015625
1101001000,11797,"[0, 1, 3, 2]",465,193.46022605895996,True,14.871502878322456,17,0.00166015625
1101001000,11798,"[0, 3, 1, 2]",750,193.47882270812988,False,14.871502878322456,17,0.00166015625
1101001000,11799,"[0, 1, 3, 2]",465,193.49241256713867,True,14.871502878322456,17,0.00166015625
1101001000,11800,"[0, 3, 1, 2]",750,193.5107707977295,False,14.871502878322456,17,0.00166015625
1101001000,11801,"[0, 1, 3, 2]",465,193.52412223815918,True,14.871502878322456,17,0.00166015625
1101001000,11802,"[0, 3, 1, 2]",750,193.54248046875,False,14.871502878322456,17,0.00166015625
1101001000,11803,"[0, 1, 3, 2]",465,193.5560703277588,True,14.871502878322456,17,0.00166015625
1101001000,11804,"[0, 3, 1, 2]",750,193.5741901397705,False,14.871502878322456,17,0.00166015625
1101001000,11805,"[0, 1, 3, 2]",465,193.5877799987793,True,14.871502878322456,17,0.00166015625
1101001000,11806,"[0, 3, 1, 2]",750,193.60637664794922,False,14.871502878322456,17,0.00166015625
1101001000,11807,"[0, 1, 3, 2]",465,193.6197280883789,True,14.871502878322456,17,0.00166015625
1101001000,11808,"[0, 3, 1, 2]",750,193.63808631896973,False,14.871502878322456,17,0.00166015625
1101001000,11809,"[0, 1, 3, 2]",465,193.6514377593994,True,14.871502878322456,17,0.00166015625
1101001000,11810,"[0, 3, 1, 2]",750,193.66979598999023,False,14.871502878322456,17,0.00166015625
1101001000,11811,"[0, 1, 3, 2]",465,193.68314743041992,True,14.871502878322456,17,0.00166015625
1101001000,11812,"[0, 3, 1, 2]",750,193.70388984680176,False,14.871502878322456,17,0.00166015625
1101001000,11813,"[0, 1, 3, 2]",465,193.71795654296875,True,14.871502878322456,17,0.00166015625
1101001000,11814,"[0, 3, 1, 2]",750,193.73822212219238,False,14.871502878322456,17,0.00166015625
1101001000,11815,"[0, 1, 3, 2]",465,193.75181198120117,True,14.871502878322456,17,0.00166015625
1101001000,11816,"[0, 3, 1, 2]",750,193.7699317932129,False,14.871502878322456,17,0.00166015625
1101001000,11817,"[0, 1, 3, 2]",465,193.78352165222168,True,14.871502878322456,17,0.00166015625
1101001000,11818,"[0, 3, 1, 2]",750,193.81141662597656,False,14.871502878322456,17,0.00166015625
1101001000,11819,"[0, 1, 3, 2]",465,193.82405281066895,True,14.871502878322456,17,0.00166015625
1101001000,11820,"[0, 3, 1, 2]",750,193.84145736694336,False,14.871502878322456,17,0.00166015625
1101001000,11821,"[0, 1, 3, 2]",465,193.85433197021484,True,14.871502878322456,17,0.00166015625
1101001000,11822,"[0, 3, 1, 2]",750,193.87173652648926,False,14.871502878322456,17,0.00166015625
1101001000,11823,"[0, 1, 3, 2]",465,193.88461112976074,True,14.871502878322456,17,0.00166015625
0110010011,11824,"[1, 2, 0, 3]",600,193.90249252319336,False,11.723687181133236,17,0.00166015625
0110010011,11825,"[1, 0, 2, 3]",315,193.91584396362305,True,11.723687181133236,17,0.00166015625
0110010011,11826,"[1, 2, 0, 3]",600,193.93324851989746,False,11.723687181133236,17,0.00166015625
0110010011,11827,"[1, 0, 2, 3]",315,193.94636154174805,True,11.723687181133236,17,0.00166015625
0110010011,11828,"[1, 2, 0, 3]",600,193.96400451660156,False,11.723687181133236,17,0.00166015625
0110010011,11829,"[1, 0, 2, 3]",315,193.97687911987305,True,11.723687181133236,17,0.00166015625
0110010011,11830,"[1, 2, 0, 3]",600,193.99452209472656,False,11.723687181133236,17,0.00166015625
0110010011,11831,"[1, 0, 2, 3]",315,194.00763511657715,True,11.723687181133236,17,0.00166015625
0110010011,11832,"[1, 2, 0, 3]",600,194.02503967285156,False,11.723687181133236,17,0.00166015625
0110010011,11833,"[1, 0, 2, 3]",315,194.03839111328125,True,11.723687181133236,17,0.00166015625
0110010011,11834,"[1, 2, 0, 3]",600,194.05794143676758,False,11.723687181133236,17,0.00166015625
0110010011,11835,"[1, 0, 2, 3]",315,194.07105445861816,True,11.723687181133236,17,0.00166015625
0110010011,11836,"[1, 2, 0, 3]",600,194.08845901489258,False,11.723687181133236,17,0.00166015625
0110010011,11837,"[1, 0, 2, 3]",315,194.10157203674316,True,11.723687181133236,17,0.00166015625
0110010011,11838,"[1, 2, 0, 3]",600,194.11921501159668,False,11.723687181133236,17,0.00166015625
0110010011,11839,"[1, 0, 2, 3]",315,194.13256645202637,True,11.723687181133236,17,0.00166015625
0110010011,11840,"[1, 2, 0, 3]",600,194.15020942687988,False,11.723687181133236,17,0.00166015625
0110010011,11841,"[1, 0, 2, 3]",315,194.16332244873047,True,11.723687181133236,17,0.00166015625
0110010011,11842,"[1, 2, 0, 3]",600,194.18096542358398,False,11.723687181133236,17,0.00166015625
0110010011,11843,"[1, 0, 2, 3]",315,194.19384002685547,True,11.723687181133236,17,0.00166015625
0110010011,11844,"[1, 2, 0, 3]",600,194.21148300170898,False,11.723687181133236,17,0.00166015625
0110010011,11845,"[1, 0, 2, 3]",315,194.22483444213867,True,11.723687181133236,17,0.00166015625
0110010011,11846,"[1, 2, 0, 3]",600,194.2422389984131,False,11.723687181133236,17,0.00166015625
0110010011,11847,"[1, 0, 2, 3]",315,194.25535202026367,True,11.723687181133236,17,0.00166015625
0110010011,11848,"[1, 2, 0, 3]",600,194.2729949951172,False,11.723687181133236,17,0.00166015625
0110010011,11849,"[1, 0, 2, 3]",315,194.28610801696777,True,11.723687181133236,17,0.00166015625
0110010011,11850,"[1, 2, 0, 3]",600,194.3037509918213,False,11.723687181133236,17,0.00166015625
0110010011,11851,"[1, 0, 2, 3]",315,194.31662559509277,True,11.723687181133236,17,0.00166015625
0110010011,11852,"[1, 2, 0, 3]",600,194.3347454071045,False,11.723687181133236,17,0.00166015625
0110010011,11853,"[1, 0, 2, 3]",315,194.34762001037598,True,11.723687181133236,17,0.00166015625
0110010011,11854,"[1, 2, 0, 3]",600,194.3655014038086,False,11.723687181133236,17,0.00166015625
0110010011,11855,"[1, 0, 2, 3]",315,194.37885284423828,True,11.723687181133236,17,0.00166015625
0110010011,11856,"[1, 2, 0, 3]",600,194.3981647491455,False,11.723687181133236,17,0.00166015625
0110010011,11857,"[1, 0, 2, 3]",315,194.4115161895752,True,11.723687181133236,17,0.00166015625
0011100010,11858,"[1, 2, 3, 0]",9300,194.4291591644287,False,15.565077850771768,17,0.00166015625
0011100010,11859,"[1, 0, 2, 3]",315,194.4427490234375,True,15.565077850771768,17,0.00166015625
0011100010,11860,"[1, 2, 3, 0]",9300,194.46039199829102,False,15.565077850771768,17,0.00166015625
0011100010,11861,"[1, 0, 2, 3]",315,194.4737434387207,True,15.565077850771768,17,0.00166015625
0011100010,11862,"[1, 2, 3, 0]",9300,194.49162483215332,False,15.565077850771768,17,0.00166015625
0011100010,11863,"[1, 0, 2, 3]",315,194.5056915283203,True,15.565077850771768,17,0.00166015625
0011100010,11864,"[1, 2, 3, 0]",9300,194.52500343322754,False,15.565077850771768,17,0.00166015625
0011100010,11865,"[1, 0, 2, 3]",315,194.53907012939453,True,15.565077850771768,17,0.00166015625
0011100010,11866,"[1, 2, 3, 0]",9300,194.55718994140625,False,15.565077850771768,17,0.00166015625
0011100010,11867,"[1, 0, 2, 3]",315,194.57030296325684,True,15.565077850771768,17,0.00166015625
0011100010,11868,"[1, 2, 3, 0]",9300,194.58818435668945,False,15.565077850771768,17,0.00166015625
0011100010,11869,"[1, 0, 2, 3]",315,194.60129737854004,True,15.565077850771768,17,0.00166015625
0011100010,11870,"[1, 2, 3, 0]",9300,194.61894035339355,False,15.565077850771768,17,0.00166015625
0011100010,11871,"[1, 0, 2, 3]",315,194.63205337524414,True,15.565077850771768,17,0.00166015625
0011100010,11872,"[1, 2, 3, 0]",9300,194.64945793151855,False,15.565077850771768,17,0.00166015625
0011100010,11873,"[1, 0, 2, 3]",315,194.66280937194824,True,15.565077850771768,17,0.00166015625
0011100010,11874,"[1, 2, 3, 0]",9300,194.68021392822266,False,15.565077850771768,17,0.00166015625
0011100010,11875,"[1, 0, 2, 3]",315,194.69356536865234,True,15.565077850771768,17,0.00166015625
0011100010,11876,"[1, 2, 3, 0]",9300,194.71263885498047,False,15.565077850771768,17,0.00166015625
0011100010,11877,"[1, 0, 2, 3]",315,194.72622871398926,True,15.565077850771768,17,0.00166015625
0011100010,11878,"[1, 2, 3, 0]",9300,194.74387168884277,False,15.565077850771768,17,0.00166015625
0011100010,11879,"[1, 0, 2, 3]",315,194.75698471069336,True,15.565077850771768,17,0.00166015625
0011100010,11880,"[1, 2, 3, 0]",9300,194.77462768554688,False,15.565077850771768,17,0.00166015625
0011100010,11881,"[1, 0, 2, 3]",315,194.78797912597656,True,15.565077850771768,17,0.00166015625
0011100010,11882,"[1, 2, 3, 0]",9300,194.80562210083008,False,15.565077850771768,17,0.00166015625
0011100010,11883,"[1, 0, 2, 3]",315,194.81873512268066,True,15.565077850771768,17,0.00166015625
0011100010,11884,"[1, 2, 3, 0]",9300,194.83637809753418,False,15.565077850771768,17,0.00166015625
0011100010,11885,"[1, 0, 2, 3]",315,194.84949111938477,True,15.565077850771768,17,0.00166015625
0011100010,11886,"[1, 2, 3, 0]",9300,194.86689567565918,False,15.565077850771768,17,0.00166015625
0011100010,11887,"[1, 0, 2, 3]",315,194.88000869750977,True,15.565077850771768,17,0.00166015625
0011100010,11888,"[1, 2, 3, 0]",9300,194.89741325378418,False,15.565077850771768,17,0.00166015625
0011100010,11889,"[1, 0, 2, 3]",315,194.91028785705566,True,15.565077850771768,17,0.00166015625
0011100010,11890,"[1, 2, 3, 0]",9300,194.92793083190918,False,15.565077850771768,17,0.00166015625
0011100010,11891,"[1, 0, 2, 3]",315,194.94104385375977,True,15.565077850771768,17,0.00166015625
1001001100,11892,"[3, 0, 1, 2]",750,194.95916366577148,False,17.175666353837993,17,0.00166015625
1001001100,11893,"[3, 0, 1, 2]",750,194.97299194335938,True,17.175666353837993,17,0.00166015625
1001001100,11894,"[3, 0, 1, 2]",750,194.9911117553711,False,17.175666353837993,17,0.00166015625
1001001100,11895,"[3, 0, 1, 2]",750,195.00422477722168,True,17.175666353837993,17,0.00166015625
1001001100,11896,"[3, 0, 1, 2]",750,195.0223445892334,False,17.175666353837993,17,0.00166015625
1001001100,11897,"[3, 0, 1, 2]",750,195.03545761108398,True,17.175666353837993,17,0.00166015625
1001001100,11898,"[3, 0, 1, 2]",750,195.0550079345703,False,17.175666353837993,17,0.00166015625
1001001100,11899,"[3, 0, 1, 2]",750,195.068359375,True,17.175666353837993,17,0.00166015625
1001001100,11900,"[3, 0, 1, 2]",750,195.0857639312744,False,17.175666353837993,17,0.00166015625
1001001100,11901,"[3, 0, 1, 2]",750,195.0991153717041,True,17.175666353837993,17,0.00166015625
1001001100,11902,"[3, 0, 1, 2]",750,195.11651992797852,False,17.175666353837993,17,0.00166015625
1001001100,11903,"[3, 0, 1, 2]",750,195.12939453125,True,17.175666353837993,17,0.00166015625
1001001100,11904,"[3, 0, 1, 2]",750,195.1465606689453,False,17.175666353837993,17,0.00166015625
1001001100,11905,"[3, 0, 1, 2]",750,195.1594352722168,True,17.175666353837993,17,0.00166015625
1001001100,11906,"[3, 0, 1, 2]",750,195.1768398284912,False,17.175666353837993,17,0.00166015625
1001001100,11907,"[3, 0, 1, 2]",750,195.1901912689209,True,17.175666353837993,17,0.00166015625
1001001100,11908,"[3, 0, 1, 2]",750,195.2078342437744,False,17.175666353837993,17,0.00166015625
1001001100,11909,"[3, 0, 1, 2]",750,195.2214241027832,True,17.175666353837993,17,0.00166015625
1001001100,11910,"[3, 0, 1, 2]",750,195.23906707763672,False,17.175666353837993,17,0.00166015625
1001001100,11911,"[3, 0, 1, 2]",750,195.2524185180664,True,17.175666353837993,17,0.00166015625
1001001100,11912,"[3, 0, 1, 2]",750,195.27173042297363,False,17.175666353837993,17,0.00166015625
1001001100,11913,"[3, 0, 1, 2]",750,195.28555870056152,True,17.175666353837993,17,0.00166015625
1001001100,11914,"[3, 0, 1, 2]",750,195.30558586120605,False,17.175666353837993,17,0.00166015625
1001001100,11915,"[3, 0, 1, 2]",750,195.31869888305664,True,17.175666353837993,17,0.00166015625
1001001100,11916,"[3, 0, 1, 2]",750,195.33610343933105,False,17.175666353837993,17,0.00166015625
1001001100,11917,"[3, 0, 1, 2]",750,195.34921646118164,True,17.175666353837993,17,0.00166015625
1001001100,11918,"[3, 0, 1, 2]",750,195.36924362182617,False,17.175666353837993,17,0.00166015625
1001001100,11919,"[3, 0, 1, 2]",750,195.38187980651855,True,17.175666353837993,17,0.00166015625
1001001100,11920,"[3, 0, 1, 2]",750,195.39952278137207,False,17.175666353837993,17,0.00166015625
1001001100,11921,"[3, 0, 1, 2]",750,195.41287422180176,True,17.175666353837993,17,0.00166015625
1001001100,11922,"[3, 0, 1, 2]",750,195.43051719665527,False,17.175666353837993,17,0.00166015625
1001001100,11923,"[3, 0, 1, 2]",750,195.44363021850586,True,17.175666353837993,17,0.00166015625
1001001100,11924,"[3, 0, 1, 2]",750,195.46127319335938,False,17.175666353837993,17,0.00166015625
1001001100,11925,"[3, 0, 1, 2]",750,195.47438621520996,True,17.175666353837993,17,0.00166015625
1110010000,11926,"[0, 1, 2, 3]",315,195.49202919006348,False,14.030112208683924,17,0.00166015625
1110010000,11927,"[0, 1, 2, 3]",315,195.50561904907227,True,14.030112208683924,17,0.00166015625
1110010000,11928,"[0, 1, 2, 3]",315,195.52302360534668,False,14.030112208683924,17,0.00166015625
1110010000,11929,"[0, 1, 2, 3]",315,195.53613662719727,True,14.030112208683924,17,0.00166015625
1110010000,11930,"[0, 1, 2, 3]",315,195.55354118347168,False,14.030112208683924,17,0.00166015625
1110010000,11931,"[0, 1, 2, 3]",315,195.56641578674316,True,14.030112208683924,17,0.00166015625
1110010000,11932,"[0, 1, 2, 3]",315,195.58382034301758,False,14.030112208683924,17,0.00166015625
1110010000,11933,"[0, 1, 2, 3]",315,195.59693336486816,True,14.030112208683924,17,0.00166015625
1110010000,11934,"[0, 1, 2, 3]",315,195.61457633972168,False,14.030112208683924,17,0.00166015625
1110010000,11935,"[0, 1, 2, 3]",315,195.62768936157227,True,14.030112208683924,17,0.00166015625
1110010000,11936,"[0, 1, 2, 3]",315,195.64533233642578,False,14.030112208683924,17,0.00166015625
1110010000,11937,"[0, 1, 2, 3]",315,195.65820693969727,True,14.030112208683924,17,0.00166015625
1110010000,11938,"[0, 1, 2, 3]",315,195.67584991455078,False,14.030112208683924,17,0.00166015625
1110010000,11939,"[0, 1, 2, 3]",315,195.68872451782227,True,14.030112208683924,17,0.00166015625
1110010000,11940,"[0, 1, 2, 3]",315,195.7080364227295,False,14.030112208683924,17,0.00166015625
1110010000,11941,"[0, 1, 2, 3]",315,195.72067260742188,True,14.030112208683924,17,0.00166015625
1110010000,11942,"[0, 1, 2, 3]",315,195.7380771636963,False,14.030112208683924,17,0.00166015625
1110010000,11943,"[0, 1, 2, 3]",315,195.75047492980957,True,14.030112208683924,17,0.00166015625
1110010000,11944,"[0, 1, 2, 3]",315,195.7681179046631,False,14.030112208683924,17,0.00166015625
1110010000,11945,"[0, 1, 2, 3]",315,195.78075408935547,True,14.030112208683924,17,0.00166015625
1110010000,11946,"[0, 1, 2, 3]",315,195.79815864562988,False,14.030112208683924,17,0.00166015625
1110010000,11947,"[0, 1, 2, 3]",315,195.81103324890137,True,14.030112208683924,17,0.00166015625
1110010000,11948,"[0, 1, 2, 3]",315,195.82843780517578,False,14.030112208683924,17,0.00166015625
1110010000,11949,"[0, 1, 2, 3]",315,195.8456039428711,True,14.030112208683924,17,0.00166015625
1110010000,11950,"[0, 1, 2, 3]",315,195.8637237548828,False,14.030112208683924,17,0.00166015625
1110010000,11951,"[0, 1, 2, 3]",315,195.89972496032715,True,14.030112208683924,17,0.00166015625
1110010000,11952,"[0, 1, 2, 3]",315,195.91784477233887,False,14.030112208683924,17,0.00166015625
1110010000,11953,"[0, 1, 2, 3]",315,195.93071937561035,True,14.030112208683924,17,0.00166015625
1110010000,11954,"[0, 1, 2, 3]",315,195.94788551330566,False,14.030112208683924,17,0.00166015625
1110010000,11955,"[0, 1, 2, 3]",315,195.96123695373535,True,14.030112208683924,17,0.00166015625
1110010000,11956,"[0, 1, 2, 3]",315,195.97864151000977,False,14.030112208683924,17,0.00166015625
1110010000,11957,"[0, 1, 2, 3]",315,195.99175453186035,True,14.030112208683924,17,0.00166015625
1110010000,11958,"[0, 1, 2, 3]",315,196.00892066955566,False,14.030112208683924,17,0.00166015625
1110010000,11959,"[0, 1, 2, 3]",315,196.02227210998535,True,14.030112208683924,17,0.00166015625
0100010011,11960,"[2, 0, 3, 1]",6200,196.04110717773438,False,18.692679049617418,16,0.0015625
0100010011,11961,"[2, 0, 1, 3]",500,196.05517387390137,True,18.692679049617418,16,0.0015625
0100010011,11962,"[2, 0, 3, 1]",6200,196.07305526733398,False,18.692679049617418,16,0.0015625
0100010011,11963,"[2, 0, 1, 3]",500,196.08640670776367,True,18.692679049617418,16,0.0015625
0100010011,11964,"[2, 0, 3, 1]",6200,196.1045265197754,False,18.692679049617418,16,0.0015625
0100010011,11965,"[2, 0, 1, 3]",500,196.11787796020508,True,18.692679049617418,16,0.0015625
0100010011,11966,"[2, 0, 3, 1]",6200,196.1374282836914,False,18.692679049617418,16,0.0015625
0100010011,11967,"[2, 0, 1, 3]",500,196.1510181427002,True,18.692679049617418,16,0.0015625
0100010011,11968,"[2, 0, 3, 1]",6200,196.1684226989746,False,18.692679049617418,16,0.0015625
0100010011,11969,"[2, 0, 1, 3]",500,196.1817741394043,True,18.692679049617418,16,0.0015625
0100010011,11970,"[2, 0, 3, 1]",6200,196.1994171142578,False,18.692679049617418,16,0.0015625
0100010011,11971,"[2, 0, 1, 3]",500,196.2122917175293,True,18.692679049617418,16,0.0015625
0100010011,11972,"[2, 0, 3, 1]",6200,196.23041152954102,False,18.692679049617418,16,0.0015625
0100010011,11973,"[2, 0, 1, 3]",500,196.2432861328125,True,18.692679049617418,16,0.0015625
0100010011,11974,"[2, 0, 3, 1]",6200,196.2606906890869,False,18.692679049617418,16,0.0015625
0100010011,11975,"[2, 0, 1, 3]",500,196.2738037109375,True,18.692679049617418,16,0.0015625
0100010011,11976,"[2, 0, 3, 1]",6200,196.29144668579102,False,18.692679049617418,16,0.0015625
0100010011,11977,"[2, 0, 1, 3]",500,196.3047981262207,True,18.692679049617418,16,0.0015625
0100010011,11978,"[2, 0, 3, 1]",6200,196.32220268249512,False,18.692679049617418,16,0.0015625
0100010011,11979,"[2, 0, 1, 3]",500,196.3357925415039,True,18.692679049617418,16,0.0015625
0100010011,11980,"[2, 0, 3, 1]",6200,196.35343551635742,False,18.692679049617418,16,0.0015625
0100010011,11981,"[2, 0, 1, 3]",500,196.3667869567871,True,18.692679049617418,16,0.0015625
0100010011,11982,"[2, 0, 3, 1]",6200,196.38705253601074,False,18.692679049617418,16,0.0015625
0100010011,11983,"[2, 0, 1, 3]",500,196.40064239501953,True,18.692679049617418,16,0.0015625
0100010011,11984,"[2, 0, 3, 1]",6200,196.41804695129395,False,18.692679049617418,16,0.0015625
0100010011,11985,"[2, 0, 1, 3]",500,196.43092155456543,True,18.692679049617418,16,0.0015625
0100010011,11986,"[2, 0, 3, 1]",6200,196.44832611083984,False,18.692679049617418,16,0.0015625
0100010011,11987,"[2, 0, 1, 3]",500,196.46143913269043,True,18.692679049617418,16,0.0015625
0100010011,11988,"[2, 0, 3, 1]",6200,196.47908210754395,False,18.692679049617418,16,0.0015625
0100010011,11989,"[2, 0, 1, 3]",500,196.49243354797363,True,18.692679049617418,16,0.0015625
0100010011,11990,"[2, 0, 3, 1]",6200,196.51007652282715,False,18.692679049617418,16,0.0015625
0100010011,11991,"[2, 0, 1, 3]",500,196.52295112609863,True,18.692679049617418,16,0.0015625
0001011111,11992,"[3, 2, 1, 0]",9600,196.54083251953125,False,16.955193496283627,16,0.0015625
0001011111,11993,"[3, 2, 1, 0]",9600,196.55442237854004,True,16.955193496283627,16,0.0015625
0001011111,11994,"[3, 2, 1, 0]",9600,196.57182693481445,False,16.955193496283627,16,0.0015625
0001011111,11995,"[3, 2, 1, 0]",9600,196.58517837524414,True,16.955193496283627,16,0.0015625
0001011111,11996,"[3, 2, 1, 0]",9600,196.60282135009766,False,16.955193496283627,16,0.0015625
0001011111,11997,"[3, 2, 1, 0]",9600,196.61569595336914,True,16.955193496283627,16,0.0015625
0001011111,11998,"[3, 2, 1, 0]",9600,196.63333892822266,False,16.955193496283627,16,0.0015625
0001011111,11999,"[3, 2, 1, 0]",9600,196.64597511291504,True,16.955193496283627,16,0.0015625
0001011111,12000,"[3, 2, 1, 0]",9600,196.66361808776855,False,16.955193496283627,16,0.0015625
0001011111,12001,"[3, 2, 1, 0]",9600,196.67696952819824,True,16.955193496283627,16,0.0015625
0001011111,12002,"[3, 2, 1, 0]",9600,196.69628143310547,False,16.955193496283627,16,0.0015625
0001011111,12003,"[3, 2, 1, 0]",9600,196.70939445495605,True,16.955193496283627,16,0.0015625
0001011111,12004,"[3, 2, 1, 0]",9600,196.72703742980957,False,16.955193496283627,16,0.0015625
0001011111,12005,"[3, 2, 1, 0]",9600,196.74015045166016,True,16.955193496283627,16,0.0015625
0001011111,12006,"[3, 2, 1, 0]",9600,196.75755500793457,False,16.955193496283627,16,0.0015625
0001011111,12007,"[3, 2, 1, 0]",9600,196.77066802978516,True,16.955193496283627,16,0.0015625
0001011111,12008,"[3, 2, 1, 0]",9600,196.78807258605957,False,16.955193496283627,16,0.0015625
0001011111,12009,"[3, 2, 1, 0]",9600,196.80118560791016,True,16.955193496283627,16,0.0015625
0001011111,12010,"[3, 2, 1, 0]",9600,196.81859016418457,False,16.955193496283627,16,0.0015625
0001011111,12011,"[3, 2, 1, 0]",9600,196.83146476745605,True,16.955193496283627,16,0.0015625
0001011111,12012,"[3, 2, 1, 0]",9600,196.84886932373047,False,16.955193496283627,16,0.0015625
0001011111,12013,"[3, 2, 1, 0]",9600,196.86174392700195,True,16.955193496283627,16,0.0015625
0001011111,12014,"[3, 2, 1, 0]",9600,196.87986373901367,False,16.955193496283627,16,0.0015625
0001011111,12015,"[3, 2, 1, 0]",9600,196.89273834228516,True,16.955193496283627,16,0.0015625
0001011111,12016,"[3, 2, 1, 0]",9600,196.91228866577148,False,16.955193496283627,16,0.0015625
0001011111,12017,"[3, 2, 1, 0]",9600,196.92540168762207,True,16.955193496283627,16,0.0015625
0001011111,12018,"[3, 2, 1, 0]",9600,196.94280624389648,False,16.955193496283627,16,0.0015625
0001011111,12019,"[3, 2, 1, 0]",9600,196.95520401000977,True,16.955193496283627,16,0.0015625
0001011111,12020,"[3, 2, 1, 0]",9600,196.97260856628418,False,16.955193496283627,16,0.0015625
0001011111,12021,"[3, 2, 1, 0]",9600,196.98548316955566,True,16.955193496283627,16,0.0015625
0001011111,12022,"[3, 2, 1, 0]",9600,197.00288772583008,False,16.955193496283627,16,0.0015625
0001011111,12023,"[3, 2, 1, 0]",9600,197.01552391052246,True,16.955193496283627,16,0.0015625
1100111111,12024,"[3, 2, 0, 1]",6600,197.0353126525879,False,21.43624874001641,16,0.0015625
1100111111,12025,"[3, 2, 0, 1]",6600,197.04842567443848,True,21.43624874001641,16,0.0015625
1100111111,12026,"[3, 2, 0, 1]",6600,197.0658302307129,False,21.43624874001641,16,0.0015625
1100111111,12027,"[3, 2, 0, 1]",6600,197.07894325256348,True,21.43624874001641,16,0.0015625
1100111111,12028,"[3, 2, 0, 1]",6600,197.096586227417,False,21.43624874001641,16,0.0015625
1100111111,12029,"[3, 2, 0, 1]",6600,197.10969924926758,True,21.43624874001641,16,0.0015625
1100111111,12030,"[3, 2, 0, 1]",6600,197.127103805542,False,21.43624874001641,16,0.0015625
1100111111,12031,"[3, 2, 0, 1]",6600,197.14021682739258,True,21.43624874001641,16,0.0015625
1100111111,12032,"[3, 2, 0, 1]",6600,197.1578598022461,False,21.43624874001641,16,0.0015625
1100111111,12033,"[3, 2, 0, 1]",6600,197.17073440551758,True,21.43624874001641,16,0.0015625
1100111111,12034,"[3, 2, 0, 1]",6600,197.1883773803711,False,21.43624874001641,16,0.0015625
1100111111,12035,"[3, 2, 0, 1]",6600,197.20125198364258,True,21.43624874001641,16,0.0015625
1100111111,12036,"[3, 2, 0, 1]",6600,197.218656539917,False,21.43624874001641,16,0.0015625
1100111111,12037,"[3, 2, 0, 1]",6600,197.23153114318848,True,21.43624874001641,16,0.0015625
1100111111,12038,"[3, 2, 0, 1]",6600,197.2489356994629,False,21.43624874001641,16,0.0015625
1100111111,12039,"[3, 2, 0, 1]",6600,197.26204872131348,True,21.43624874001641,16,0.0015625
1100111111,12040,"[3, 2, 0, 1]",6600,197.2794532775879,False,21.43624874001641,16,0.0015625
1100111111,12041,"[3, 2, 0, 1]",6600,197.29256629943848,True,21.43624874001641,16,0.0015625
1100111111,12042,"[3, 2, 0, 1]",6600,197.3099708557129,False,21.43624874001641,16,0.0015625
1100111111,12043,"[3, 2, 0, 1]",6600,197.32284545898438,True,21.43624874001641,16,0.0015625
1100111111,12044,"[3, 2, 0, 1]",6600,197.3423957824707,False,21.43624874001641,16,0.0015625
1100111111,12045,"[3, 2, 0, 1]",6600,197.3550319671631,True,21.43624874001641,16,0.0015625
1100111111,12046,"[3, 2, 0, 1]",6600,197.3726749420166,False,21.43624874001641,16,0.0015625
1100111111,12047,"[3, 2, 0, 1]",6600,197.38531112670898,True,21.43624874001641,16,0.0015625
1100111111,12048,"[3, 2, 0, 1]",6600,197.4027156829834,False,21.43624874001641,16,0.0015625
1100111111,12049,"[3, 2, 0, 1]",6600,197.41535186767578,True,21.43624874001641,16,0.0015625
1100111111,12050,"[3, 2, 0, 1]",6600,197.4329948425293,False,21.43624874001641,16,0.0015625
1100111111,12051,"[3, 2, 0, 1]",6600,197.44563102722168,True,21.43624874001641,16,0.0015625
1100111111,12052,"[3, 2, 0, 1]",6600,197.4632740020752,False,21.43624874001641,16,0.0015625
1100111111,12053,"[3, 2, 0, 1]",6600,197.47567176818848,True,21.43624874001641,16,0.0015625
1100111111,12054,"[3, 2, 0, 1]",6600,197.493314743042,False,21.43624874001641,16,0.0015625
1100111111,12055,"[3, 2, 0, 1]",6600,197.50642776489258,True,21.43624874001641,16,0.0015625
1110000111,12056,"[0, 1, 3, 2]",465,197.5240707397461,False,9.565077850771768,16,0.0015625
1110000111,12057,"[0, 1, 3, 2]",465,197.5381374359131,True,9.565077850771768,16,0.0015625
1110000111,12058,"[0, 1, 3, 2]",465,197.5557804107666,False,9.565077850771768,16,0.0015625
1110000111,12059,"[0, 1, 3, 2]",465,197.5691318511963,True,9.565077850771768,16,0.0015625
1110000111,12060,"[0, 1, 3, 2]",465,197.5867748260498,False,9.565077850771768,16,0.0015625
1110000111,12061,"[0, 1, 3, 2]",465,197.5998878479004,True,9.565077850771768,16,0.0015625
1110000111,12062,"[0, 1, 3, 2]",465,197.6170539855957,False,9.565077850771768,16,0.0015625
1110000111,12063,"[0, 1, 3, 2]",465,197.6304054260254,True,9.565077850771768,16,0.0015625
1110000111,12064,"[0, 1, 3, 2]",465,197.64971733093262,False,9.565077850771768,16,0.0015625
1110000111,12065,"[0, 1, 3, 2]",465,197.6633071899414,True,9.565077850771768,16,0.0015625
1110000111,12066,"[0, 1, 3, 2]",465,197.68285751342773,False,9.565077850771768,16,0.0015625
1110000111,12067,"[0, 1, 3, 2]",465,197.69620895385742,True,9.565077850771768,16,0.0015625
1110000111,12068,"[0, 1, 3, 2]",465,197.71385192871094,False,9.565077850771768,16,0.0015625
1110000111,12069,"[0, 1, 3, 2]",465,197.72696495056152,True,9.565077850771768,16,0.0015625
1110000111,12070,"[0, 1, 3, 2]",465,197.74436950683594,False,9.565077850771768,16,0.0015625
1110000111,12071,"[0, 1, 3, 2]",465,197.75724411010742,True,9.565077850771768,16,0.0015625
1110000111,12072,"[0, 1, 3, 2]",465,197.77512550354004,False,9.565077850771768,16,0.0015625
1110000111,12073,"[0, 1, 3, 2]",465,197.78800010681152,True,9.565077850771768,16,0.0015625
1110000111,12074,"[0, 1, 3, 2]",465,197.80540466308594,False,9.565077850771768,16,0.0015625
1110000111,12075,"[0, 1, 3, 2]",465,197.81899452209473,True,9.565077850771768,16,0.0015625
1110000111,12076,"[0, 1, 3, 2]",465,197.83639907836914,False,9.565077850771768,16,0.0015625
1110000111,12077,"[0, 1, 3, 2]",465,197.84998893737793,True,9.565077850771768,16,0.0015625
1110000111,12078,"[0, 1, 3, 2]",465,197.86739349365234,False,9.565077850771768,16,0.0015625
1110000111,12079,"[0, 1, 3, 2]",465,197.88074493408203,True,9.565077850771768,16,0.0015625
1110000111,12080,"[0, 1, 3, 2]",465,197.89958000183105,False,9.565077850771768,16,0.0015625
1110000111,12081,"[0, 1, 3, 2]",465,197.91293144226074,True,9.565077850771768,16,0.0015625
1110000111,12082,"[0, 1, 3, 2]",465,197.93033599853516,False,9.565077850771768,16,0.0015625
1110000111,12083,"[0, 1, 3, 2]",465,197.94344902038574,True,9.565077850771768,16,0.0015625
1110000111,12084,"[0, 1, 3, 2]",465,197.96085357666016,False,9.565077850771768,16,0.0015625
1110000111,12085,"[0, 1, 3, 2]",465,197.97444343566895,True,9.565077850771768,16,0.0015625
1110000111,12086,"[0, 1, 3, 2]",465,197.99327850341797,False,9.565077850771768,16,0.0015625
1110000111,12087,"[0, 1, 3, 2]",465,198.00662994384766,True,9.565077850771768,16,0.0015625
1010010110,12088,"[1, 0, 3, 2]",465,198.02427291870117,False,15.10131501963538,16,0.0015625
1010010110,12089,"[1, 0, 3, 2]",465,198.03786277770996,True,15.10131501963538,16,0.0015625
1010010110,12090,"[1, 0, 3, 2]",465,198.05526733398438,False,15.10131501963538,16,0.0015625
1010010110,12091,"[1, 0, 3, 2]",465,198.06838035583496,True,15.10131501963538,16,0.0015625
1010010110,12092,"[1, 0, 3, 2]",465,198.08578491210938,False,15.10131501963538,16,0.0015625
1010010110,12093,"[1, 0, 3, 2]",465,198.09889793395996,True,15.10131501963538,16,0.0015625
1010010110,12094,"[1, 0, 3, 2]",465,198.11654090881348,False,15.10131501963538,16,0.0015625
1010010110,12095,"[1, 0, 3, 2]",465,198.12965393066406,True,15.10131501963538,16,0.0015625
1010010110,12096,"[1, 0, 3, 2]",465,198.14729690551758,False,15.10131501963538,16,0.0015625
1010010110,12097,"[1, 0, 3, 2]",465,198.16040992736816,True,15.10131501963538,16,0.0015625
1010010110,12098,"[1, 0, 3, 2]",465,198.17781448364258,False,15.10131501963538,16,0.0015625
1010010110,12099,"[1, 0, 3, 2]",465,198.19068908691406,True,15.10131501963538,16,0.0015625
1010010110,12100,"[1, 0, 3, 2]",465,198.20809364318848,False,15.10131501963538,16,0.0015625
1010010110,12101,"[1, 0, 3, 2]",465,198.22120666503906,True,15.10131501963538,16,0.0015625
1010010110,12102,"[1, 0, 3, 2]",465,198.23884963989258,False,15.10131501963538,16,0.0015625
1010010110,12103,"[1, 0, 3, 2]",465,198.25172424316406,True,15.10131501963538,16,0.0015625
1010010110,12104,"[1, 0, 3, 2]",465,198.26936721801758,False,15.10131501963538,16,0.0015625
1010010110,12105,"[1, 0, 3, 2]",465,198.28248023986816,True,15.10131501963538,16,0.0015625
1010010110,12106,"[1, 0, 3, 2]",465,198.30012321472168,False,15.10131501963538,16,0.0015625
1010010110,12107,"[1, 0, 3, 2]",465,198.31323623657227,True,15.10131501963538,16,0.0015625
1010010110,12108,"[1, 0, 3, 2]",465,198.3325481414795,False,15.10131501963538,16,0.0015625
1010010110,12109,"[1, 0, 3, 2]",465,198.34589958190918,True,15.10131501963538,16,0.0015625
1010010110,12110,"[1, 0, 3, 2]",465,198.3635425567627,False,15.10131501963538,16,0.0015625
1010010110,12111,"[1, 0, 3, 2]",465,198.37665557861328,True,15.10131501963538,16,0.0015625
1010010110,12112,"[1, 0, 3, 2]",465,198.3942985534668,False,15.10131501963538,16,0.0015625
1010010110,12113,"[1, 0, 3, 2]",465,198.4078884124756,True,15.10131501963538,16,0.0015625
1010010110,12114,"[1, 0, 3, 2]",465,198.4255313873291,False,15.10131501963538,16,0.0015625
1010010110,12115,"[1, 0, 3, 2]",465,198.4391212463379,True,15.10131501963538,16,0.0015625
1010010110,12116,"[1, 0, 3, 2]",465,198.45843315124512,False,15.10131501963538,16,0.0015625
1010010110,12117,"[1, 0, 3, 2]",465,198.4717845916748,True,15.10131501963538,16,0.0015625
1010010110,12118,"[1, 0, 3, 2]",465,198.48918914794922,False,15.10131501963538,16,0.0015625
1010010110,12119,"[1, 0, 3, 2]",465,198.5023021697998,True,15.10131501963538,16,0.0015625
1001010011,12120,"[0, 2, 1, 3]",500,198.51994514465332,False,12.18188720114459,16,0.0015625
1001010011,12121,"[0, 1, 2, 3]",315,198.5330581665039,True,12.18188720114459,16,0.0015625
1001010011,12122,"[0, 2, 1, 3]",500,198.56595993041992,False,12.18188720114459,16,0.0015625
1001010011,12123,"[0, 1, 2, 3]",315,198.5793113708496,True,12.18188720114459,16,0.0015625
1001010011,12124,"[0, 2, 1, 3]",500,198.59814643859863,False,12.18188720114459,16,0.0015625
1001010011,12125,"[0, 1, 2, 3]",315,198.61125946044922,True,12.18188720114459,16,0.0015625
1001010011,12126,"[0, 2, 1, 3]",500,198.62961769104004,False,12.18188720114459,16,0.0015625
1001010011,12127,"[0, 1, 2, 3]",315,198.64320755004883,True,12.18188720114459,16,0.0015625
1001010011,12128,"[0, 2, 1, 3]",500,198.66299629211426,False,12.18188720114459,16,0.0015625
1001010011,12129,"[0, 1, 2, 3]",315,198.67658615112305,True,12.18188720114459,16,0.0015625
1001010011,12130,"[0, 2, 1, 3]",500,198.69470596313477,False,12.18188720114459,16,0.0015625
1001010011,12131,"[0, 1, 2, 3]",315,198.70805740356445,True,12.18188720114459,16,0.0015625
1001010011,12132,"[0, 2, 1, 3]",500,198.72641563415527,False,12.18188720114459,16,0.0015625
1001010011,12133,"[0, 1, 2, 3]",315,198.73952865600586,True,12.18188720114459,16,0.0015625
1001010011,12134,"[0, 2, 1, 3]",500,198.75764846801758,False,12.18188720114459,16,0.0015625
1001010011,12135,"[0, 1, 2, 3]",315,198.77076148986816,True,12.18188720114459,16,0.0015625
1001010011,12136,"[0, 2, 1, 3]",500,198.78911972045898,False,12.18188720114459,16,0.0015625
1001010011,12137,"[0, 1, 2, 3]",315,198.80270957946777,True,12.18188720114459,16,0.0015625
1001010011,12138,"[0, 2, 1, 3]",500,198.8208293914795,False,12.18188720114459,16,0.0015625
1001010011,12139,"[0, 1, 2, 3]",315,198.83418083190918,True,12.18188720114459,16,0.0015625
1001010011,12140,"[0, 2, 1, 3]",500,198.8523006439209,False,12.18188720114459,16,0.0015625
1001010011,12141,"[0, 1, 2, 3]",315,198.8656520843506,True,12.18188720114459,16,0.0015625
1001010011,12142,"[0, 2, 1, 3]",500,198.8835334777832,False,12.18188720114459,16,0.0015625
1001010011,12143,"[0, 1, 2, 3]",315,198.8968849182129,True,12.18188720114459,16,0.0015625
1001010011,12144,"[0, 2, 1, 3]",500,198.9147663116455,False,12.18188720114459,16,0.0015625
1001010011,12145,"[0, 1, 2, 3]",315,198.9281177520752,True,12.18188720114459,16,0.0015625
1001010011,12146,"[0, 2, 1, 3]",500,198.9459991455078,False,12.18188720114459,16,0.0015625
1001010011,12147,"[0, 1, 2, 3]",315,198.9595890045166,True,12.18188720114459,16,0.0015625
1001010011,12148,"[0, 2, 1, 3]",500,198.97794723510742,False,12.18188720114459,16,0.0015625
1001010011,12149,"[0, 1, 2, 3]",315,198.9912986755371,True,12.18188720114459,16,0.0015625
1001010011,12150,"[0, 2, 1, 3]",500,199.01132583618164,False,12.18188720114459,16,0.0015625
1001010011,12151,"[0, 1, 2, 3]",315,199.02443885803223,True,12.18188720114459,16,0.0015625
1101010001,12152,"[0, 2, 1, 3]",500,199.04303550720215,False,9.136129710583916,16,0.0015625
1101010001,12153,"[0, 1, 2, 3]",315,199.05638694763184,True,9.136129710583916,16,0.0015625
1101010001,12154,"[0, 2, 1, 3]",500,199.07474517822266,False,9.136129710583916,16,0.0015625
1101010001,12155,"[0, 1, 2, 3]",315,199.08809661865234,True,9.136129710583916,16,0.0015625
1101010001,12156,"[0, 2, 1, 3]",500,199.10621643066406,False,9.136129710583916,16,0.0015625
1101010001,12157,"[0, 1, 2, 3]",315,199.11956787109375,True,9.136129710583916,16,0.0015625
1101010001,12158,"[0, 2, 1, 3]",500,199.13768768310547,False,9.136129710583916,16,0.0015625
1101010001,12159,"[0, 1, 2, 3]",315,199.15103912353516,True,9.136129710583916,16,0.0015625
1101010001,12160,"[0, 2, 1, 3]",500,199.16915893554688,False,9.136129710583916,16,0.0015625
1101010001,12161,"[0, 1, 2, 3]",315,199.18274879455566,True,9.136129710583916,16,0.0015625
1101010001,12162,"[0, 2, 1, 3]",500,199.20086860656738,False,9.136129710583916,16,0.0015625
1101010001,12163,"[0, 1, 2, 3]",315,199.21422004699707,True,9.136129710583916,16,0.0015625
1101010001,12164,"[0, 2, 1, 3]",500,199.2325782775879,False,9.136129710583916,16,0.0015625
1101010001,12165,"[0, 1, 2, 3]",315,199.24664497375488,True,9.136129710583916,16,0.0015625
1101010001,12166,"[0, 2, 1, 3]",500,199.26691055297852,False,9.136129710583916,16,0.0015625
1101010001,12167,"[0, 1, 2, 3]",315,199.2809772491455,True,9.136129710583916,16,0.0015625
1101010001,12168,"[0, 2, 1, 3]",500,199.29933547973633,False,9.136129710583916,16,0.0015625
1101010001,12169,"[0, 1, 2, 3]",315,199.31340217590332,True,9.136129710583916,16,0.0015625
1101010001,12170,"[0, 2, 1, 3]",500,199.33319091796875,False,9.136129710583916,16,0.0015625
1101010001,12171,"[0, 1, 2, 3]",315,199.34678077697754,True,9.136129710583916,16,0.0015625
1101010001,12172,"[0, 2, 1, 3]",500,199.36466217041016,False,9.136129710583916,16,0.0015625
1101010001,12173,"[0, 1, 2, 3]",315,199.37801361083984,True,9.136129710583916,16,0.0015625
1101010001,12174,"[0, 2, 1, 3]",500,199.39589500427246,False,9.136129710583916,16,0.0015625
1101010001,12175,"[0, 1, 2, 3]",315,199.40924644470215,True,9.136129710583916,16,0.0015625
1101010001,12176,"[0, 2, 1, 3]",500,199.42760467529297,False,9.136129710583916,16,0.0015625
1101010001,12177,"[0, 1, 2, 3]",315,199.44071769714355,True,9.136129710583916,16,0.0015625
1101010001,12178,"[0, 2, 1, 3]",500,199.46932792663574,False,9.136129710583916,16,0.0015625
1101010001,12179,"[0, 1, 2, 3]",315,199.48196411132812,True,9.136129710583916,16,0.0015625
1101010001,12180,"[0, 2, 1, 3]",500,199.49936866760254,False,9.136129710583916,16,0.0015625
1101010001,12181,"[0, 1, 2, 3]",315,199.51224327087402,True,9.136129710583916,16,0.0015625
1101010001,12182,"[0, 2, 1, 3]",500,199.52964782714844,False,9.136129710583916,16,0.0015625
1101010001,12183,"[0, 1, 2, 3]",315,199.54252243041992,True,9.136129710583916,16,0.0015625
0100000100,12184,"[3, 0, 2, 1]",6300,199.55992698669434,False,16.136129710583916,16,0.0015625
0100000100,12185,"[3, 0, 1, 2]",750,199.57351684570312,True,16.136129710583916,16,0.0015625
0100000100,12186,"[3, 0, 2, 1]",6300,199.59139823913574,False,16.136129710583916,16,0.0015625
0100000100,12187,"[3, 0, 1, 2]",750,199.60427284240723,True,16.136129710583916,16,0.0015625
0100000100,12188,"[3, 0, 2, 1]",6300,199.62239265441895,False,16.136129710583916,16,0.0015625
0100000100,12189,"[3, 0, 1, 2]",750,199.63550567626953,True,16.136129710583916,16,0.0015625
0100000100,12190,"[3, 0, 2, 1]",6300,199.65386390686035,False,16.136129710583916,16,0.0015625
0100000100,12191,"[3, 0, 1, 2]",750,199.66721534729004,True,16.136129710583916,16,0.0015625
0100000100,12192,"[3, 0, 2, 1]",6300,199.68748092651367,False,16.136129710583916,16,0.0015625
0100000100,12193,"[3, 0, 1, 2]",750,199.70107078552246,True,16.136129710583916,16,0.0015625
0100000100,12194,"[3, 0, 2, 1]",6300,199.71871376037598,False,16.136129710583916,16,0.0015625
0100000100,12195,"[3, 0, 1, 2]",750,199.73206520080566,True,16.136129710583916,16,0.0015625
0100000100,12196,"[3, 0, 2, 1]",6300,199.74994659423828,False,16.136129710583916,16,0.0015625
0100000100,12197,"[3, 0, 1, 2]",750,199.76329803466797,True,16.136129710583916,16,0.0015625
0100000100,12198,"[3, 0, 2, 1]",6300,199.78070259094238,False,16.136129710583916,16,0.0015625
0100000100,12199,"[3, 0, 1, 2]",750,199.79405403137207,True,16.136129710583916,16,0.0015625
0100000100,12200,"[3, 0, 2, 1]",6300,199.8119354248047,False,16.136129710583916,16,0.0015625
0100000100,12201,"[3, 0, 1, 2]",750,199.82504844665527,True,16.136129710583916,16,0.0015625
0100000100,12202,"[3, 0, 2, 1]",6300,199.8460292816162,False,16.136129710583916,16,0.0015625
0100000100,12203,"[3, 0, 1, 2]",750,199.8591423034668,True,16.136129710583916,16,0.0015625
0100000100,12204,"[3, 0, 2, 1]",6300,199.87726211547852,False,16.136129710583916,16,0.0015625
0100000100,12205,"[3, 0, 1, 2]",750,199.8906135559082,True,16.136129710583916,16,0.0015625
0100000100,12206,"[3, 0, 2, 1]",6300,199.90849494934082,False,16.136129710583916,16,0.0015625
0100000100,12207,"[3, 0, 1, 2]",750,199.9216079711914,True,16.136129710583916,16,0.0015625
0100000100,12208,"[3, 0, 2, 1]",6300,199.93925094604492,False,16.136129710583916,16,0.0015625
0100000100,12209,"[3, 0, 1, 2]",750,199.9523639678955,True,16.136129710583916,16,0.0015625
0100000100,12210,"[3, 0, 2, 1]",6300,199.97024536132812,False,16.136129710583916,16,0.0015625
0100000100,12211,"[3, 0, 1, 2]",750,199.9835968017578,True,16.136129710583916,16,0.0015625
0100000100,12212,"[3, 0, 2, 1]",6300,200.00314712524414,False,16.136129710583916,16,0.0015625
0100000100,12213,"[3, 0, 1, 2]",750,200.01626014709473,True,16.136129710583916,16,0.0015625
0100000100,12214,"[3, 0, 2, 1]",6300,200.03437995910645,False,16.136129710583916,16,0.0015625
0100000100,12215,"[3, 0, 1, 2]",750,200.04773139953613,True,16.136129710583916,16,0.0015625
0001110001,12216,"[2, 1, 3, 0]",9300,200.06632804870605,False,9.87456625076201,16,0.0015625
0001110001,12217,"[2, 1, 0, 3]",600,200.08039474487305,True,9.87456625076201,16,0.0015625
0001110001,12218,"[2, 1, 3, 0]",9300,200.1018524169922,False,9.87456625076201,16,0.0015625
0001110001,12219,"[2, 1, 0, 3]",600,200.11591911315918,True,9.87456625076201,16,0.0015625
0001110001,12220,"[2, 1, 3, 0]",9300,200.1335620880127,False,9.87456625076201,16,0.0015625
0001110001,12221,"[2, 1, 0, 3]",600,200.1473903656006,True,9.87456625076201,16,0.0015625
0001110001,12222,"[2, 1, 3, 0]",9300,200.1650333404541,False,9.87456625076201,16,0.0015625
0001110001,12223,"[2, 1, 0, 3]",600,200.1786231994629,True,9.87456625076201,16,0.0015625
0001110001,12224,"[2, 1, 3, 0]",9300,200.1962661743164,False,9.87456625076201,16,0.0015625
0001110001,12225,"[2, 1, 0, 3]",600,200.2096176147461,True,9.87456625076201,16,0.0015625
0001110001,12226,"[2, 1, 3, 0]",9300,200.2272605895996,False,9.87456625076201,16,0.0015625
0001110001,12227,"[2, 1, 0, 3]",600,200.2408504486084,True,9.87456625076201,16,0.0015625
0001110001,12228,"[2, 1, 3, 0]",9300,200.2582550048828,False,9.87456625076201,16,0.0015625
0001110001,12229,"[2, 1, 0, 3]",600,200.2716064453125,True,9.87456625076201,16,0.0015625
0001110001,12230,"[2, 1, 3, 0]",9300,200.28948783874512,False,9.87456625076201,16,0.0015625
0001110001,12231,"[2, 1, 0, 3]",600,200.3028392791748,True,9.87456625076201,16,0.0015625
0001110001,12232,"[2, 1, 3, 0]",9300,200.32072067260742,False,9.87456625076201,16,0.0015625
0001110001,12233,"[2, 1, 0, 3]",600,200.3343105316162,True,9.87456625076201,16,0.0015625
0001110001,12234,"[2, 1, 3, 0]",9300,200.35362243652344,False,9.87456625076201,16,0.0015625
0001110001,12235,"[2, 1, 0, 3]",600,200.36697387695312,True,9.87456625076201,16,0.0015625
0001110001,12236,"[2, 1, 3, 0]",9300,200.38461685180664,False,9.87456625076201,16,0.0015625
0001110001,12237,"[2, 1, 0, 3]",600,200.39749145507812,True,9.87456625076201,16,0.0015625
0001110001,12238,"[2, 1, 3, 0]",9300,200.41513442993164,False,9.87456625076201,16,0.0015625
0001110001,12239,"[2, 1, 0, 3]",600,200.42848587036133,True,9.87456625076201,16,0.0015625
0001110001,12240,"[2, 1, 3, 0]",9300,200.44612884521484,False,9.87456625076201,16,0.0015625
0001110001,12241,"[2, 1, 0, 3]",600,200.45924186706543,True,9.87456625076201,16,0.0015625
0001110001,12242,"[2, 1, 3, 0]",9300,200.47712326049805,False,9.87456625076201,16,0.0015625
0001110001,12243,"[2, 1, 0, 3]",600,200.49071311950684,True,9.87456625076201,16,0.0015625
0001110001,12244,"[2, 1, 3, 0]",9300,200.50859451293945,False,9.87456625076201,16,0.0015625
0001110001,12245,"[2, 1, 0, 3]",600,200.52242279052734,True,9.87456625076201,16,0.0015625
0001110001,12246,"[2, 1, 3, 0]",9300,200.54006576538086,False,9.87456625076201,16,0.0015625
0001110001,12247,"[2, 1, 0, 3]",600,200.55365562438965,True,9.87456625076201,16,0.0015625
0011110110,12248,"[2, 1, 3, 0]",9300,200.57320594787598,False,19.817921024601603,16,0.0015625
0011110110,12249,"[2, 1, 0, 3]",600,200.58655738830566,True,19.817921024601603,16,0.0015625
0011110110,12250,"[2, 1, 3, 0]",9300,200.60396194458008,False,19.817921024601603,16,0.0015625
0011110110,12251,"[2, 1, 0, 3]",600,200.61731338500977,True,19.817921024601603,16,0.0015625
0011110110,12252,"[2, 1, 3, 0]",9300,200.63471794128418,False,19.817921024601603,16,0.0015625
0011110110,12253,"[2, 1, 0, 3]",600,200.64830780029297,True,19.817921024601603,16,0.0015625
0011110110,12254,"[2, 1, 3, 0]",9300,200.6678581237793,False,19.817921024601603,16,0.0015625
0011110110,12255,"[2, 1, 0, 3]",600,200.68120956420898,True,19.817921024601603,16,0.0015625
0011110110,12256,"[2, 1, 3, 0]",9300,200.7145881652832,False,19.817921024601603,16,0.0015625
0011110110,12257,"[2, 1, 0, 3]",600,200.7284164428711,True,19.817921024601603,16,0.0015625
0011110110,12258,"[2, 1, 3, 0]",9300,200.74748992919922,False,19.817921024601603,16,0.0015625
0011110110,12259,"[2, 1, 0, 3]",600,200.761079788208,True,19.817921024601603,16,0.0015625
0011110110,12260,"[2, 1, 3, 0]",9300,200.77991485595703,False,19.817921024601603,16,0.0015625
0011110110,12261,"[2, 1, 0, 3]",600,200.79374313354492,True,19.817921024601603,16,0.0015625
0011110110,12262,"[2, 1, 3, 0]",9300,200.81233978271484,False,19.817921024601603,16,0.0015625
0011110110,12263,"[2, 1, 0, 3]",600,200.82616806030273,True,19.817921024601603,16,0.0015625
0011110110,12264,"[2, 1, 3, 0]",9300,200.84500312805176,False,19.817921024601603,16,0.0015625
0011110110,12265,"[2, 1, 0, 3]",600,200.85883140563965,True,19.817921024601603,16,0.0015625
0011110110,12266,"[2, 1, 3, 0]",9300,200.87766647338867,False,19.817921024601603,16,0.0015625
0011110110,12267,"[2, 1, 0, 3]",600,200.89173316955566,True,19.817921024601603,16,0.0015625
0011110110,12268,"[2, 1, 3, 0]",9300,200.9265422821045,False,19.817921024601603,16,0.0015625
0011110110,12269,"[2, 1, 0, 3]",600,200.94037055969238,True,19.817921024601603,16,0.0015625
0011110110,12270,"[2, 1, 3, 0]",9300,200.96993446350098,False,19.817921024601603,16,0.0015625
0011110110,12271,"[2, 1, 0, 3]",600,200.98400115966797,True,19.817921024601603,16,0.0015625
0011110110,12272,"[2, 1, 3, 0]",9300,201.01308822631836,False,19.817921024601603,16,0.0015625
0011110110,12273,"[2, 1, 0, 3]",600,201.02715492248535,True,19.817921024601603,16,0.0015625
0011110110,12274,"[2, 1, 3, 0]",9300,201.0648250579834,False,19.817921024601603,16,0.0015625
0011110110,12275,"[2, 1, 0, 3]",600,201.0812759399414,True,19.817921024601603,16,0.0015625
0011110110,12276,"[2, 1, 3, 0]",9300,201.1120319366455,False,19.817921024601603,16,0.0015625
0011110110,12277,"[2, 1, 0, 3]",600,201.1256217956543,True,19.817921024601603,16,0.0015625
0011110110,12278,"[2, 1, 3, 0]",9300,201.14374160766602,False,19.817921024601603,16,0.0015625
0011110110,12279,"[2, 1, 0, 3]",600,201.1575698852539,True,19.817921024601603,16,0.0015625
0110001001,12280,"[3, 1, 0, 2]",900,201.17592811584473,False,21.039536643254078,16,0.0015625
0110001001,12281,"[3, 1, 0, 2]",900,201.18951797485352,True,21.039536643254078,16,0.0015625
0110001001,12282,"[3, 1, 0, 2]",900,201.20716094970703,False,21.039536643254078,16,0.0015625
0110001001,12283,"[3, 1, 0, 2]",900,201.22051239013672,True,21.039536643254078,16,0.0015625
0110001001,12284,"[3, 1, 0, 2]",900,201.23815536499023,False,21.039536643254078,16,0.0015625
0110001001,12285,"[3, 1, 0, 2]",900,201.25150680541992,True,21.039536643254078,16,0.0015625
0110001001,12286,"[3, 1, 0, 2]",900,201.26891136169434,False,21.039536643254078,16,0.0015625
0110001001,12287,"[3, 1, 0, 2]",900,201.28250122070312,True,21.039536643254078,16,0.0015625
0110001001,12288,"[3, 1, 0, 2]",900,201.30014419555664,False,21.039536643254078,16,0.0015625
0110001001,12289,"[3, 1, 0, 2]",900,201.31325721740723,True,21.039536643254078,16,0.0015625
0110001001,12290,"[3, 1, 0, 2]",900,201.33137702941895,False,21.039536643254078,16,0.0015625
0110001001,12291,"[3, 1, 0, 2]",900,201.34449005126953,True,21.039536643254078,16,0.0015625
0110001001,12292,"[3, 1, 0, 2]",900,201.36237144470215,False,21.039536643254078,16,0.0015625
0110001001,12293,"[3, 1, 0, 2]",900,201.37548446655273,True,21.039536643254078,16,0.0015625
0110001001,12294,"[3, 1, 0, 2]",900,201.39312744140625,False,21.039536643254078,16,0.0015625
0110001001,12295,"[3, 1, 0, 2]",900,201.40671730041504,True,21.039536643254078,16,0.0015625
0110001001,12296,"[3, 1, 0, 2]",900,201.42602920532227,False,21.039536643254078,16,0.0015625
0110001001,12297,"[3, 1, 0, 2]",900,201.43938064575195,True,21.039536643254078,16,0.0015625
0110001001,12298,"[3, 1, 0, 2]",900,201.45702362060547,False,21.039536643254078,16,0.0015625
0110001001,12299,"[3, 1, 0, 2]",900,201.4923095703125,True,21.039536643254078,16,0.0015625
0110001001,12300,"[3, 1, 0, 2]",900,201.51066780090332,False,21.039536643254078,16,0.0015625
0110001001,12301,"[3, 1, 0, 2]",900,201.5237808227539,True,21.039536643254078,16,0.0015625
0110001001,12302,"[3, 1, 0, 2]",900,201.54190063476562,False,21.039536643254078,16,0.0015625
0110001001,12303,"[3, 1, 0, 2]",900,201.5547752380371,True,21.039536643254078,16,0.0015625
0110001001,12304,"[3, 1, 0, 2]",900,201.57217979431152,False,21.039536643254078,16,0.0015625
0110001001,12305,"[3, 1, 0, 2]",900,201.5855312347412,True,21.039536643254078,16,0.0015625
0110001001,12306,"[3, 1, 0, 2]",900,201.60341262817383,False,21.039536643254078,16,0.0015625
0110001001,12307,"[3, 1, 0, 2]",900,201.61676406860352,True,21.039536643254078,16,0.0015625
0110001001,12308,"[3, 1, 0, 2]",900,201.63440704345703,False,21.039536643254078,16,0.0015625
0110001001,12309,"[3, 1, 0, 2]",900,201.64775848388672,True,21.039536643254078,16,0.0015625
0110001001,12310,"[3, 1, 0, 2]",900,201.66540145874023,False,21.039536643254078,16,0.0015625
0110001001,12311,"[3, 1, 0, 2]",900,201.67875289916992,True,21.039536643254078,16,0.0015625
0010000101,12312,"[1, 3, 2, 0]",9450,201.69639587402344,False,17.610835341332443,16,0.0015625
0010000101,12313,"[1, 0, 3, 2]",465,201.71046257019043,True,17.610835341332443,16,0.0015625
0010000101,12314,"[1, 3, 2, 0]",9450,201.72810554504395,False,17.610835341332443,16,0.0015625
0010000101,12315,"[1, 0, 3, 2]",465,201.74169540405273,True,17.610835341332443,16,0.0015625
0010000101,12316,"[1, 3, 2, 0]",9450,201.76148414611816,False,17.610835341332443,16,0.0015625
0010000101,12317,"[1, 0, 3, 2]",465,201.77578926086426,True,17.610835341332443,16,0.0015625
0010000101,12318,"[1, 3, 2, 0]",9450,201.7955780029297,False,17.610835341332443,16,0.0015625
0010000101,12319,"[1, 0, 3, 2]",465,201.80940628051758,True,17.610835341332443,16,0.0015625
0010000101,12320,"[1, 3, 2, 0]",9450,201.8275260925293,False,17.610835341332443,16,0.0015625
0010000101,12321,"[1, 0, 3, 2]",465,201.8430233001709,True,17.610835341332443,16,0.0015625
0010000101,12322,"[1, 3, 2, 0]",9450,201.86138153076172,False,17.610835341332443,16,0.0015625
0010000101,12323,"[1, 0, 3, 2]",465,201.8742561340332,True,17.610835341332443,16,0.0015625
0010000101,12324,"[1, 3, 2, 0]",9450,201.89237594604492,False,17.610835341332443,16,0.0015625
0010000101,12325,"[1, 0, 3, 2]",465,201.9052505493164,True,17.610835341332443,16,0.0015625
0010000101,12326,"[1, 3, 2, 0]",9450,201.92265510559082,False,17.610835341332443,16,0.0015625
0010000101,12327,"[1, 0, 3, 2]",465,201.9360065460205,True,17.610835341332443,16,0.0015625
0010000101,12328,"[1, 3, 2, 0]",9450,201.95364952087402,False,17.610835341332443,16,0.0015625
0010000101,12329,"[1, 0, 3, 2]",465,201.9665241241455,True,17.610835341332443,16,0.0015625
0010000101,12330,"[1, 3, 2, 0]",9450,201.98392868041992,False,17.610835341332443,16,0.0015625
0010000101,12331,"[1, 0, 3, 2]",465,201.9970417022705,True,17.610835341332443,16,0.0015625
0010000101,12332,"[1, 3, 2, 0]",9450,202.01444625854492,False,17.610835341332443,16,0.0015625
0010000101,12333,"[1, 0, 3, 2]",465,202.0273208618164,True,17.610835341332443,16,0.0015625
0010000101,12334,"[1, 3, 2, 0]",9450,202.04448699951172,False,17.610835341332443,16,0.0015625
0010000101,12335,"[1, 0, 3, 2]",465,202.0578384399414,True,17.610835341332443,16,0.0015625
0010000101,12336,"[1, 3, 2, 0]",9450,202.07524299621582,False,17.610835341332443,16,0.0015625
0010000101,12337,"[1, 0, 3, 2]",465,202.0888328552246,True,17.610835341332443,16,0.0015625
0010000101,12338,"[1, 3, 2, 0]",9450,202.10814476013184,False,17.610835341332443,16,0.0015625
0010000101,12339,"[1, 0, 3, 2]",465,202.12149620056152,True,17.610835341332443,16,0.0015625
0010000101,12340,"[1, 3, 2, 0]",9450,202.13890075683594,False,17.610835341332443,16,0.0015625
0010000101,12341,"[1, 0, 3, 2]",465,202.15201377868652,True,17.610835341332443,16,0.0015625
0010000101,12342,"[1, 3, 2, 0]",9450,202.16917991638184,False,17.610835341332443,16,0.0015625
0010000101,12343,"[1, 0, 3, 2]",465,202.18253135681152,True,17.610835341332443,16,0.0015625
1101110001,12344,"[2, 0, 1, 3]",500,202.20017433166504,False,11.430868751529303,16,0.0015625
1101110001,12345,"[2, 0, 1, 3]",500,202.21376419067383,True,11.430868751529303,16,0.0015625
1101110001,12346,"[2, 0, 1, 3]",500,202.23093032836914,False,11.430868751529303,16,0.0015625
1101110001,12347,"[2, 0, 1, 3]",500,202.24428176879883,True,11.430868751529303,16,0.0015625
1101110001,12348,"[2, 0, 1, 3]",500,202.26192474365234,False,11.430868751529303,16,0.0015625
1101110001,12349,"[2, 0, 1, 3]",500,202.27503776550293,True,11.430868751529303,16,0.0015625
1101110001,12350,"[2, 0, 1, 3]",500,202.29268074035645,False,11.430868751529303,16,0.0015625
1101110001,12351,"[2, 0, 1, 3]",500,202.30579376220703,True,11.430868751529303,16,0.0015625
1101110001,12352,"[2, 0, 1, 3]",500,202.32343673706055,False,11.430868751529303,16,0.0015625
1101110001,12353,"[2, 0, 1, 3]",500,202.33631134033203,True,11.430868751529303,16,0.0015625
1101110001,12354,"[2, 0, 1, 3]",500,202.35371589660645,False,11.430868751529303,16,0.0015625
1101110001,12355,"[2, 0, 1, 3]",500,202.36635208129883,True,11.430868751529303,16,0.0015625
1101110001,12356,"[2, 0, 1, 3]",500,202.38375663757324,False,11.430868751529303,16,0.0015625
1101110001,12357,"[2, 0, 1, 3]",500,202.39663124084473,True,11.430868751529303,16,0.0015625
1101110001,12358,"[2, 0, 1, 3]",500,202.41427421569824,False,11.430868751529303,16,0.0015625
1101110001,12359,"[2, 0, 1, 3]",500,202.42714881896973,True,11.430868751529303,16,0.0015625
1101110001,12360,"[2, 0, 1, 3]",500,202.44622230529785,False,11.430868751529303,16,0.0015625
1101110001,12361,"[2, 0, 1, 3]",500,202.45909690856934,True,11.430868751529303,16,0.0015625
1101110001,12362,"[2, 0, 1, 3]",500,202.47697830200195,False,11.430868751529303,16,0.0015625
1101110001,12363,"[2, 0, 1, 3]",500,202.49009132385254,True,11.430868751529303,16,0.0015625
1101110001,12364,"[2, 0, 1, 3]",500,202.50773429870605,False,11.430868751529303,16,0.0015625
1101110001,12365,"[2, 0, 1, 3]",500,202.52108573913574,True,11.430868751529303,16,0.0015625
1101110001,12366,"[2, 0, 1, 3]",500,202.53896713256836,False,11.430868751529303,16,0.0015625
1101110001,12367,"[2, 0, 1, 3]",500,202.55255699157715,True,11.430868751529303,16,0.0015625
1101110001,12368,"[2, 0, 1, 3]",500,202.57210731506348,False,11.430868751529303,16,0.0015625
1101110001,12369,"[2, 0, 1, 3]",500,202.58545875549316,True,11.430868751529303,16,0.0015625
1101110001,12370,"[2, 0, 1, 3]",500,202.60286331176758,False,11.430868751529303,16,0.0015625
1101110001,12371,"[2, 0, 1, 3]",500,202.61597633361816,True,11.430868751529303,16,0.0015625
1101110001,12372,"[2, 0, 1, 3]",500,202.63361930847168,False,11.430868751529303,16,0.0015625
1101110001,12373,"[2, 0, 1, 3]",500,202.64673233032227,True,11.430868751529303,16,0.0015625
1101110001,12374,"[2, 0, 1, 3]",500,202.66437530517578,False,11.430868751529303,16,0.0015625
1101110001,12375,"[2, 0, 1, 3]",500,202.67724990844727,True,11.430868751529303,16,0.0015625
0100110000,12376,"[2, 0, 3, 1]",6200,202.69489288330078,False,10.987418090562802,16,0.0015625
0100110000,12377,"[2, 0, 1, 3]",500,202.70776748657227,True,10.987418090562802,16,0.0015625
0100110000,12378,"[2, 0, 3, 1]",6200,202.72588729858398,False,10.987418090562802,16,0.0015625
0100110000,12379,"[2, 0, 1, 3]",500,202.73947715759277,True,10.987418090562802,16,0.0015625
0100110000,12380,"[2, 0, 3, 1]",6200,202.7590274810791,False,10.987418090562802,16,0.0015625
0100110000,12381,"[2, 0, 1, 3]",500,202.7721405029297,True,10.987418090562802,16,0.0015625
0100110000,12382,"[2, 0, 3, 1]",6200,202.7895450592041,False,10.987418090562802,16,0.0015625
0100110000,12383,"[2, 0, 1, 3]",500,202.8026580810547,True,10.987418090562802,16,0.0015625
0100110000,12384,"[2, 0, 3, 1]",6200,202.8203010559082,False,10.987418090562802,16,0.0015625
0100110000,12385,"[2, 0, 1, 3]",500,202.8331756591797,True,10.987418090562802,16,0.0015625
0100110000,12386,"[2, 0, 3, 1]",6200,202.8505802154541,False,10.987418090562802,16,0.0015625
0100110000,12387,"[2, 0, 1, 3]",500,202.8636932373047,True,10.987418090562802,16,0.0015625
0100110000,12388,"[2, 0, 3, 1]",6200,202.8810977935791,False,10.987418090562802,16,0.0015625
0100110000,12389,"[2, 0, 1, 3]",500,202.8942108154297,True,10.987418090562802,16,0.0015625
0100110000,12390,"[2, 0, 3, 1]",6200,202.9118537902832,False,10.987418090562802,16,0.0015625
0100110000,12391,"[2, 0, 1, 3]",500,202.9249668121338,True,10.987418090562802,16,0.0015625
0100110000,12392,"[2, 0, 3, 1]",6200,202.9428482055664,False,10.987418090562802,16,0.0015625
0100110000,12393,"[2, 0, 1, 3]",500,202.955961227417,True,10.987418090562802,16,0.0015625
0100110000,12394,"[2, 0, 3, 1]",6200,202.9736042022705,False,10.987418090562802,16,0.0015625
0100110000,12395,"[2, 0, 1, 3]",500,202.9867172241211,True,10.987418090562802,16,0.0015625
0100110000,12396,"[2, 0, 3, 1]",6200,203.0041217803955,False,10.987418090562802,16,0.0015625
0100110000,12397,"[2, 0, 1, 3]",500,203.0174732208252,True,10.987418090562802,16,0.0015625
0100110000,12398,"[2, 0, 3, 1]",6200,203.0348777770996,False,10.987418090562802,16,0.0015625
0100110000,12399,"[2, 0, 1, 3]",500,203.0477523803711,True,10.987418090562802,16,0.0015625
0100110000,12400,"[2, 0, 3, 1]",6200,203.0651569366455,False,10.987418090562802,16,0.0015625
0100110000,12401,"[2, 0, 1, 3]",500,203.0782699584961,True,10.987418090562802,16,0.0015625
0100110000,12402,"[2, 0, 3, 1]",6200,203.09782028198242,False,10.987418090562802,16,0.0015625
0100110000,12403,"[2, 0, 1, 3]",500,203.110933303833,True,10.987418090562802,16,0.0015625
0100110000,12404,"[2, 0, 3, 1]",6200,203.12881469726562,False,10.987418090562802,16,0.0015625
0100110000,12405,"[2, 0, 1, 3]",500,203.141450881958,True,10.987418090562802,16,0.0015625
0100110000,12406,"[2, 0, 3, 1]",6200,203.15909385681152,False,10.987418090562802,16,0.0015625
0100110000,12407,"[2, 0, 1, 3]",500,203.171968460083,True,10.987418090562802,16,0.0015625
1011010101,12408,"[1, 0, 3, 2]",465,203.18984985351562,False,17.4629219723169,16,0.0015625
1011010101,12409,"[1, 0, 3, 2]",465,203.2032012939453,True,17.4629219723169,16,0.0015625
1011010101,12410,"[1, 0, 3, 2]",465,203.22060585021973,False,17.4629219723169,16,0.0015625
1011010101,12411,"[1, 0, 3, 2]",465,203.23443412780762,True,17.4629219723169,16,0.0015625
1011010101,12412,"[1, 0, 3, 2]",465,203.25207710266113,False,17.4629219723169,16,0.0015625
1011010101,12413,"[1, 0, 3, 2]",465,203.26566696166992,True,17.4629219723169,16,0.0015625
1011010101,12414,"[1, 0, 3, 2]",465,203.28330993652344,False,17.4629219723169,16,0.0015625
1011010101,12415,"[1, 0, 3, 2]",465,203.29666137695312,True,17.4629219723169,16,0.0015625
1011010101,12416,"[1, 0, 3, 2]",465,203.31621170043945,False,17.4629219723169,16,0.0015625
1011010101,12417,"[1, 0, 3, 2]",465,203.33027839660645,True,17.4629219723169,16,0.0015625
1011010101,12418,"[1, 0, 3, 2]",465,203.34911346435547,False,17.4629219723169,16,0.0015625
1011010101,12419,"[1, 0, 3, 2]",465,203.36294174194336,True,17.4629219723169,16,0.0015625
1011010101,12420,"[1, 0, 3, 2]",465,203.38082313537598,False,17.4629219723169,16,0.0015625
1011010101,12421,"[1, 0, 3, 2]",465,203.39441299438477,True,17.4629219723169,16,0.0015625
1011010101,12422,"[1, 0, 3, 2]",465,203.413724899292,False,17.4629219723169,16,0.0015625
1011010101,12423,"[1, 0, 3, 2]",465,203.42707633972168,True,17.4629219723169,16,0.0015625
1011010101,12424,"[1, 0, 3, 2]",465,203.4447193145752,False,17.4629219723169,16,0.0015625
1011010101,12425,"[1, 0, 3, 2]",465,203.45807075500488,True,17.4629219723169,16,0.0015625
1011010101,12426,"[1, 0, 3, 2]",465,203.4754753112793,False,17.4629219723169,16,0.0015625
1011010101,12427,"[1, 0, 3, 2]",465,203.48834991455078,True,17.4629219723169,16,0.0015625
1011010101,12428,"[1, 0, 3, 2]",465,203.5057544708252,False,17.4629219723169,16,0.0015625
1011010101,12429,"[1, 0, 3, 2]",465,203.51910591125488,True,17.4629219723169,16,0.0015625
1011010101,12430,"[1, 0, 3, 2]",465,203.5367488861084,False,17.4629219723169,16,0.0015625
1011010101,12431,"[1, 0, 3, 2]",465,203.54962348937988,True,17.4629219723169,16,0.0015625
1011010101,12432,"[1, 0, 3, 2]",465,203.5675048828125,False,17.4629219723169,16,0.0015625
1011010101,12433,"[1, 0, 3, 2]",465,203.5806179046631,True,17.4629219723169,16,0.0015625
1011010101,12434,"[1, 0, 3, 2]",465,203.5982608795166,False,17.4629219723169,16,0.0015625
1011010101,12435,"[1, 0, 3, 2]",465,203.6111354827881,True,17.4629219723169,16,0.0015625
1011010101,12436,"[1, 0, 3, 2]",465,203.6287784576416,False,17.4629219723169,16,0.0015625
1011010101,12437,"[1, 0, 3, 2]",465,203.6416530609131,True,17.4629219723169,16,0.0015625
1011010101,12438,"[1, 0, 3, 2]",465,203.6595344543457,False,17.4629219723169,16,0.0015625
1011010101,12439,"[1, 0, 3, 2]",465,203.6721706390381,True,17.4629219723169,16,0.0015625
0110110000,12440,"[2, 1, 0, 3]",600,203.6900520324707,False,15.430868751529296,16,0.0015625
0110110000,12441,"[2, 1, 0, 3]",600,203.7034034729004,True,15.430868751529296,16,0.0015625
0110110000,12442,"[2, 1, 0, 3]",600,203.7215232849121,False,15.430868751529296,16,0.0015625
0110110000,12443,"[2, 1, 0, 3]",600,203.7351131439209,True,15.430868751529296,16,0.0015625
0110110000,12444,"[2, 1, 0, 3]",600,203.75585556030273,False,15.430868751529296,16,0.0015625
0110110000,12445,"[2, 1, 0, 3]",600,203.76896858215332,True,15.430868751529296,16,0.0015625
0110110000,12446,"[2, 1, 0, 3]",600,203.78684997558594,False,15.430868751529296,16,0.0015625
0110110000,12447,"[2, 1, 0, 3]",600,203.79996299743652,True,15.430868751529296,16,0.0015625
0110110000,12448,"[2, 1, 0, 3]",600,203.81760597229004,False,15.430868751529296,16,0.0015625
0110110000,12449,"[2, 1, 0, 3]",600,203.83095741271973,True,15.430868751529296,16,0.0015625
0110110000,12450,"[2, 1, 0, 3]",600,203.85265350341797,False,15.430868751529296,16,0.0015625
0110110000,12451,"[2, 1, 0, 3]",600,203.86624336242676,True,15.430868751529296,16,0.0015625
0110110000,12452,"[2, 1, 0, 3]",600,203.90081405639648,False,15.430868751529296,16,0.0015625
0110110000,12453,"[2, 1, 0, 3]",600,203.91464233398438,True,15.430868751529296,16,0.0015625
0110110000,12454,"[2, 1, 0, 3]",600,203.94301414489746,False,15.430868751529296,16,0.0015625
0110110000,12455,"[2, 1, 0, 3]",600,203.95636558532715,True,15.430868751529296,16,0.0015625
0110110000,12456,"[2, 1, 0, 3]",600,203.97400856018066,False,15.430868751529296,16,0.0015625
0110110000,12457,"[2, 1, 0, 3]",600,203.98736000061035,True,15.430868751529296,16,0.0015625
0110110000,12458,"[2, 1, 0, 3]",600,204.00500297546387,False,15.430868751529296,16,0.0015625
0110110000,12459,"[2, 1, 0, 3]",600,204.01811599731445,True,15.430868751529296,16,0.0015625
0110110000,12460,"[2, 1, 0, 3]",600,204.03575897216797,False,15.430868751529296,16,0.0015625
0110110000,12461,"[2, 1, 0, 3]",600,204.04911041259766,True,15.430868751529296,16,0.0015625
0110110000,12462,"[2, 1, 0, 3]",600,204.06699180603027,False,15.430868751529296,16,0.0015625
0110110000,12463,"[2, 1, 0, 3]",600,204.08034324645996,True,15.430868751529296,16,0.0015625
0110110000,12464,"[2, 1, 0, 3]",600,204.0998935699463,False,15.430868751529296,16,0.0015625
0110110000,12465,"[2, 1, 0, 3]",600,204.11300659179688,True,15.430868751529296,16,0.0015625
0110110000,12466,"[2, 1, 0, 3]",600,204.1308879852295,False,15.430868751529296,16,0.0015625
0110110000,12467,"[2, 1, 0, 3]",600,204.14400100708008,True,15.430868751529296,16,0.0015625
0110110000,12468,"[2, 1, 0, 3]",600,204.1621208190918,False,15.430868751529296,16,0.0015625
0110110000,12469,"[2, 1, 0, 3]",600,204.17523384094238,True,15.430868751529296,16,0.0015625
0110110000,12470,"[2, 1, 0, 3]",600,204.1945457458496,False,15.430868751529296,16,0.0015625
0110110000,12471,"[2, 1, 0, 3]",600,204.2074203491211,True,15.430868751529296,16,0.0015625
0000000100,12472,"[3, 2, 1, 0]",9600,204.2255401611328,False,18.18188720114459,16,0.0015625
0000000100,12473,"[3, 2, 1, 0]",9600,204.2391300201416,True,18.18188720114459,16,0.0015625
0000000100,12474,"[3, 2, 1, 0]",9600,204.25701141357422,False,18.18188720114459,16,0.0015625
0000000100,12475,"[3, 2, 1, 0]",9600,204.2703628540039,True,18.18188720114459,16,0.0015625
0000000100,12476,"[3, 2, 1, 0]",9600,204.28824424743652,False,18.18188720114459,16,0.0015625
0000000100,12477,"[3, 2, 1, 0]",9600,204.3015956878662,True,18.18188720114459,16,0.0015625
0000000100,12478,"[3, 2, 1, 0]",9600,204.31923866271973,False,18.18188720114459,16,0.0015625
0000000100,12479,"[3, 2, 1, 0]",9600,204.3323516845703,True,18.18188720114459,16,0.0015625
0000000100,12480,"[3, 2, 1, 0]",9600,204.35023307800293,False,18.18188720114459,16,0.0015625
0000000100,12481,"[3, 2, 1, 0]",9600,204.3631076812744,True,18.18188720114459,16,0.0015625
0000000100,12482,"[3, 2, 1, 0]",9600,204.38051223754883,False,18.18188720114459,16,0.0015625
0000000100,12483,"[3, 2, 1, 0]",9600,204.3936252593994,True,18.18188720114459,16,0.0015625
0000000100,12484,"[3, 2, 1, 0]",9600,204.41126823425293,False,18.18188720114459,16,0.0015625
0000000100,12485,"[3, 2, 1, 0]",9600,204.4241428375244,True,18.18188720114459,16,0.0015625
0000000100,12486,"[3, 2, 1, 0]",9600,204.44345474243164,False,18.18188720114459,16,0.0015625
0000000100,12487,"[3, 2, 1, 0]",9600,204.45632934570312,True,18.18188720114459,16,0.0015625
0000000100,12488,"[3, 2, 1, 0]",9600,204.47397232055664,False,18.18188720114459,16,0.0015625
0000000100,12489,"[3, 2, 1, 0]",9600,204.48684692382812,True,18.18188720114459,16,0.0015625
0000000100,12490,"[3, 2, 1, 0]",9600,204.50448989868164,False,18.18188720114459,16,0.0015625
0000000100,12491,"[3, 2, 1, 0]",9600,204.51736450195312,True,18.18188720114459,16,0.0015625
0000000100,12492,"[3, 2, 1, 0]",9600,204.53476905822754,False,18.18188720114459,16,0.0015625
0000000100,12493,"[3, 2, 1, 0]",9600,204.54716682434082,True,18.18188720114459,16,0.0015625
0000000100,12494,"[3, 2, 1, 0]",9600,204.56457138061523,False,18.18188720114459,16,0.0015625
0000000100,12495,"[3, 2, 1, 0]",9600,204.57744598388672,True,18.18188720114459,16,0.0015625
0000000100,12496,"[3, 2, 1, 0]",9600,204.59508895874023,False,18.18188720114459,16,0.0015625
0000000100,12497,"[3, 2, 1, 0]",9600,204.60772514343262,True,18.18188720114459,16,0.0015625
0000000100,12498,"[3, 2, 1, 0]",9600,204.62536811828613,False,18.18188720114459,16,0.0015625
0000000100,12499,"[3, 2, 1, 0]",9600,204.6377658843994,True,18.18188720114459,16,0.0015625
0000000100,12500,"[3, 2, 1, 0]",9600,204.65540885925293,False,18.18188720114459,16,0.0015625
0000000100,12501,"[3, 2, 1, 0]",9600,204.6682834625244,True,18.18188720114459,16,0.0015625
0000000100,12502,"[3, 2, 1, 0]",9600,204.68592643737793,False,18.18188720114459,16,0.0015625
0000000100,12503,"[3, 2, 1, 0]",9600,204.69903945922852,True,18.18188720114459,16,0.0015625
1011111111,12504,"[3, 2, 1, 0]",9600,204.71692085266113,False,36.363582628035374,16,0.0015625
1011111111,12505,"[3, 2, 1, 0]",9600,204.73003387451172,True,36.363582628035374,16,0.0015625
1011111111,12506,"[3, 2, 1, 0]",9600,204.74958419799805,False,36.363582628035374,16,0.0015625
1011111111,12507,"[3, 2, 1, 0]",9600,204.76222038269043,True,36.363582628035374,16,0.0015625
1011111111,12508,"[3, 2, 1, 0]",9600,204.77986335754395,False,36.363582628035374,16,0.0015625
1011111111,12509,"[3, 2, 1, 0]",9600,204.79273796081543,True,36.363582628035374,16,0.0015625
1011111111,12510,"[3, 2, 1, 0]",9600,204.81014251708984,False,36.363582628035374,16,0.0015625
1011111111,12511,"[3, 2, 1, 0]",9600,204.82277870178223,True,36.363582628035374,16,0.0015625
1011111111,12512,"[3, 2, 1, 0]",9600,204.84066009521484,False,36.363582628035374,16,0.0015625
1011111111,12513,"[3, 2, 1, 0]",9600,204.85305786132812,True,36.363582628035374,16,0.0015625
1011111111,12514,"[3, 2, 1, 0]",9600,204.87117767333984,False,36.363582628035374,16,0.0015625
1011111111,12515,"[3, 2, 1, 0]",9600,204.88357543945312,True,36.363582628035374,16,0.0015625
1011111111,12516,"[3, 2, 1, 0]",9600,204.90145683288574,False,36.363582628035374,16,0.0015625
1011111111,12517,"[3, 2, 1, 0]",9600,204.91433143615723,True,36.363582628035374,16,0.0015625
1011111111,12518,"[3, 2, 1, 0]",9600,204.93268966674805,False,36.363582628035374,16,0.0015625
1011111111,12519,"[3, 2, 1, 0]",9600,204.94556427001953,True,36.363582628035374,16,0.0015625
1011111111,12520,"[3, 2, 1, 0]",9600,204.96511459350586,False,36.363582628035374,16,0.0015625
1011111111,12521,"[3, 2, 1, 0]",9600,204.97775077819824,True,36.363582628035374,16,0.0015625
1011111111,12522,"[3, 2, 1, 0]",9600,204.99539375305176,False,36.363582628035374,16,0.0015625
1011111111,12523,"[3, 2, 1, 0]",9600,205.00802993774414,True,36.363582628035374,16,0.0015625
1011111111,12524,"[3, 2, 1, 0]",9600,205.02567291259766,False,36.363582628035374,16,0.0015625
1011111111,12525,"[3, 2, 1, 0]",9600,205.03854751586914,True,36.363582628035374,16,0.0015625
1011111111,12526,"[3, 2, 1, 0]",9600,205.05642890930176,False,36.363582628035374,16,0.0015625
1011111111,12527,"[3, 2, 1, 0]",9600,205.06954193115234,True,36.363582628035374,16,0.0015625
1011111111,12528,"[3, 2, 1, 0]",9600,205.08885383605957,False,36.363582628035374,16,0.0015625
1011111111,12529,"[3, 2, 1, 0]",9600,205.10196685791016,True,36.363582628035374,16,0.0015625
1011111111,12530,"[3, 2, 1, 0]",9600,205.11960983276367,False,36.363582628035374,16,0.0015625
1011111111,12531,"[3, 2, 1, 0]",9600,205.13272285461426,True,36.363582628035374,16,0.0015625
1011111111,12532,"[3, 2, 1, 0]",9600,205.14988899230957,False,36.363582628035374,16,0.0015625
1011111111,12533,"[3, 2, 1, 0]",9600,205.16276359558105,True,36.363582628035374,16,0.0015625
1011111111,12534,"[3, 2, 1, 0]",9600,205.18016815185547,False,36.363582628035374,16,0.0015625
1011111111,12535,"[3, 2, 1, 0]",9600,205.19280433654785,True,36.363582628035374,16,0.0015625
0000100111,12536,"[2, 3, 1, 0]",9600,205.21020889282227,False,20.31826374999472,16,0.0015625
0000100111,12537,"[2, 3, 1, 0]",9600,205.22308349609375,True,20.31826374999472,16,0.0015625
0000100111,12538,"[2, 3, 1, 0]",9600,205.24072647094727,False,20.31826374999472,16,0.0015625
0000100111,12539,"[2, 3, 1, 0]",9600,205.25360107421875,True,20.31826374999472,16,0.0015625
0000100111,12540,"[2, 3, 1, 0]",9600,205.27124404907227,False,20.31826374999472,16,0.0015625
0000100111,12541,"[2, 3, 1, 0]",9600,205.28364181518555,True,20.31826374999472,16,0.0015625
0000100111,12542,"[2, 3, 1, 0]",9600,205.30152320861816,False,20.31826374999472,16,0.0015625
0000100111,12543,"[2, 3, 1, 0]",9600,205.31392097473145,True,20.31826374999472,16,0.0015625
0000100111,12544,"[2, 3, 1, 0]",9600,205.33132553100586,False,20.31826374999472,16,0.0015625
0000100111,12545,"[2, 3, 1, 0]",9600,205.34396171569824,True,20.31826374999472,16,0.0015625
0000100111,12546,"[2, 3, 1, 0]",9600,205.36136627197266,False,20.31826374999472,16,0.0015625
0000100111,12547,"[2, 3, 1, 0]",9600,205.37400245666504,True,20.31826374999472,16,0.0015625
0000100111,12548,"[2, 3, 1, 0]",9600,205.39331436157227,False,20.31826374999472,16,0.0015625
0000100111,12549,"[2, 3, 1, 0]",9600,205.40595054626465,True,20.31826374999472,16,0.0015625
0000100111,12550,"[2, 3, 1, 0]",9600,205.42335510253906,False,20.31826374999472,16,0.0015625
0000100111,12551,"[2, 3, 1, 0]",9600,205.43575286865234,True,20.31826374999472,16,0.0015625
0000100111,12552,"[2, 3, 1, 0]",9600,205.45339584350586,False,20.31826374999472,16,0.0015625
0000100111,12553,"[2, 3, 1, 0]",9600,205.46627044677734,True,20.31826374999472,16,0.0015625
0000100111,12554,"[2, 3, 1, 0]",9600,205.48343658447266,False,20.31826374999472,16,0.0015625
0000100111,12555,"[2, 3, 1, 0]",9600,205.49631118774414,True,20.31826374999472,16,0.0015625
0000100111,12556,"[2, 3, 1, 0]",9600,205.51347732543945,False,20.31826374999472,16,0.0015625
0000100111,12557,"[2, 3, 1, 0]",9600,205.52825927734375,True,20.31826374999472,16,0.0015625
0000100111,12558,"[2, 3, 1, 0]",9600,205.54566383361816,False,20.31826374999472,16,0.0015625
0000100111,12559,"[2, 3, 1, 0]",9600,205.55830001831055,True,20.31826374999472,16,0.0015625
0000100111,12560,"[2, 3, 1, 0]",9600,205.57570457458496,False,20.31826374999472,16,0.0015625
0000100111,12561,"[2, 3, 1, 0]",9600,205.58810234069824,True,20.31826374999472,16,0.0015625
0000100111,12562,"[2, 3, 1, 0]",9600,205.60550689697266,False,20.31826374999472,16,0.0015625
0000100111,12563,"[2, 3, 1, 0]",9600,205.61814308166504,True,20.31826374999472,16,0.0015625
0000100111,12564,"[2, 3, 1, 0]",9600,205.63530921936035,False,20.31826374999472,16,0.0015625
0000100111,12565,"[2, 3, 1, 0]",9600,205.64770698547363,True,20.31826374999472,16,0.0015625
0000100111,12566,"[2, 3, 1, 0]",9600,205.66511154174805,False,20.31826374999472,16,0.0015625
0000100111,12567,"[2, 3, 1, 0]",9600,205.67750930786133,True,20.31826374999472,16,0.0015625
0001001100,12568,"[3, 1, 2, 0]",9450,205.69658279418945,False,13.221423844398668,16,0.0015625
0001001100,12569,"[3, 1, 0, 2]",900,205.71041107177734,True,13.221423844398668,16,0.0015625
0001001100,12570,"[3, 1, 2, 0]",9450,205.73019981384277,False,13.221423844398668,16,0.0015625
0001001100,12571,"[3, 1, 0, 2]",900,205.74355125427246,True,13.221423844398668,16,0.0015625
0001001100,12572,"[3, 1, 2, 0]",9450,205.76143264770508,False,13.221423844398668,16,0.0015625
0001001100,12573,"[3, 1, 0, 2]",900,205.77478408813477,True,13.221423844398668,16,0.0015625
0001001100,12574,"[3, 1, 2, 0]",9450,205.79242706298828,False,13.221423844398668,16,0.0015625
0001001100,12575,"[3, 1, 0, 2]",900,205.80601692199707,True,13.221423844398668,16,0.0015625
0001001100,12576,"[3, 1, 2, 0]",9450,205.82342147827148,False,13.221423844398668,16,0.0015625
0001001100,12577,"[3, 1, 0, 2]",900,205.83677291870117,True,13.221423844398668,16,0.0015625
0001001100,12578,"[3, 1, 2, 0]",9450,205.8541774749756,False,13.221423844398668,16,0.0015625
0001001100,12579,"[3, 1, 0, 2]",900,205.86824417114258,True,13.221423844398668,16,0.0015625
0001001100,12580,"[3, 1, 2, 0]",9450,205.8858871459961,False,13.221423844398668,16,0.0015625
0001001100,12581,"[3, 1, 0, 2]",900,205.8999538421631,True,13.221423844398668,16,0.0015625
0001001100,12582,"[3, 1, 2, 0]",9450,205.9173583984375,False,13.221423844398668,16,0.0015625
0001001100,12583,"[3, 1, 0, 2]",900,205.9309482574463,True,13.221423844398668,16,0.0015625
0001001100,12584,"[3, 1, 2, 0]",9450,205.9497833251953,False,13.221423844398668,16,0.0015625
0001001100,12585,"[3, 1, 0, 2]",900,205.963134765625,True,13.221423844398668,16,0.0015625
0001001100,12586,"[3, 1, 2, 0]",9450,205.9805393218994,False,13.221423844398668,16,0.0015625
0001001100,12587,"[3, 1, 0, 2]",900,205.9938907623291,True,13.221423844398668,16,0.0015625
0001001100,12588,"[3, 1, 2, 0]",9450,206.01153373718262,False,13.221423844398668,16,0.0015625
0001001100,12589,"[3, 1, 0, 2]",900,206.0248851776123,True,13.221423844398668,16,0.0015625
0001001100,12590,"[3, 1, 2, 0]",9450,206.04395866394043,False,13.221423844398668,16,0.0015625
0001001100,12591,"[3, 1, 0, 2]",900,206.05731010437012,True,13.221423844398668,16,0.0015625
0001001100,12592,"[3, 1, 2, 0]",9450,206.07471466064453,False,13.221423844398668,16,0.0015625
0001001100,12593,"[3, 1, 0, 2]",900,206.08806610107422,True,13.221423844398668,16,0.0015625
0001001100,12594,"[3, 1, 2, 0]",9450,206.10547065734863,False,13.221423844398668,16,0.0015625
0001001100,12595,"[3, 1, 0, 2]",900,206.11882209777832,True,13.221423844398668,16,0.0015625
0001001100,12596,"[3, 1, 2, 0]",9450,206.13622665405273,False,13.221423844398668,16,0.0015625
0001001100,12597,"[3, 1, 0, 2]",900,206.14957809448242,True,13.221423844398668,16,0.0015625
0001001100,12598,"[3, 1, 2, 0]",9450,206.16698265075684,False,13.221423844398668,16,0.0015625
0001001100,12599,"[3, 1, 0, 2]",900,206.18033409118652,True,13.221423844398668,16,0.0015625
1000101100,12600,"[3, 2, 0, 1]",6600,206.19821548461914,False,30.456314071920083,16,0.0015625
1000101100,12601,"[3, 2, 0, 1]",6600,206.21156692504883,True,30.456314071920083,16,0.0015625
1000101100,12602,"[3, 2, 0, 1]",6600,206.22920989990234,False,30.456314071920083,16,0.0015625
1000101100,12603,"[3, 2, 0, 1]",6600,206.24232292175293,True,30.456314071920083,16,0.0015625
1000101100,12604,"[3, 2, 0, 1]",6600,206.25996589660645,False,30.456314071920083,16,0.0015625
1000101100,12605,"[3, 2, 0, 1]",6600,206.27307891845703,True,30.456314071920083,16,0.0015625
1000101100,12606,"[3, 2, 0, 1]",6600,206.29048347473145,False,30.456314071920083,16,0.0015625
1000101100,12607,"[3, 2, 0, 1]",6600,206.30311965942383,True,30.456314071920083,16,0.0015625
1000101100,12608,"[3, 2, 0, 1]",6600,206.32052421569824,False,30.456314071920083,16,0.0015625
1000101100,12609,"[3, 2, 0, 1]",6600,206.33363723754883,True,30.456314071920083,16,0.0015625
1000101100,12610,"[3, 2, 0, 1]",6600,206.35104179382324,False,30.456314071920083,16,0.0015625
1000101100,12611,"[3, 2, 0, 1]",6600,206.36415481567383,True,30.456314071920083,16,0.0015625
1000101100,12612,"[3, 2, 0, 1]",6600,206.38322830200195,False,30.456314071920083,16,0.0015625
1000101100,12613,"[3, 2, 0, 1]",6600,206.39634132385254,True,30.456314071920083,16,0.0015625
1000101100,12614,"[3, 2, 0, 1]",6600,206.41398429870605,False,30.456314071920083,16,0.0015625
1000101100,12615,"[3, 2, 0, 1]",6600,206.42685890197754,True,30.456314071920083,16,0.0015625
1000101100,12616,"[3, 2, 0, 1]",6600,206.44450187683105,False,30.456314071920083,16,0.0015625
1000101100,12617,"[3, 2, 0, 1]",6600,206.45713806152344,True,30.456314071920083,16,0.0015625
1000101100,12618,"[3, 2, 0, 1]",6600,206.47501945495605,False,30.456314071920083,16,0.0015625
1000101100,12619,"[3, 2, 0, 1]",6600,206.48837089538574,True,30.456314071920083,16,0.0015625
1000101100,12620,"[3, 2, 0, 1]",6600,206.50768280029297,False,30.456314071920083,16,0.0015625
1000101100,12621,"[3, 2, 0, 1]",6600,206.52055740356445,True,30.456314071920083,16,0.0015625
1000101100,12622,"[3, 2, 0, 1]",6600,206.53820037841797,False,30.456314071920083,16,0.0015625
1000101100,12623,"[3, 2, 0, 1]",6600,206.55083656311035,True,30.456314071920083,16,0.0015625
1000101100,12624,"[3, 2, 0, 1]",6600,206.56824111938477,False,30.456314071920083,16,0.0015625
1000101100,12625,"[3, 2, 0, 1]",6600,206.58111572265625,True,30.456314071920083,16,0.0015625
1000101100,12626,"[3, 2, 0, 1]",6600,206.59852027893066,False,30.456314071920083,16,0.0015625
1000101100,12627,"[3, 2, 0, 1]",6600,206.61163330078125,True,30.456314071920083,16,0.0015625
1000101100,12628,"[3, 2, 0, 1]",6600,206.62903785705566,False,30.456314071920083,16,0.0015625
1000101100,12629,"[3, 2, 0, 1]",6600,206.64215087890625,True,30.456314071920083,16,0.0015625
1000101100,12630,"[3, 2, 0, 1]",6600,206.65955543518066,False,30.456314071920083,16,0.0015625
1000101100,12631,"[3, 2, 0, 1]",6600,206.67266845703125,True,30.456314071920083,16,0.0015625
0001011001,12632,"[3, 2, 1, 0]",9600,206.69245719909668,False,12.363774402289181,16,0.0015625
0001011001,12633,"[3, 2, 1, 0]",9600,206.70557022094727,True,12.363774402289181,16,0.0015625
0001011001,12634,"[3, 2, 1, 0]",9600,206.72321319580078,False,12.363774402289181,16,0.0015625
0001011001,12635,"[3, 2, 1, 0]",9600,206.73608779907227,True,12.363774402289181,16,0.0015625
0001011001,12636,"[3, 2, 1, 0]",9600,206.75349235534668,False,12.363774402289181,16,0.0015625
0001011001,12637,"[3, 2, 1, 0]",9600,206.76612854003906,True,12.363774402289181,16,0.0015625
0001011001,12638,"[3, 2, 1, 0]",9600,206.78400993347168,False,12.363774402289181,16,0.0015625
0001011001,12639,"[3, 2, 1, 0]",9600,206.79664611816406,True,12.363774402289181,16,0.0015625
0001011001,12640,"[3, 2, 1, 0]",9600,206.81405067443848,False,12.363774402289181,16,0.0015625
0001011001,12641,"[3, 2, 1, 0]",9600,206.82692527770996,True,12.363774402289181,16,0.0015625
0001011001,12642,"[3, 2, 1, 0]",9600,206.84432983398438,False,12.363774402289181,16,0.0015625
0001011001,12643,"[3, 2, 1, 0]",9600,206.85720443725586,True,12.363774402289181,16,0.0015625
0001011001,12644,"[3, 2, 1, 0]",9600,206.87437057495117,False,12.363774402289181,16,0.0015625
0001011001,12645,"[3, 2, 1, 0]",9600,206.88724517822266,True,12.363774402289181,16,0.0015625
0001011001,12646,"[3, 2, 1, 0]",9600,206.90417289733887,False,12.363774402289181,16,0.0015625
0001011001,12647,"[3, 2, 1, 0]",9600,206.9392204284668,True,12.363774402289181,16,0.0015625
0001011001,12648,"[3, 2, 1, 0]",9600,206.95757865905762,False,12.363774402289181,16,0.0015625
0001011001,12649,"[3, 2, 1, 0]",9600,206.97021484375,True,12.363774402289181,16,0.0015625
0001011001,12650,"[3, 2, 1, 0]",9600,206.98785781860352,False,12.363774402289181,16,0.0015625
0001011001,12651,"[3, 2, 1, 0]",9600,207.000732421875,True,12.363774402289181,16,0.0015625
0001011001,12652,"[3, 2, 1, 0]",9600,207.01837539672852,False,12.363774402289181,16,0.0015625
0001011001,12653,"[3, 2, 1, 0]",9600,207.0314884185791,True,12.363774402289181,16,0.0015625
0001011001,12654,"[3, 2, 1, 0]",9600,207.05032348632812,False,12.363774402289181,16,0.0015625
0001011001,12655,"[3, 2, 1, 0]",9600,207.0634365081787,True,12.363774402289181,16,0.0015625
0001011001,12656,"[3, 2, 1, 0]",9600,207.08084106445312,False,12.363774402289181,16,0.0015625
0001011001,12657,"[3, 2, 1, 0]",9600,207.0939540863037,True,12.363774402289181,16,0.0015625
0001011001,12658,"[3, 2, 1, 0]",9600,207.11135864257812,False,12.363774402289181,16,0.0015625
0001011001,12659,"[3, 2, 1, 0]",9600,207.1244716644287,True,12.363774402289181,16,0.0015625
0001011001,12660,"[3, 2, 1, 0]",9600,207.14187622070312,False,12.363774402289181,16,0.0015625
0001011001,12661,"[3, 2, 1, 0]",9600,207.1545124053955,True,12.363774402289181,16,0.0015625
0001011001,12662,"[3, 2, 1, 0]",9600,207.17191696166992,False,12.363774402289181,16,0.0015625
0001011001,12663,"[3, 2, 1, 0]",9600,207.1847915649414,True,12.363774402289181,16,0.0015625
1000000000,12664,"[0, 3, 2, 1]",6300,207.20219612121582,False,23.0,15,0.00146484375
1000000000,12665,"[0, 1, 3, 2]",465,207.2160243988037,True,23.0,15,0.00146484375
1000000000,12666,"[0, 3, 2, 1]",6300,207.23390579223633,False,23.0,15,0.00146484375
1000000000,12667,"[0, 1, 3, 2]",465,207.24725723266602,True,23.0,15,0.00146484375
1000000000,12668,"[0, 3, 2, 1]",6300,207.26537704467773,False,23.0,15,0.00146484375
1000000000,12669,"[0, 1, 3, 2]",465,207.27872848510742,True,23.0,15,0.00146484375
1000000000,12670,"[0, 3, 2, 1]",6300,207.29899406433105,False,23.0,15,0.00146484375
1000000000,12671,"[0, 1, 3, 2]",465,207.31234550476074,True,23.0,15,0.00146484375
1000000000,12672,"[0, 3, 2, 1]",6300,207.32998847961426,False,23.0,15,0.00146484375
1000000000,12673,"[0, 1, 3, 2]",465,207.34357833862305,True,23.0,15,0.00146484375
1000000000,12674,"[0, 3, 2, 1]",6300,207.36241340637207,False,23.0,15,0.00146484375
1000000000,12675,"[0, 1, 3, 2]",465,207.37552642822266,True,23.0,15,0.00146484375
1000000000,12676,"[0, 3, 2, 1]",6300,207.39316940307617,False,23.0,15,0.00146484375
1000000000,12677,"[0, 1, 3, 2]",465,207.40604400634766,True,23.0,15,0.00146484375
1000000000,12678,"[0, 3, 2, 1]",6300,207.42321014404297,False,23.0,15,0.00146484375
1000000000,12679,"[0, 1, 3, 2]",465,207.43656158447266,True,23.0,15,0.00146484375
1000000000,12680,"[0, 3, 2, 1]",6300,207.45348930358887,False,23.0,15,0.00146484375
1000000000,12681,"[0, 1, 3, 2]",465,207.46684074401855,True,23.0,15,0.00146484375
1000000000,12682,"[0, 3, 2, 1]",6300,207.48424530029297,False,23.0,15,0.00146484375
1000000000,12683,"[0, 1, 3, 2]",465,207.49735832214355,True,23.0,15,0.00146484375
1000000000,12684,"[0, 3, 2, 1]",6300,207.51476287841797,False,23.0,15,0.00146484375
1000000000,12685,"[0, 1, 3, 2]",465,207.52763748168945,True,23.0,15,0.00146484375
1000000000,12686,"[0, 3, 2, 1]",6300,207.54480361938477,False,23.0,15,0.00146484375
1000000000,12687,"[0, 1, 3, 2]",465,207.55767822265625,True,23.0,15,0.00146484375
1000000000,12688,"[0, 3, 2, 1]",6300,207.57484436035156,False,23.0,15,0.00146484375
1000000000,12689,"[0, 1, 3, 2]",465,207.58771896362305,True,23.0,15,0.00146484375
1000000000,12690,"[0, 3, 2, 1]",6300,207.60488510131836,False,23.0,15,0.00146484375
1000000000,12691,"[0, 1, 3, 2]",465,207.61775970458984,True,23.0,15,0.00146484375
1000000000,12692,"[0, 3, 2, 1]",6300,207.63516426086426,False,23.0,15,0.00146484375
1000000000,12693,"[0, 1, 3, 2]",465,207.64827728271484,True,23.0,15,0.00146484375
1101111110,12694,"[3, 2, 0, 1]",6600,207.66592025756836,False,38.262643212343875,15,0.00146484375
1101111110,12695,"[3, 2, 0, 1]",6600,207.67951011657715,True,38.262643212343875,15,0.00146484375
1101111110,12696,"[3, 2, 0, 1]",6600,207.69882202148438,False,38.262643212343875,15,0.00146484375
1101111110,12697,"[3, 2, 0, 1]",6600,207.71217346191406,True,38.262643212343875,15,0.00146484375
1101111110,12698,"[3, 2, 0, 1]",6600,207.72981643676758,False,38.262643212343875,15,0.00146484375
1101111110,12699,"[3, 2, 0, 1]",6600,207.74269104003906,True,38.262643212343875,15,0.00146484375
1101111110,12700,"[3, 2, 0, 1]",6600,207.76033401489258,False,38.262643212343875,15,0.00146484375
1101111110,12701,"[3, 2, 0, 1]",6600,207.77320861816406,True,38.262643212343875,15,0.00146484375
1101111110,12702,"[3, 2, 0, 1]",6600,207.79085159301758,False,38.262643212343875,15,0.00146484375
1101111110,12703,"[3, 2, 0, 1]",6600,207.80324935913086,True,38.262643212343875,15,0.00146484375
1101111110,12704,"[3, 2, 0, 1]",6600,207.82089233398438,False,38.262643212343875,15,0.00146484375
1101111110,12705,"[3, 2, 0, 1]",6600,207.83376693725586,True,38.262643212343875,15,0.00146484375
1101111110,12706,"[3, 2, 0, 1]",6600,207.8547477722168,False,38.262643212343875,15,0.00146484375
1101111110,12707,"[3, 2, 0, 1]",6600,207.86786079406738,True,38.262643212343875,15,0.00146484375
1101111110,12708,"[3, 2, 0, 1]",6600,207.8857421875,False,38.262643212343875,15,0.00146484375
1101111110,12709,"[3, 2, 0, 1]",6600,207.8990936279297,True,38.262643212343875,15,0.00146484375
1101111110,12710,"[3, 2, 0, 1]",6600,207.9164981842041,False,38.262643212343875,15,0.00146484375
1101111110,12711,"[3, 2, 0, 1]",6600,207.9298496246338,True,38.262643212343875,15,0.00146484375
1101111110,12712,"[3, 2, 0, 1]",6600,207.9472541809082,False,38.262643212343875,15,0.00146484375
1101111110,12713,"[3, 2, 0, 1]",6600,207.9598903656006,True,38.262643212343875,15,0.00146484375
1101111110,12714,"[3, 2, 0, 1]",6600,207.977294921875,False,38.262643212343875,15,0.00146484375
1101111110,12715,"[3, 2, 0, 1]",6600,207.9904079437256,True,38.262643212343875,15,0.00146484375
1101111110,12716,"[3, 2, 0, 1]",6600,208.0099582672119,False,38.262643212343875,15,0.00146484375
1101111110,12717,"[3, 2, 0, 1]",6600,208.0225944519043,True,38.262643212343875,15,0.00146484375
1101111110,12718,"[3, 2, 0, 1]",6600,208.0404758453369,False,38.262643212343875,15,0.00146484375
1101111110,12719,"[3, 2, 0, 1]",6600,208.0533504486084,True,38.262643212343875,15,0.00146484375
1101111110,12720,"[3, 2, 0, 1]",6600,208.0709934234619,False,38.262643212343875,15,0.00146484375
1101111110,12721,"[3, 2, 0, 1]",6600,208.0838680267334,True,38.262643212343875,15,0.00146484375
1101111110,12722,"[3, 2, 0, 1]",6600,208.10341835021973,False,38.262643212343875,15,0.00146484375
1101111110,12723,"[3, 2, 0, 1]",6600,208.1160545349121,True,38.262643212343875,15,0.00146484375
1100000000,12724,"[0, 3, 2, 1]",6300,208.13369750976562,False,12.0,15,0.00146484375
1100000000,12725,"[0, 1, 3, 2]",465,208.1470489501953,True,12.0,15,0.00146484375
1100000000,12726,"[0, 3, 2, 1]",6300,208.16445350646973,False,12.0,15,0.00146484375
1100000000,12727,"[0, 1, 3, 2]",465,208.1778049468994,True,12.0,15,0.00146484375
1100000000,12728,"[0, 3, 2, 1]",6300,208.19520950317383,False,12.0,15,0.00146484375
1100000000,12729,"[0, 1, 3, 2]",465,208.2083225250244,True,12.0,15,0.00146484375
1100000000,12730,"[0, 3, 2, 1]",6300,208.22596549987793,False,12.0,15,0.00146484375
1100000000,12731,"[0, 1, 3, 2]",465,208.23931694030762,True,12.0,15,0.00146484375
1100000000,12732,"[0, 3, 2, 1]",6300,208.25672149658203,False,12.0,15,0.00146484375
1100000000,12733,"[0, 1, 3, 2]",465,208.26983451843262,True,12.0,15,0.00146484375
1100000000,12734,"[0, 3, 2, 1]",6300,208.28723907470703,False,12.0,15,0.00146484375
1100000000,12735,"[0, 1, 3, 2]",465,208.30035209655762,True,12.0,15,0.00146484375
1100000000,12736,"[0, 3, 2, 1]",6300,208.31823348999023,False,12.0,15,0.00146484375
1100000000,12737,"[0, 1, 3, 2]",465,208.33110809326172,True,12.0,15,0.00146484375
1100000000,12738,"[0, 3, 2, 1]",6300,208.35041999816895,False,12.0,15,0.00146484375
1100000000,12739,"[0, 1, 3, 2]",465,208.37950706481934,True,12.0,15,0.00146484375
1100000000,12740,"[0, 3, 2, 1]",6300,208.39762687683105,False,12.0,15,0.00146484375
1100000000,12741,"[0, 1, 3, 2]",465,208.41121673583984,True,12.0,15,0.00146484375
1100000000,12742,"[0, 3, 2, 1]",6300,208.42981338500977,False,12.0,15,0.00146484375
1100000000,12743,"[0, 1, 3, 2]",465,208.44340324401855,True,12.0,15,0.00146484375
1100000000,12744,"[0, 3, 2, 1]",6300,208.46199989318848,False,12.0,15,0.00146484375
1100000000,12745,"[0, 1, 3, 2]",465,208.47558975219727,True,12.0,15,0.00146484375
1100000000,12746,"[0, 3, 2, 1]",6300,208.49370956420898,False,12.0,15,0.00146484375
1100000000,12747,"[0, 1, 3, 2]",465,208.50801467895508,True,12.0,15,0.00146484375
1100000000,12748,"[0, 3, 2, 1]",6300,208.526611328125,False,12.0,15,0.00146484375
1100000000,12749,"[0, 1, 3, 2]",465,208.5409164428711,True,12.0,15,0.00146484375
1100000000,12750,"[0, 3, 2, 1]",6300,208.5592746734619,False,12.0,15,0.00146484375
1100000000,12751,"[0, 1, 3, 2]",465,208.5731029510498,True,12.0,15,0.00146484375
1100000000,12752,"[0, 3, 2, 1]",6300,208.59313011169434,False,12.0,15,0.00146484375
1100000000,12753,"[0, 1, 3, 2]",465,208.60695838928223,True,12.0,15,0.00146484375
0110001100,12754,"[3, 1, 0, 2]",900,208.62531661987305,False,17.175666353837993,15,0.00146484375
0110001100,12755,"[3, 1, 0, 2]",900,208.63962173461914,True,17.175666353837993,15,0.00146484375
0110001100,12756,"[3, 1, 0, 2]",900,208.65845680236816,False,17.175666353837993,15,0.00146484375
0110001100,12757,"[3, 1, 0, 2]",900,208.67276191711426,True,17.175666353837993,15,0.00146484375
0110001100,12758,"[3, 1, 0, 2]",900,208.6927890777588,False,17.175666353837993,15,0.00146484375
0110001100,12759,"[3, 1, 0, 2]",900,208.70733261108398,True,17.175666353837993,15,0.00146484375
0110001100,12760,"[3, 1, 0, 2]",900,208.7259292602539,False,17.175666353837993,15,0.00146484375
0110001100,12761,"[3, 1, 0, 2]",900,208.7399959564209,True,17.175666353837993,15,0.00146484375
0110001100,12762,"[3, 1, 0, 2]",900,208.75811576843262,False,17.175666353837993,15,0.00146484375
0110001100,12763,"[3, 1, 0, 2]",900,208.7719440460205,True,17.175666353837993,15,0.00146484375
0110001100,12764,"[3, 1, 0, 2]",900,208.79006385803223,False,17.175666353837993,15,0.00146484375
0110001100,12765,"[3, 1, 0, 2]",900,208.80389213562012,True,17.175666353837993,15,0.00146484375
0110001100,12766,"[3, 1, 0, 2]",900,208.82248878479004,False,17.175666353837993,15,0.00146484375
0110001100,12767,"[3, 1, 0, 2]",900,208.83631706237793,True,17.175666353837993,15,0.00146484375
0110001100,12768,"[3, 1, 0, 2]",900,208.85491371154785,False,17.175666353837993,15,0.00146484375
0110001100,12769,"[3, 1, 0, 2]",900,208.86898040771484,True,17.175666353837993,15,0.00146484375
0110001100,12770,"[3, 1, 0, 2]",900,208.88805389404297,False,17.175666353837993,15,0.00146484375
0110001100,12771,"[3, 1, 0, 2]",900,208.90212059020996,True,17.175666353837993,15,0.00146484375
0110001100,12772,"[3, 1, 0, 2]",900,208.9226245880127,False,17.175666353837993,15,0.00146484375
0110001100,12773,"[3, 1, 0, 2]",900,208.9364528656006,True,17.175666353837993,15,0.00146484375
0110001100,12774,"[3, 1, 0, 2]",900,208.9548110961914,False,17.175666353837993,15,0.00146484375
0110001100,12775,"[3, 1, 0, 2]",900,208.9686393737793,True,17.175666353837993,15,0.00146484375
0110001100,12776,"[3, 1, 0, 2]",900,208.98675918579102,False,17.175666353837993,15,0.00146484375
0110001100,12777,"[3, 1, 0, 2]",900,209.0003490447998,True,17.175666353837993,15,0.00146484375
0110001100,12778,"[3, 1, 0, 2]",900,209.01894569396973,False,17.175666353837993,15,0.00146484375
0110001100,12779,"[3, 1, 0, 2]",900,209.03277397155762,True,17.175666353837993,15,0.00146484375
0110001100,12780,"[3, 1, 0, 2]",900,209.05303955078125,False,17.175666353837993,15,0.00146484375
0110001100,12781,"[3, 1, 0, 2]",900,209.06686782836914,True,17.175666353837993,15,0.00146484375
0110001100,12782,"[3, 1, 0, 2]",900,209.09547805786133,False,17.175666353837993,15,0.00146484375
0110001100,12783,"[3, 1, 0, 2]",900,209.1083526611328,True,17.175666353837993,15,0.00146484375
1101110010,12784,"[2, 0, 1, 3]",500,209.12623405456543,False,15.783051269640666,15,0.00146484375
1101110010,12785,"[2, 0, 1, 3]",500,209.14006233215332,True,15.783051269640666,15,0.00146484375
1101110010,12786,"[2, 0, 1, 3]",500,209.15794372558594,False,15.783051269640666,15,0.00146484375
1101110010,12787,"[2, 0, 1, 3]",500,209.17129516601562,True,15.783051269640666,15,0.00146484375
1101110010,12788,"[2, 0, 1, 3]",500,209.18893814086914,False,15.783051269640666,15,0.00146484375
1101110010,12789,"[2, 0, 1, 3]",500,209.20205116271973,True,15.783051269640666,15,0.00146484375
1101110010,12790,"[2, 0, 1, 3]",500,209.21969413757324,False,15.783051269640666,15,0.00146484375
1101110010,12791,"[2, 0, 1, 3]",500,209.23304557800293,True,15.783051269640666,15,0.00146484375
1101110010,12792,"[2, 0, 1, 3]",500,209.25045013427734,False,15.783051269640666,15,0.00146484375
1101110010,12793,"[2, 0, 1, 3]",500,209.26356315612793,True,15.783051269640666,15,0.00146484375
1101110010,12794,"[2, 0, 1, 3]",500,209.28096771240234,False,15.783051269640666,15,0.00146484375
1101110010,12795,"[2, 0, 1, 3]",500,209.29384231567383,True,15.783051269640666,15,0.00146484375
1101110010,12796,"[2, 0, 1, 3]",500,209.31148529052734,False,15.783051269640666,15,0.00146484375
1101110010,12797,"[2, 0, 1, 3]",500,209.32412147521973,True,15.783051269640666,15,0.00146484375
1101110010,12798,"[2, 0, 1, 3]",500,209.34176445007324,False,15.783051269640666,15,0.00146484375
1101110010,12799,"[2, 0, 1, 3]",500,209.35511589050293,True,15.783051269640666,15,0.00146484375
1101110010,12800,"[2, 0, 1, 3]",500,209.37466621398926,False,15.783051269640666,15,0.00146484375
1101110010,12801,"[2, 0, 1, 3]",500,209.38777923583984,True,15.783051269640666,15,0.00146484375
1101110010,12802,"[2, 0, 1, 3]",500,209.40542221069336,False,15.783051269640666,15,0.00146484375
1101110010,12803,"[2, 0, 1, 3]",500,209.41805839538574,True,15.783051269640666,15,0.00146484375
1101110010,12804,"[2, 0, 1, 3]",500,209.43570137023926,False,15.783051269640666,15,0.00146484375
1101110010,12805,"[2, 0, 1, 3]",500,209.44857597351074,True,15.783051269640666,15,0.00146484375
1101110010,12806,"[2, 0, 1, 3]",500,209.46598052978516,False,15.783051269640666,15,0.00146484375
1101110010,12807,"[2, 0, 1, 3]",500,209.47885513305664,True,15.783051269640666,15,0.00146484375
1101110010,12808,"[2, 0, 1, 3]",500,209.49649810791016,False,15.783051269640666,15,0.00146484375
1101110010,12809,"[2, 0, 1, 3]",500,209.50937271118164,True,15.783051269640666,15,0.00146484375
1101110010,12810,"[2, 0, 1, 3]",500,209.52677726745605,False,15.783051269640666,15,0.00146484375
1101110010,12811,"[2, 0, 1, 3]",500,209.53965187072754,True,15.783051269640666,15,0.00146484375
1101110010,12812,"[2, 0, 1, 3]",500,209.55729484558105,False,15.783051269640666,15,0.00146484375
1101110010,12813,"[2, 0, 1, 3]",500,209.57064628601074,True,15.783051269640666,15,0.00146484375
1011100111,12814,"[1, 2, 0, 3]",600,209.58828926086426,False,18.86924132628731,15,0.00146484375
1011100111,12815,"[1, 0, 2, 3]",315,209.60283279418945,True,18.86924132628731,15,0.00146484375
1011100111,12816,"[1, 2, 0, 3]",600,209.62023735046387,False,18.86924132628731,15,0.00146484375
1011100111,12817,"[1, 0, 2, 3]",315,209.63358879089355,True,18.86924132628731,15,0.00146484375
1011100111,12818,"[1, 2, 0, 3]",600,209.65099334716797,False,18.86924132628731,15,0.00146484375
1011100111,12819,"[1, 0, 2, 3]",315,209.66434478759766,True,18.86924132628731,15,0.00146484375
1011100111,12820,"[1, 2, 0, 3]",600,209.68389511108398,False,18.86924132628731,15,0.00146484375
1011100111,12821,"[1, 0, 2, 3]",315,209.69748497009277,True,18.86924132628731,15,0.00146484375
1011100111,12822,"[1, 2, 0, 3]",600,209.716796875,False,18.86924132628731,15,0.00146484375
1011100111,12823,"[1, 0, 2, 3]",315,209.7301483154297,True,18.86924132628731,15,0.00146484375
1011100111,12824,"[1, 2, 0, 3]",600,209.7477912902832,False,18.86924132628731,15,0.00146484375
1011100111,12825,"[1, 0, 2, 3]",315,209.7609043121338,True,18.86924132628731,15,0.00146484375
1011100111,12826,"[1, 2, 0, 3]",600,209.7785472869873,False,18.86924132628731,15,0.00146484375
1011100111,12827,"[1, 0, 2, 3]",315,209.7916603088379,True,18.86924132628731,15,0.00146484375
1011100111,12828,"[1, 2, 0, 3]",600,209.8093032836914,False,18.86924132628731,15,0.00146484375
1011100111,12829,"[1, 0, 2, 3]",315,209.822416305542,True,18.86924132628731,15,0.00146484375
1011100111,12830,"[1, 2, 0, 3]",600,209.8402976989746,False,18.86924132628731,15,0.00146484375
1011100111,12831,"[1, 0, 2, 3]",315,209.852933883667,True,18.86924132628731,15,0.00146484375
1011100111,12832,"[1, 2, 0, 3]",600,209.8708152770996,False,18.86924132628731,15,0.00146484375
1011100111,12833,"[1, 0, 2, 3]",315,209.883451461792,True,18.86924132628731,15,0.00146484375
1011100111,12834,"[1, 2, 0, 3]",600,209.9008560180664,False,18.86924132628731,15,0.00146484375
1011100111,12835,"[1, 0, 2, 3]",315,209.9137306213379,True,18.86924132628731,15,0.00146484375
1011100111,12836,"[1, 2, 0, 3]",600,209.9313735961914,False,18.86924132628731,15,0.00146484375
1011100111,12837,"[1, 0, 2, 3]",315,209.944486618042,True,18.86924132628731,15,0.00146484375
1011100111,12838,"[1, 2, 0, 3]",600,209.9618911743164,False,18.86924132628731,15,0.00146484375
1011100111,12839,"[1, 0, 2, 3]",315,209.975004196167,True,18.86924132628731,15,0.00146484375
1011100111,12840,"[1, 2, 0, 3]",600,209.9924087524414,False,18.86924132628731,15,0.00146484375
1011100111,12841,"[1, 0, 2, 3]",315,210.0057601928711,True,18.86924132628731,15,0.00146484375
1011100111,12842,"[1, 2, 0, 3]",600,210.02554893493652,False,18.86924132628731,15,0.00146484375
1011100111,12843,"[1, 0, 2, 3]",315,210.0389003753662,True,18.86924132628731,15,0.00146484375
0010011001,12844,"[3, 1, 2, 0]",9450,210.05654335021973,False,23.130155701543536,15,0.00146484375
0010011001,12845,"[3, 1, 0, 2]",900,210.07037162780762,True,23.130155701543536,15,0.00146484375
0010011001,12846,"[3, 1, 2, 0]",9450,210.08825302124023,False,23.130155701543536,15,0.00146484375
0010011001,12847,"[3, 1, 0, 2]",900,210.10208129882812,True,23.130155701543536,15,0.00146484375
0010011001,12848,"[3, 1, 2, 0]",9450,210.12020111083984,False,23.130155701543536,15,0.00146484375
0010011001,12849,"[3, 1, 0, 2]",900,210.13355255126953,True,23.130155701543536,15,0.00146484375
0010011001,12850,"[3, 1, 2, 0]",9450,210.15167236328125,False,23.130155701543536,15,0.00146484375
0010011001,12851,"[3, 1, 0, 2]",900,210.16478538513184,True,23.130155701543536,15,0.00146484375
0010011001,12852,"[3, 1, 2, 0]",9450,210.18266677856445,False,23.130155701543536,15,0.00146484375
0010011001,12853,"[3, 1, 0, 2]",900,210.19577980041504,True,23.130155701543536,15,0.00146484375
0010011001,12854,"[3, 1, 2, 0]",9450,210.21389961242676,False,23.130155701543536,15,0.00146484375
0010011001,12855,"[3, 1, 0, 2]",900,210.22677421569824,True,23.130155701543536,15,0.00146484375
0010011001,12856,"[3, 1, 2, 0]",9450,210.24465560913086,False,23.130155701543536,15,0.00146484375
0010011001,12857,"[3, 1, 0, 2]",900,210.25753021240234,True,23.130155701543536,15,0.00146484375
0010011001,12858,"[3, 1, 2, 0]",9450,210.27541160583496,False,23.130155701543536,15,0.00146484375
0010011001,12859,"[3, 1, 0, 2]",900,210.28876304626465,True,23.130155701543536,15,0.00146484375
0010011001,12860,"[3, 1, 2, 0]",9450,210.30640602111816,False,23.130155701543536,15,0.00146484375
0010011001,12861,"[3, 1, 0, 2]",900,210.31975746154785,True,23.130155701543536,15,0.00146484375
0010011001,12862,"[3, 1, 2, 0]",9450,210.33763885498047,False,23.130155701543536,15,0.00146484375
0010011001,12863,"[3, 1, 0, 2]",900,210.35099029541016,True,23.130155701543536,15,0.00146484375
0010011001,12864,"[3, 1, 2, 0]",9450,210.37054061889648,False,23.130155701543536,15,0.00146484375
0010011001,12865,"[3, 1, 0, 2]",900,210.38389205932617,True,23.130155701543536,15,0.00146484375
0010011001,12866,"[3, 1, 2, 0]",9450,210.4012966156006,False,23.130155701543536,15,0.00146484375
0010011001,12867,"[3, 1, 0, 2]",900,210.41440963745117,True,23.130155701543536,15,0.00146484375
0010011001,12868,"[3, 1, 2, 0]",9450,210.4320526123047,False,23.130155701543536,15,0.00146484375
0010011001,12869,"[3, 1, 0, 2]",900,210.44564247131348,True,23.130155701543536,15,0.00146484375
0010011001,12870,"[3, 1, 2, 0]",9450,210.4640007019043,False,23.130155701543536,15,0.00146484375
0010011001,12871,"[3, 1, 0, 2]",900,210.4780673980713,True,23.130155701543536,15,0.00146484375
0010011001,12872,"[3, 1, 2, 0]",9450,210.49785614013672,False,23.130155701543536,15,0.00146484375
0010011001,12873,"[3, 1, 0, 2]",900,210.5116844177246,True,23.130155701543536,15,0.00146484375
1011000010,12874,"[1, 0, 3, 2]",465,210.52932739257812,False,12.766381299254355,15,0.00146484375
1011000010,12875,"[1, 0, 3, 2]",465,210.5429172515869,True,12.766381299254355,15,0.00146484375
1011000010,12876,"[1, 0, 3, 2]",465,210.56056022644043,False,12.766381299254355,15,0.00146484375
1011000010,12877,"[1, 0, 3, 2]",465,210.57415008544922,True,12.766381299254355,15,0.00146484375
1011000010,12878,"[1, 0, 3, 2]",465,210.59131622314453,False,12.766381299254355,15,0.00146484375
1011000010,12879,"[1, 0, 3, 2]",465,210.60466766357422,True,12.766381299254355,15,0.00146484375
1011000010,12880,"[1, 0, 3, 2]",465,210.62207221984863,False,12.766381299254355,15,0.00146484375
1011000010,12881,"[1, 0, 3, 2]",465,210.63518524169922,True,12.766381299254355,15,0.00146484375
1011000010,12882,"[1, 0, 3, 2]",465,210.65282821655273,False,12.766381299254355,15,0.00146484375
1011000010,12883,"[1, 0, 3, 2]",465,210.66617965698242,True,12.766381299254355,15,0.00146484375
1011000010,12884,"[1, 0, 3, 2]",465,210.68525314331055,False,12.766381299254355,15,0.00146484375
1011000010,12885,"[1, 0, 3, 2]",465,210.69860458374023,True,12.766381299254355,15,0.00146484375
1011000010,12886,"[1, 0, 3, 2]",465,210.71624755859375,False,12.766381299254355,15,0.00146484375
1011000010,12887,"[1, 0, 3, 2]",465,210.72912216186523,True,12.766381299254355,15,0.00146484375
1011000010,12888,"[1, 0, 3, 2]",465,210.74700355529785,False,12.766381299254355,15,0.00146484375
1011000010,12889,"[1, 0, 3, 2]",465,210.75987815856934,True,12.766381299254355,15,0.00146484375
1011000010,12890,"[1, 0, 3, 2]",465,210.77752113342285,False,12.766381299254355,15,0.00146484375
1011000010,12891,"[1, 0, 3, 2]",465,210.79063415527344,True,12.766381299254355,15,0.00146484375
1011000010,12892,"[1, 0, 3, 2]",465,210.80803871154785,False,12.766381299254355,15,0.00146484375
1011000010,12893,"[1, 0, 3, 2]",465,210.82091331481934,True,12.766381299254355,15,0.00146484375
1011000010,12894,"[1, 0, 3, 2]",465,210.83879470825195,False,12.766381299254355,15,0.00146484375
1011000010,12895,"[1, 0, 3, 2]",465,210.85166931152344,True,12.766381299254355,15,0.00146484375
1011000010,12896,"[1, 0, 3, 2]",465,210.86907386779785,False,12.766381299254355,15,0.00146484375
1011000010,12897,"[1, 0, 3, 2]",465,210.88218688964844,True,12.766381299254355,15,0.00146484375
1011000010,12898,"[1, 0, 3, 2]",465,210.89959144592285,False,12.766381299254355,15,0.00146484375
1011000010,12899,"[1, 0, 3, 2]",465,210.91270446777344,True,12.766381299254355,15,0.00146484375
1011000010,12900,"[1, 0, 3, 2]",465,210.93010902404785,False,12.766381299254355,15,0.00146484375
1011000010,12901,"[1, 0, 3, 2]",465,210.94346046447754,True,12.766381299254355,15,0.00146484375
1011000010,12902,"[1, 0, 3, 2]",465,210.96110343933105,False,12.766381299254355,15,0.00146484375
1011000010,12903,"[1, 0, 3, 2]",465,210.97445487976074,True,12.766381299254355,15,0.00146484375
1000001110,12904,"[3, 0, 2, 1]",6300,210.99209785461426,False,16.36377440228918,15,0.00146484375
1000001110,12905,"[3, 0, 1, 2]",750,211.00592613220215,True,16.36377440228918,15,0.00146484375
1000001110,12906,"[3, 0, 2, 1]",6300,211.02523803710938,False,16.36377440228918,15,0.00146484375
1000001110,12907,"[3, 0, 1, 2]",750,211.03882789611816,True,16.36377440228918,15,0.00146484375
1000001110,12908,"[3, 0, 2, 1]",6300,211.05670928955078,False,16.36377440228918,15,0.00146484375
1000001110,12909,"[3, 0, 1, 2]",750,211.07006072998047,True,16.36377440228918,15,0.00146484375
1000001110,12910,"[3, 0, 2, 1]",6300,211.08746528625488,False,16.36377440228918,15,0.00146484375
1000001110,12911,"[3, 0, 1, 2]",750,211.10081672668457,True,16.36377440228918,15,0.00146484375
1000001110,12912,"[3, 0, 2, 1]",6300,211.1184597015381,False,16.36377440228918,15,0.00146484375
1000001110,12913,"[3, 0, 1, 2]",750,211.13181114196777,True,16.36377440228918,15,0.00146484375
1000001110,12914,"[3, 0, 2, 1]",6300,211.1494541168213,False,16.36377440228918,15,0.00146484375
1000001110,12915,"[3, 0, 1, 2]",750,211.16352081298828,True,16.36377440228918,15,0.00146484375
1000001110,12916,"[3, 0, 2, 1]",6300,211.1814022064209,False,16.36377440228918,15,0.00146484375
1000001110,12917,"[3, 0, 1, 2]",750,211.1954689025879,True,16.36377440228918,15,0.00146484375
1000001110,12918,"[3, 0, 2, 1]",6300,211.2131118774414,False,16.36377440228918,15,0.00146484375
1000001110,12919,"[3, 0, 1, 2]",750,211.2267017364502,True,16.36377440228918,15,0.00146484375
1000001110,12920,"[3, 0, 2, 1]",6300,211.24649047851562,False,16.36377440228918,15,0.00146484375
1000001110,12921,"[3, 0, 1, 2]",750,211.26031875610352,True,16.36377440228918,15,0.00146484375
1000001110,12922,"[3, 0, 2, 1]",6300,211.28010749816895,False,16.36377440228918,15,0.00146484375
1000001110,12923,"[3, 0, 1, 2]",750,211.29345893859863,True,16.36377440228918,15,0.00146484375
1000001110,12924,"[3, 0, 2, 1]",6300,211.31134033203125,False,16.36377440228918,15,0.00146484375
1000001110,12925,"[3, 0, 1, 2]",750,211.32493019104004,True,16.36377440228918,15,0.00146484375
1000001110,12926,"[3, 0, 2, 1]",6300,211.34424209594727,False,16.36377440228918,15,0.00146484375
1000001110,12927,"[3, 0, 1, 2]",750,211.35759353637695,True,16.36377440228918,15,0.00146484375
1000001110,12928,"[3, 0, 2, 1]",6300,211.37571334838867,False,16.36377440228918,15,0.00146484375
1000001110,12929,"[3, 0, 1, 2]",750,211.38906478881836,True,16.36377440228918,15,0.00146484375
1000001110,12930,"[3, 0, 2, 1]",6300,211.40670776367188,False,16.36377440228918,15,0.00146484375
1000001110,12931,"[3, 0, 1, 2]",750,211.42005920410156,True,16.36377440228918,15,0.00146484375
1000001110,12932,"[3, 0, 2, 1]",6300,211.43794059753418,False,16.36377440228918,15,0.00146484375
1000001110,12933,"[3, 0, 1, 2]",750,211.45129203796387,True,16.36377440228918,15,0.00146484375
0110111110,12934,"[3, 2, 1, 0]",9600,211.46917343139648,False,29.001975675353847,15,0.00146484375
0110111110,12935,"[3, 2, 1, 0]",9600,211.48276329040527,True,29.001975675353847,15,0.00146484375
0110111110,12936,"[3, 2, 1, 0]",9600,211.5004062652588,False,29.001975675353847,15,0.00146484375
0110111110,12937,"[3, 2, 1, 0]",9600,211.51351928710938,True,29.001975675353847,15,0.00146484375
0110111110,12938,"[3, 2, 1, 0]",9600,211.5309238433838,False,29.001975675353847,15,0.00146484375
0110111110,12939,"[3, 2, 1, 0]",9600,211.54403686523438,True,29.001975675353847,15,0.00146484375
0110111110,12940,"[3, 2, 1, 0]",9600,211.5616798400879,False,29.001975675353847,15,0.00146484375
0110111110,12941,"[3, 2, 1, 0]",9600,211.57455444335938,True,29.001975675353847,15,0.00146484375
0110111110,12942,"[3, 2, 1, 0]",9600,211.5921974182129,False,29.001975675353847,15,0.00146484375
0110111110,12943,"[3, 2, 1, 0]",9600,211.60459518432617,True,29.001975675353847,15,0.00146484375
0110111110,12944,"[3, 2, 1, 0]",9600,211.6222381591797,False,29.001975675353847,15,0.00146484375
0110111110,12945,"[3, 2, 1, 0]",9600,211.63511276245117,True,29.001975675353847,15,0.00146484375
0110111110,12946,"[3, 2, 1, 0]",9600,211.6527557373047,False,29.001975675353847,15,0.00146484375
0110111110,12947,"[3, 2, 1, 0]",9600,211.66586875915527,True,29.001975675353847,15,0.00146484375
0110111110,12948,"[3, 2, 1, 0]",9600,211.6849422454834,False,29.001975675353847,15,0.00146484375
0110111110,12949,"[3, 2, 1, 0]",9600,211.69781684875488,True,29.001975675353847,15,0.00146484375
0110111110,12950,"[3, 2, 1, 0]",9600,211.7152214050293,False,29.001975675353847,15,0.00146484375
0110111110,12951,"[3, 2, 1, 0]",9600,211.72809600830078,True,29.001975675353847,15,0.00146484375
0110111110,12952,"[3, 2, 1, 0]",9600,211.7455005645752,False,29.001975675353847,15,0.00146484375
0110111110,12953,"[3, 2, 1, 0]",9600,211.75861358642578,True,29.001975675353847,15,0.00146484375
0110111110,12954,"[3, 2, 1, 0]",9600,211.7760181427002,False,29.001975675353847,15,0.00146484375
0110111110,12955,"[3, 2, 1, 0]",9600,211.78889274597168,True,29.001975675353847,15,0.00146484375
0110111110,12956,"[3, 2, 1, 0]",9600,211.806058883667,False,29.001975675353847,15,0.00146484375
0110111110,12957,"[3, 2, 1, 0]",9600,211.81917190551758,True,29.001975675353847,15,0.00146484375
0110111110,12958,"[3, 2, 1, 0]",9600,211.836576461792,False,29.001975675353847,15,0.00146484375
0110111110,12959,"[3, 2, 1, 0]",9600,211.85302734375,True,29.001975675353847,15,0.00146484375
0110111110,12960,"[3, 2, 1, 0]",9600,211.88640594482422,False,29.001975675353847,15,0.00146484375
0110111110,12961,"[3, 2, 1, 0]",9600,211.9002342224121,True,29.001975675353847,15,0.00146484375
0110111110,12962,"[3, 2, 1, 0]",9600,211.91859245300293,False,29.001975675353847,15,0.00146484375
0110111110,12963,"[3, 2, 1, 0]",9600,211.93218231201172,True,29.001975675353847,15,0.00146484375
0010010110,12964,"[1, 3, 2, 0]",9450,211.95030212402344,False,15.749132501524016,15,0.00146484375
0010010110,12965,"[1, 0, 3, 2]",465,211.96460723876953,True,15.749132501524016,15,0.00146484375
0010010110,12966,"[1, 3, 2, 0]",9450,211.98344230651855,False,15.749132501524016,15,0.00146484375
0010010110,12967,"[1, 0, 3, 2]",465,211.99774742126465,True,15.749132501524016,15,0.00146484375
0010010110,12968,"[1, 3, 2, 0]",9450,212.01825141906738,False,15.749132501524016,15,0.00146484375
0010010110,12969,"[1, 0, 3, 2]",465,212.03231811523438,True,15.749132501524016,15,0.00146484375
0010010110,12970,"[1, 3, 2, 0]",9450,212.0509147644043,False,15.749132501524016,15,0.00146484375
0010010110,12971,"[1, 0, 3, 2]",465,212.07475662231445,True,15.749132501524016,15,0.00146484375
0010010110,12972,"[1, 3, 2, 0]",9450,212.09311485290527,False,15.749132501524016,15,0.00146484375
0010010110,12973,"[1, 0, 3, 2]",465,212.10646629333496,True,15.749132501524016,15,0.00146484375
0010010110,12974,"[1, 3, 2, 0]",9450,212.1257781982422,False,15.749132501524016,15,0.00146484375
0010010110,12975,"[1, 0, 3, 2]",465,212.13889122009277,True,15.749132501524016,15,0.00146484375
0010010110,12976,"[1, 3, 2, 0]",9450,212.1567726135254,False,15.749132501524016,15,0.00146484375
0010010110,12977,"[1, 0, 3, 2]",465,212.16988563537598,True,15.749132501524016,15,0.00146484375
0010010110,12978,"[1, 3, 2, 0]",9450,212.1875286102295,False,15.749132501524016,15,0.00146484375
0010010110,12979,"[1, 0, 3, 2]",465,212.20040321350098,True,15.749132501524016,15,0.00146484375
0010010110,12980,"[1, 3, 2, 0]",9450,212.2180461883545,False,15.749132501524016,15,0.00146484375
0010010110,12981,"[1, 0, 3, 2]",465,212.23139762878418,True,15.749132501524016,15,0.00146484375
0010010110,12982,"[1, 3, 2, 0]",9450,212.2490406036377,False,15.749132501524016,15,0.00146484375
0010010110,12983,"[1, 0, 3, 2]",465,212.26239204406738,True,15.749132501524016,15,0.00146484375
0010010110,12984,"[1, 3, 2, 0]",9450,212.2797966003418,False,15.749132501524016,15,0.00146484375
0010010110,12985,"[1, 0, 3, 2]",465,212.29314804077148,True,15.749132501524016,15,0.00146484375
0010010110,12986,"[1, 3, 2, 0]",9450,212.310791015625,False,15.749132501524016,15,0.00146484375
0010010110,12987,"[1, 0, 3, 2]",465,212.32366561889648,True,15.749132501524016,15,0.00146484375
0010010110,12988,"[1, 3, 2, 0]",9450,212.3417854309082,False,15.749132501524016,15,0.00146484375
0010010110,12989,"[1, 0, 3, 2]",465,212.3546600341797,True,15.749132501524016,15,0.00146484375
0010010110,12990,"[1, 3, 2, 0]",9450,212.3739719390869,False,15.749132501524016,15,0.00146484375
0010010110,12991,"[1, 0, 3, 2]",465,212.3870849609375,True,15.749132501524016,15,0.00146484375
0010010110,12992,"[1, 3, 2, 0]",9450,212.40472793579102,False,15.749132501524016,15,0.00146484375
0010010110,12993,"[1, 0, 3, 2]",465,212.4178409576416,True,15.749132501524016,15,0.00146484375
0010101100,12994,"[3, 2, 1, 0]",9600,212.43596076965332,False,31.817921024601603,15,0.00146484375
0010101100,12995,"[3, 2, 1, 0]",9600,212.82291412353516,True,31.817921024601603,15,0.00146484375
0010101100,12996,"[3, 2, 1, 0]",9600,212.86439895629883,False,31.817921024601603,15,0.00146484375
0010101100,12997,"[3, 2, 1, 0]",9600,212.87870407104492,True,31.817921024601603,15,0.00146484375
0010101100,12998,"[3, 2, 1, 0]",9600,212.89777755737305,False,31.817921024601603,15,0.00146484375
0010101100,12999,"[3, 2, 1, 0]",9600,212.91136741638184,True,31.817921024601603,15,0.00146484375
0010101100,13000,"[3, 2, 1, 0]",9600,212.92996406555176,False,31.817921024601603,15,0.00146484375
0010101100,13001,"[3, 2, 1, 0]",9600,212.94307708740234,True,31.817921024601603,15,0.00146484375
0010101100,13002,"[3, 2, 1, 0]",9600,212.96167373657227,False,31.817921024601603,15,0.00146484375
0010101100,13003,"[3, 2, 1, 0]",9600,212.97502517700195,True,31.817921024601603,15,0.00146484375
0010101100,13004,"[3, 2, 1, 0]",9600,212.99338340759277,False,31.817921024601603,15,0.00146484375
0010101100,13005,"[3, 2, 1, 0]",9600,213.00673484802246,True,31.817921024601603,15,0.00146484375
0010101100,13006,"[3, 2, 1, 0]",9600,213.02509307861328,False,31.817921024601603,15,0.00146484375
0010101100,13007,"[3, 2, 1, 0]",9600,213.03844451904297,True,31.817921024601603,15,0.00146484375
0010101100,13008,"[3, 2, 1, 0]",9600,213.0565643310547,False,31.817921024601603,15,0.00146484375
0010101100,13009,"[3, 2, 1, 0]",9600,213.07015419006348,True,31.817921024601603,15,0.00146484375
0010101100,13010,"[3, 2, 1, 0]",9600,213.1021022796631,False,31.817921024601603,15,0.00146484375
0010101100,13011,"[3, 2, 1, 0]",9600,213.11450004577637,True,31.817921024601603,15,0.00146484375
0010101100,13012,"[3, 2, 1, 0]",9600,213.1483554840088,False,31.817921024601603,15,0.00146484375
0010101100,13013,"[3, 2, 1, 0]",9600,213.16194534301758,True,31.817921024601603,15,0.00146484375
0010101100,13014,"[3, 2, 1, 0]",9600,213.1798267364502,False,31.817921024601603,15,0.00146484375
0010101100,13015,"[3, 2, 1, 0]",9600,213.19341659545898,True,31.817921024601603,15,0.00146484375
0010101100,13016,"[3, 2, 1, 0]",9600,213.2117748260498,False,31.817921024601603,15,0.00146484375
0010101100,13017,"[3, 2, 1, 0]",9600,213.2256031036377,True,31.817921024601603,15,0.00146484375
0010101100,13018,"[3, 2, 1, 0]",9600,213.2437229156494,False,31.817921024601603,15,0.00146484375
0010101100,13019,"[3, 2, 1, 0]",9600,213.2573127746582,True,31.817921024601603,15,0.00146484375
0010101100,13020,"[3, 2, 1, 0]",9600,213.27567100524902,False,31.817921024601603,15,0.00146484375
0010101100,13021,"[3, 2, 1, 0]",9600,213.2885456085205,True,31.817921024601603,15,0.00146484375
0010101100,13022,"[3, 2, 1, 0]",9600,213.30738067626953,False,31.817921024601603,15,0.00146484375
0010101100,13023,"[3, 2, 1, 0]",9600,213.32120895385742,True,31.817921024601603,15,0.00146484375
0100100101,13024,"[2, 3, 0, 1]",6600,213.34099769592285,False,11.874566250762008,15,0.00146484375
0100100101,13025,"[2, 3, 0, 1]",6600,213.35482597351074,True,11.874566250762008,15,0.00146484375
0100100101,13026,"[2, 3, 0, 1]",6600,213.37366104125977,False,11.874566250762008,15,0.00146484375
0100100101,13027,"[2, 3, 0, 1]",6600,213.38677406311035,True,11.874566250762008,15,0.00146484375
0100100101,13028,"[2, 3, 0, 1]",6600,213.40513229370117,False,11.874566250762008,15,0.00146484375
0100100101,13029,"[2, 3, 0, 1]",6600,213.41848373413086,True,11.874566250762008,15,0.00146484375
0100100101,13030,"[2, 3, 0, 1]",6600,213.43731880187988,False,11.874566250762008,15,0.00146484375
0100100101,13031,"[2, 3, 0, 1]",6600,213.45043182373047,True,11.874566250762008,15,0.00146484375
0100100101,13032,"[2, 3, 0, 1]",6600,213.470458984375,False,11.874566250762008,15,0.00146484375
0100100101,13033,"[2, 3, 0, 1]",6600,213.4835720062256,True,11.874566250762008,15,0.00146484375
0100100101,13034,"[2, 3, 0, 1]",6600,213.5019302368164,False,11.874566250762008,15,0.00146484375
0100100101,13035,"[2, 3, 0, 1]",6600,213.5148048400879,True,11.874566250762008,15,0.00146484375
0100100101,13036,"[2, 3, 0, 1]",6600,213.5331630706787,False,11.874566250762008,15,0.00146484375
0100100101,13037,"[2, 3, 0, 1]",6600,213.5460376739502,True,11.874566250762008,15,0.00146484375
0100100101,13038,"[2, 3, 0, 1]",6600,213.56439590454102,False,11.874566250762008,15,0.00146484375
0100100101,13039,"[2, 3, 0, 1]",6600,213.5777473449707,True,11.874566250762008,15,0.00146484375
0100100101,13040,"[2, 3, 0, 1]",6600,213.59586715698242,False,11.874566250762008,15,0.00146484375
0100100101,13041,"[2, 3, 0, 1]",6600,213.6092185974121,True,11.874566250762008,15,0.00146484375
0100100101,13042,"[2, 3, 0, 1]",6600,213.62733840942383,False,11.874566250762008,15,0.00146484375
0100100101,13043,"[2, 3, 0, 1]",6600,213.6404514312744,True,11.874566250762008,15,0.00146484375
0100100101,13044,"[2, 3, 0, 1]",6600,213.65857124328613,False,11.874566250762008,15,0.00146484375
0100100101,13045,"[2, 3, 0, 1]",6600,213.67192268371582,True,11.874566250762008,15,0.00146484375
0100100101,13046,"[2, 3, 0, 1]",6600,213.68980407714844,False,11.874566250762008,15,0.00146484375
0100100101,13047,"[2, 3, 0, 1]",6600,213.70315551757812,True,11.874566250762008,15,0.00146484375
0100100101,13048,"[2, 3, 0, 1]",6600,213.72127532958984,False,11.874566250762008,15,0.00146484375
0100100101,13049,"[2, 3, 0, 1]",6600,213.73462677001953,True,11.874566250762008,15,0.00146484375
0100100101,13050,"[2, 3, 0, 1]",6600,213.75274658203125,False,11.874566250762008,15,0.00146484375
0100100101,13051,"[2, 3, 0, 1]",6600,213.76609802246094,True,11.874566250762008,15,0.00146484375
0100100101,13052,"[2, 3, 0, 1]",6600,213.78827095031738,False,11.874566250762008,15,0.00146484375
0100100101,13053,"[2, 3, 0, 1]",6600,213.80162239074707,True,11.874566250762008,15,0.00146484375
1100110001,13054,"[2, 0, 3, 1]",6200,213.8206958770752,False,10.987418090562802,15,0.00146484375
1100110001,13055,"[2, 0, 1, 3]",500,213.8347625732422,True,10.987418090562802,15,0.00146484375
1100110001,13056,"[2, 0, 3, 1]",6200,213.8535976409912,False,10.987418090562802,15,0.00146484375
1100110001,13057,"[2, 0, 1, 3]",500,213.8674259185791,True,10.987418090562802,15,0.00146484375
1100110001,13058,"[2, 0, 3, 1]",6200,213.88602256774902,False,10.987418090562802,15,0.00146484375
1100110001,13059,"[2, 0, 1, 3]",500,213.8998508453369,True,10.987418090562802,15,0.00146484375
1100110001,13060,"[2, 0, 3, 1]",6200,213.91868591308594,False,10.987418090562802,15,0.00146484375
1100110001,13061,"[2, 0, 1, 3]",500,213.93251419067383,True,10.987418090562802,15,0.00146484375
1100110001,13062,"[2, 0, 3, 1]",6200,213.95087242126465,False,10.987418090562802,15,0.00146484375
1100110001,13063,"[2, 0, 1, 3]",500,213.96493911743164,True,10.987418090562802,15,0.00146484375
1100110001,13064,"[2, 0, 3, 1]",6200,213.98401260375977,False,10.987418090562802,15,0.00146484375
1100110001,13065,"[2, 0, 1, 3]",500,213.99784088134766,True,10.987418090562802,15,0.00146484375
1100110001,13066,"[2, 0, 3, 1]",6200,214.01619911193848,False,10.987418090562802,15,0.00146484375
1100110001,13067,"[2, 0, 1, 3]",500,214.03002738952637,True,10.987418090562802,15,0.00146484375
1100110001,13068,"[2, 0, 3, 1]",6200,214.0483856201172,False,10.987418090562802,15,0.00146484375
1100110001,13069,"[2, 0, 1, 3]",500,214.07413482666016,True,10.987418090562802,15,0.00146484375
1100110001,13070,"[2, 0, 3, 1]",6200,214.09201622009277,False,10.987418090562802,15,0.00146484375
1100110001,13071,"[2, 0, 1, 3]",500,214.10489082336426,True,10.987418090562802,15,0.00146484375
1100110001,13072,"[2, 0, 3, 1]",6200,214.1251564025879,False,10.987418090562802,15,0.00146484375
1100110001,13073,"[2, 0, 1, 3]",500,214.13898468017578,True,10.987418090562802,15,0.00146484375
1100110001,13074,"[2, 0, 3, 1]",6200,214.1590118408203,False,10.987418090562802,15,0.00146484375
1100110001,13075,"[2, 0, 1, 3]",500,214.17236328125,True,10.987418090562802,15,0.00146484375
1100110001,13076,"[2, 0, 3, 1]",6200,214.19048309326172,False,10.987418090562802,15,0.00146484375
1100110001,13077,"[2, 0, 1, 3]",500,214.2033576965332,True,10.987418090562802,15,0.00146484375
1100110001,13078,"[2, 0, 3, 1]",6200,214.22171592712402,False,10.987418090562802,15,0.00146484375
1100110001,13079,"[2, 0, 1, 3]",500,214.2345905303955,True,10.987418090562802,15,0.00146484375
1100110001,13080,"[2, 0, 3, 1]",6200,214.25247192382812,False,10.987418090562802,15,0.00146484375
1100110001,13081,"[2, 0, 1, 3]",500,214.2655849456787,True,10.987418090562802,15,0.00146484375
1100110001,13082,"[2, 0, 3, 1]",6200,214.28346633911133,False,10.987418090562802,15,0.00146484375
1100110001,13083,"[2, 0, 1, 3]",500,214.29681777954102,True,10.987418090562802,15,0.00146484375
1101111100,13084,"[3, 2, 0, 1]",6600,214.31469917297363,False,42.81894571311116,15,0.00146484375
1101111100,13085,"[3, 2, 0, 1]",6600,214.32852745056152,True,42.81894571311116,15,0.00146484375
1101111100,13086,"[3, 2, 0, 1]",6600,214.34617042541504,False,42.81894571311116,15,0.00146484375
1101111100,13087,"[3, 2, 0, 1]",6600,214.35952186584473,True,42.81894571311116,15,0.00146484375
1101111100,13088,"[3, 2, 0, 1]",6600,214.37907218933105,False,42.81894571311116,15,0.00146484375
1101111100,13089,"[3, 2, 0, 1]",6600,214.39242362976074,True,42.81894571311116,15,0.00146484375
1101111100,13090,"[3, 2, 0, 1]",6600,214.41006660461426,False,42.81894571311116,15,0.00146484375
1101111100,13091,"[3, 2, 0, 1]",6600,214.42317962646484,True,42.81894571311116,15,0.00146484375
1101111100,13092,"[3, 2, 0, 1]",6600,214.44106101989746,False,42.81894571311116,15,0.00146484375
1101111100,13093,"[3, 2, 0, 1]",6600,214.45441246032715,True,42.81894571311116,15,0.00146484375
1101111100,13094,"[3, 2, 0, 1]",6600,214.47372436523438,False,42.81894571311116,15,0.00146484375
1101111100,13095,"[3, 2, 0, 1]",6600,214.48683738708496,True,42.81894571311116,15,0.00146484375
1101111100,13096,"[3, 2, 0, 1]",6600,214.50424194335938,False,42.81894571311116,15,0.00146484375
1101111100,13097,"[3, 2, 0, 1]",6600,214.51735496520996,True,42.81894571311116,15,0.00146484375
1101111100,13098,"[3, 2, 0, 1]",6600,214.53475952148438,False,42.81894571311116,15,0.00146484375
1101111100,13099,"[3, 2, 0, 1]",6600,214.54763412475586,True,42.81894571311116,15,0.00146484375
1101111100,13100,"[3, 2, 0, 1]",6600,214.56527709960938,False,42.81894571311116,15,0.00146484375
1101111100,13101,"[3, 2, 0, 1]",6600,214.57839012145996,True,42.81894571311116,15,0.00146484375
1101111100,13102,"[3, 2, 0, 1]",6600,214.59603309631348,False,42.81894571311116,15,0.00146484375
1101111100,13103,"[3, 2, 0, 1]",6600,214.60914611816406,True,42.81894571311116,15,0.00146484375
1101111100,13104,"[3, 2, 0, 1]",6600,214.62678909301758,False,42.81894571311116,15,0.00146484375
1101111100,13105,"[3, 2, 0, 1]",6600,214.63942527770996,True,42.81894571311116,15,0.00146484375
1101111100,13106,"[3, 2, 0, 1]",6600,214.65730667114258,False,42.81894571311116,15,0.00146484375
1101111100,13107,"[3, 2, 0, 1]",6600,214.67018127441406,True,42.81894571311116,15,0.00146484375
1101111100,13108,"[3, 2, 0, 1]",6600,214.68782424926758,False,42.81894571311116,15,0.00146484375
1101111100,13109,"[3, 2, 0, 1]",6600,214.70093727111816,True,42.81894571311116,15,0.00146484375
1101111100,13110,"[3, 2, 0, 1]",6600,214.71834182739258,False,42.81894571311116,15,0.00146484375
1101111100,13111,"[3, 2, 0, 1]",6600,214.73145484924316,True,42.81894571311116,15,0.00146484375
1101111100,13112,"[3, 2, 0, 1]",6600,214.74885940551758,False,42.81894571311116,15,0.00146484375
1101111100,13113,"[3, 2, 0, 1]",6600,214.76197242736816,True,42.81894571311116,15,0.00146484375
1111011111,13114,"[3, 1, 0, 2]",900,214.78009223937988,False,26.675570466711093,15,0.00146484375
1111011111,13115,"[3, 1, 0, 2]",900,214.79392051696777,True,26.675570466711093,15,0.00146484375
1111011111,13116,"[3, 1, 0, 2]",900,214.8141860961914,False,26.675570466711093,15,0.00146484375
1111011111,13117,"[3, 1, 0, 2]",900,214.8280143737793,True,26.675570466711093,15,0.00146484375
1111011111,13118,"[3, 1, 0, 2]",900,214.8458957672119,False,26.675570466711093,15,0.00146484375
1111011111,13119,"[3, 1, 0, 2]",900,214.8594856262207,True,26.675570466711093,15,0.00146484375
1111011111,13120,"[3, 1, 0, 2]",900,214.87760543823242,False,26.675570466711093,15,0.00146484375
1111011111,13121,"[3, 1, 0, 2]",900,214.8909568786621,True,26.675570466711093,15,0.00146484375
1111011111,13122,"[3, 1, 0, 2]",900,214.90859985351562,False,26.675570466711093,15,0.00146484375
1111011111,13123,"[3, 1, 0, 2]",900,214.92242813110352,True,26.675570466711093,15,0.00146484375
1111011111,13124,"[3, 1, 0, 2]",900,214.94245529174805,False,26.675570466711093,15,0.00146484375
1111011111,13125,"[3, 1, 0, 2]",900,214.95556831359863,True,26.675570466711093,15,0.00146484375
1111011111,13126,"[3, 1, 0, 2]",900,214.97392654418945,False,26.675570466711093,15,0.00146484375
1111011111,13127,"[3, 1, 0, 2]",900,214.98680114746094,True,26.675570466711093,15,0.00146484375
1111011111,13128,"[3, 1, 0, 2]",900,215.00515937805176,False,26.675570466711093,15,0.00146484375
1111011111,13129,"[3, 1, 0, 2]",900,215.01851081848145,True,26.675570466711093,15,0.00146484375
1111011111,13130,"[3, 1, 0, 2]",900,215.03615379333496,False,26.675570466711093,15,0.00146484375
1111011111,13131,"[3, 1, 0, 2]",900,215.04878997802734,True,26.675570466711093,15,0.00146484375
1111011111,13132,"[3, 1, 0, 2]",900,215.06643295288086,False,26.675570466711093,15,0.00146484375
1111011111,13133,"[3, 1, 0, 2]",900,215.07954597473145,True,26.675570466711093,15,0.00146484375
1111011111,13134,"[3, 1, 0, 2]",900,215.09718894958496,False,26.675570466711093,15,0.00146484375
1111011111,13135,"[3, 1, 0, 2]",900,215.11077880859375,True,26.675570466711093,15,0.00146484375
1111011111,13136,"[3, 1, 0, 2]",900,215.14511108398438,False,26.675570466711093,15,0.00146484375
1111011111,13137,"[3, 1, 0, 2]",900,215.15870094299316,True,26.675570466711093,15,0.00146484375
1111011111,13138,"[3, 1, 0, 2]",900,215.18659591674805,False,26.675570466711093,15,0.00146484375
1111011111,13139,"[3, 1, 0, 2]",900,215.19970893859863,True,26.675570466711093,15,0.00146484375
1111011111,13140,"[3, 1, 0, 2]",900,215.22760391235352,False,26.675570466711093,15,0.00146484375
1111011111,13141,"[3, 1, 0, 2]",900,215.2409553527832,True,26.675570466711093,15,0.00146484375
1111011111,13142,"[3, 1, 0, 2]",900,215.2690887451172,False,26.675570466711093,15,0.00146484375
1111011111,13143,"[3, 1, 0, 2]",900,215.28291702270508,True,26.675570466711093,15,0.00146484375
0001101000,13144,"[3, 2, 1, 0]",9600,215.31105041503906,False,21.10131501963538,15,0.00146484375
0001101000,13145,"[3, 2, 1, 0]",9600,215.32511711120605,True,21.10131501963538,15,0.00146484375
0001101000,13146,"[3, 2, 1, 0]",9600,215.35301208496094,False,21.10131501963538,15,0.00146484375
0001101000,13147,"[3, 2, 1, 0]",9600,215.36707878112793,True,21.10131501963538,15,0.00146484375
0001101000,13148,"[3, 2, 1, 0]",9600,215.3949737548828,False,21.10131501963538,15,0.00146484375
0001101000,13149,"[3, 2, 1, 0]",9600,215.4088020324707,True,21.10131501963538,15,0.00146484375
0001101000,13150,"[3, 2, 1, 0]",9600,215.43622016906738,False,21.10131501963538,15,0.00146484375
0001101000,13151,"[3, 2, 1, 0]",9600,215.44981002807617,True,21.10131501963538,15,0.00146484375
0001101000,13152,"[3, 2, 1, 0]",9600,215.47722816467285,False,21.10131501963538,15,0.00146484375
0001101000,13153,"[3, 2, 1, 0]",9600,215.49081802368164,True,21.10131501963538,15,0.00146484375
0001101000,13154,"[3, 2, 1, 0]",9600,215.51823616027832,False,21.10131501963538,15,0.00146484375
0001101000,13155,"[3, 2, 1, 0]",9600,215.5313491821289,True,21.10131501963538,15,0.00146484375
0001101000,13156,"[3, 2, 1, 0]",9600,215.56735038757324,False,21.10131501963538,15,0.00146484375
0001101000,13157,"[3, 2, 1, 0]",9600,215.58260917663574,True,21.10131501963538,15,0.00146484375
0001101000,13158,"[3, 2, 1, 0]",9600,215.60263633728027,False,21.10131501963538,15,0.00146484375
0001101000,13159,"[3, 2, 1, 0]",9600,215.61574935913086,True,21.10131501963538,15,0.00146484375
0001101000,13160,"[3, 2, 1, 0]",9600,215.63363075256348,False,21.10131501963538,15,0.00146484375
0001101000,13161,"[3, 2, 1, 0]",9600,215.64602851867676,True,21.10131501963538,15,0.00146484375
0001101000,13162,"[3, 2, 1, 0]",9600,215.66367149353027,False,21.10131501963538,15,0.00146484375
0001101000,13163,"[3, 2, 1, 0]",9600,215.67654609680176,True,21.10131501963538,15,0.00146484375
0001101000,13164,"[3, 2, 1, 0]",9600,215.69442749023438,False,21.10131501963538,15,0.00146484375
0001101000,13165,"[3, 2, 1, 0]",9600,215.70730209350586,True,21.10131501963538,15,0.00146484375
0001101000,13166,"[3, 2, 1, 0]",9600,215.72470664978027,False,21.10131501963538,15,0.00146484375
0001101000,13167,"[3, 2, 1, 0]",9600,215.73781967163086,True,21.10131501963538,15,0.00146484375
0001101000,13168,"[3, 2, 1, 0]",9600,215.75546264648438,False,21.10131501963538,15,0.00146484375
0001101000,13169,"[3, 2, 1, 0]",9600,215.76786041259766,True,21.10131501963538,15,0.00146484375
0001101000,13170,"[3, 2, 1, 0]",9600,215.78574180603027,False,21.10131501963538,15,0.00146484375
0001101000,13171,"[3, 2, 1, 0]",9600,215.79837799072266,True,21.10131501963538,15,0.00146484375
0001101000,13172,"[3, 2, 1, 0]",9600,215.81602096557617,False,21.10131501963538,15,0.00146484375
0001101000,13173,"[3, 2, 1, 0]",9600,215.82984924316406,True,21.10131501963538,15,0.00146484375
0011111111,13174,"[3, 2, 1, 0]",9600,215.8529758453369,False,23.455097609156724,15,0.00146484375
0011111111,13175,"[3, 2, 1, 0]",9600,215.8663272857666,True,23.455097609156724,15,0.00146484375
0011111111,13176,"[3, 2, 1, 0]",9600,215.90256690979004,False,23.455097609156724,15,0.00146484375
0011111111,13177,"[3, 2, 1, 0]",9600,215.91663360595703,True,23.455097609156724,15,0.00146484375
0011111111,13178,"[3, 2, 1, 0]",9600,215.93689918518066,False,23.455097609156724,15,0.00146484375
0011111111,13179,"[3, 2, 1, 0]",9600,215.95072746276855,True,23.455097609156724,15,0.00146484375
0011111111,13180,"[3, 2, 1, 0]",9600,215.96908569335938,False,23.455097609156724,15,0.00146484375
0011111111,13181,"[3, 2, 1, 0]",9600,215.98291397094727,True,23.455097609156724,15,0.00146484375
0011111111,13182,"[3, 2, 1, 0]",9600,216.0012722015381,False,23.455097609156724,15,0.00146484375
0011111111,13183,"[3, 2, 1, 0]",9600,216.01486206054688,True,23.455097609156724,15,0.00146484375
0011111111,13184,"[3, 2, 1, 0]",9600,216.0334587097168,False,23.455097609156724,15,0.00146484375
0011111111,13185,"[3, 2, 1, 0]",9600,216.0470485687256,True,23.455097609156724,15,0.00146484375
0011111111,13186,"[3, 2, 1, 0]",9600,216.0654067993164,False,23.455097609156724,15,0.00146484375
0011111111,13187,"[3, 2, 1, 0]",9600,216.0787582397461,True,23.455097609156724,15,0.00146484375
0011111111,13188,"[3, 2, 1, 0]",9600,216.0971164703369,False,23.455097609156724,15,0.00146484375
0011111111,13189,"[3, 2, 1, 0]",9600,216.1107063293457,True,23.455097609156724,15,0.00146484375
0011111111,13190,"[3, 2, 1, 0]",9600,216.12882614135742,False,23.455097609156724,15,0.00146484375
0011111111,13191,"[3, 2, 1, 0]",9600,216.1421775817871,True,23.455097609156724,15,0.00146484375
0011111111,13192,"[3, 2, 1, 0]",9600,216.16077423095703,False,23.455097609156724,15,0.00146484375
0011111111,13193,"[3, 2, 1, 0]",9600,216.17388725280762,True,23.455097609156724,15,0.00146484375
0011111111,13194,"[3, 2, 1, 0]",9600,216.19248390197754,False,23.455097609156724,15,0.00146484375
0011111111,13195,"[3, 2, 1, 0]",9600,216.20583534240723,True,23.455097609156724,15,0.00146484375
0011111111,13196,"[3, 2, 1, 0]",9600,216.22419357299805,False,23.455097609156724,15,0.00146484375
0011111111,13197,"[3, 2, 1, 0]",9600,216.23802185058594,True,23.455097609156724,15,0.00146484375
0011111111,13198,"[3, 2, 1, 0]",9600,216.25614166259766,False,23.455097609156724,15,0.00146484375
0011111111,13199,"[3, 2, 1, 0]",9600,216.26973152160645,True,23.455097609156724,15,0.00146484375
0011111111,13200,"[3, 2, 1, 0]",9600,216.28999710083008,False,23.455097609156724,15,0.00146484375
0011111111,13201,"[3, 2, 1, 0]",9600,216.30382537841797,True,23.455097609156724,15,0.00146484375
0011111111,13202,"[3, 2, 1, 0]",9600,216.3221836090088,False,23.455097609156724,15,0.00146484375
0011111111,13203,"[3, 2, 1, 0]",9600,216.33577346801758,True,23.455097609156724,15,0.00146484375
0100010110,13204,"[3, 2, 0, 1]",6600,216.3538932800293,False,27.274426870775493,14,0.0013671875
0100010110,13205,"[3, 2, 0, 1]",6600,216.3674831390381,True,27.274426870775493,14,0.0013671875
0100010110,13206,"[3, 2, 0, 1]",6600,216.3856029510498,False,27.274426870775493,14,0.0013671875
0100010110,13207,"[3, 2, 0, 1]",6600,216.3994312286377,True,27.274426870775493,14,0.0013671875
0100010110,13208,"[3, 2, 0, 1]",6600,216.41802787780762,False,27.274426870775493,14,0.0013671875
0100010110,13209,"[3, 2, 0, 1]",6600,216.4318561553955,True,27.274426870775493,14,0.0013671875
0100010110,13210,"[3, 2, 0, 1]",6600,216.45021438598633,False,27.274426870775493,14,0.0013671875
0100010110,13211,"[3, 2, 0, 1]",6600,216.46380424499512,True,27.274426870775493,14,0.0013671875
0100010110,13212,"[3, 2, 0, 1]",6600,216.48216247558594,False,27.274426870775493,14,0.0013671875
0100010110,13213,"[3, 2, 0, 1]",6600,216.49551391601562,True,27.274426870775493,14,0.0013671875
0100010110,13214,"[3, 2, 0, 1]",6600,216.51363372802734,False,27.274426870775493,14,0.0013671875
0100010110,13215,"[3, 2, 0, 1]",6600,216.52698516845703,True,27.274426870775493,14,0.0013671875
0100010110,13216,"[3, 2, 0, 1]",6600,216.54510498046875,False,27.274426870775493,14,0.0013671875
0100010110,13217,"[3, 2, 0, 1]",6600,216.55845642089844,True,27.274426870775493,14,0.0013671875
0100010110,13218,"[3, 2, 0, 1]",6600,216.57657623291016,False,27.274426870775493,14,0.0013671875
0100010110,13219,"[3, 2, 0, 1]",6600,216.59016609191895,True,27.274426870775493,14,0.0013671875
0100010110,13220,"[3, 2, 0, 1]",6600,216.61043167114258,False,27.274426870775493,14,0.0013671875
0100010110,13221,"[3, 2, 0, 1]",6600,216.62402153015137,True,27.274426870775493,14,0.0013671875
0100010110,13222,"[3, 2, 0, 1]",6600,216.6423797607422,False,27.274426870775493,14,0.0013671875
0100010110,13223,"[3, 2, 0, 1]",6600,216.65620803833008,True,27.274426870775493,14,0.0013671875
0100010110,13224,"[3, 2, 0, 1]",6600,216.6750431060791,False,27.274426870775493,14,0.0013671875
0100010110,13225,"[3, 2, 0, 1]",6600,216.688871383667,True,27.274426870775493,14,0.0013671875
0100010110,13226,"[3, 2, 0, 1]",6600,216.70913696289062,False,27.274426870775493,14,0.0013671875
0100010110,13227,"[3, 2, 0, 1]",6600,216.72320365905762,True,27.274426870775493,14,0.0013671875
0100010110,13228,"[3, 2, 0, 1]",6600,216.74156188964844,False,27.274426870775493,14,0.0013671875
0100010110,13229,"[3, 2, 0, 1]",6600,216.75515174865723,True,27.274426870775493,14,0.0013671875
0100010110,13230,"[3, 2, 0, 1]",6600,216.77350997924805,False,27.274426870775493,14,0.0013671875
0100010110,13231,"[3, 2, 0, 1]",6600,216.78686141967773,True,27.274426870775493,14,0.0013671875
0010010001,13232,"[1, 2, 3, 0]",9300,216.80498123168945,False,17.473809707916637,14,0.0013671875
0010010001,13233,"[1, 0, 2, 3]",315,216.81952476501465,True,17.473809707916637,14,0.0013671875
0010010001,13234,"[1, 2, 3, 0]",9300,216.83812141418457,False,17.473809707916637,14,0.0013671875
0010010001,13235,"[1, 0, 2, 3]",315,216.85242652893066,True,17.473809707916637,14,0.0013671875
0010010001,13236,"[1, 2, 3, 0]",9300,216.8710231781006,False,17.473809707916637,14,0.0013671875
0010010001,13237,"[1, 0, 2, 3]",315,216.88532829284668,True,17.473809707916637,14,0.0013671875
0010010001,13238,"[1, 2, 3, 0]",9300,216.9041633605957,False,17.473809707916637,14,0.0013671875
0010010001,13239,"[1, 0, 2, 3]",315,216.9182300567627,True,17.473809707916637,14,0.0013671875
0010010001,13240,"[1, 2, 3, 0]",9300,216.93682670593262,False,17.473809707916637,14,0.0013671875
0010010001,13241,"[1, 0, 2, 3]",315,216.9506549835205,True,17.473809707916637,14,0.0013671875
0010010001,13242,"[1, 2, 3, 0]",9300,216.97092056274414,False,17.473809707916637,14,0.0013671875
0010010001,13243,"[1, 0, 2, 3]",315,216.98474884033203,True,17.473809707916637,14,0.0013671875
0010010001,13244,"[1, 2, 3, 0]",9300,217.00310707092285,False,17.473809707916637,14,0.0013671875
0010010001,13245,"[1, 0, 2, 3]",315,217.01693534851074,True,17.473809707916637,14,0.0013671875
0010010001,13246,"[1, 2, 3, 0]",9300,217.03505516052246,False,17.473809707916637,14,0.0013671875
0010010001,13247,"[1, 0, 2, 3]",315,217.04888343811035,True,17.473809707916637,14,0.0013671875
0010010001,13248,"[1, 2, 3, 0]",9300,217.06748008728027,False,17.473809707916637,14,0.0013671875
0010010001,13249,"[1, 0, 2, 3]",315,217.08154678344727,True,17.473809707916637,14,0.0013671875
0010010001,13250,"[1, 2, 3, 0]",9300,217.0999050140381,False,17.473809707916637,14,0.0013671875
0010010001,13251,"[1, 0, 2, 3]",315,217.11468696594238,True,17.473809707916637,14,0.0013671875
0010010001,13252,"[1, 2, 3, 0]",9300,217.1332836151123,False,17.473809707916637,14,0.0013671875
0010010001,13253,"[1, 0, 2, 3]",315,217.1480655670166,True,17.473809707916637,14,0.0013671875
0010010001,13254,"[1, 2, 3, 0]",9300,217.16666221618652,False,17.473809707916637,14,0.0013671875
0010010001,13255,"[1, 0, 2, 3]",315,217.18144416809082,True,17.473809707916637,14,0.0013671875
0010010001,13256,"[1, 2, 3, 0]",9300,217.20194816589355,False,17.473809707916637,14,0.0013671875
0010010001,13257,"[1, 0, 2, 3]",315,217.21625328063965,True,17.473809707916637,14,0.0013671875
0010010001,13258,"[1, 2, 3, 0]",9300,217.23461151123047,False,17.473809707916637,14,0.0013671875
0010010001,13259,"[1, 0, 2, 3]",315,217.24843978881836,True,17.473809707916637,14,0.0013671875
1010101000,13260,"[3, 2, 1, 0]",9600,217.26703643798828,False,58.54451884233566,14,0.0013671875
1010101000,13261,"[3, 2, 1, 0]",9600,217.28181838989258,True,58.54451884233566,14,0.0013671875
1010101000,13262,"[3, 2, 1, 0]",9600,217.3020839691162,False,58.54451884233566,14,0.0013671875
1010101000,13263,"[3, 2, 1, 0]",9600,217.3166275024414,True,58.54451884233566,14,0.0013671875
1010101000,13264,"[3, 2, 1, 0]",9600,217.33522415161133,False,58.54451884233566,14,0.0013671875
1010101000,13265,"[3, 2, 1, 0]",9600,217.35906600952148,True,58.54451884233566,14,0.0013671875
1010101000,13266,"[3, 2, 1, 0]",9600,217.3769474029541,False,58.54451884233566,14,0.0013671875
1010101000,13267,"[3, 2, 1, 0]",9600,217.3898220062256,True,58.54451884233566,14,0.0013671875
1010101000,13268,"[3, 2, 1, 0]",9600,217.4072265625,False,58.54451884233566,14,0.0013671875
1010101000,13269,"[3, 2, 1, 0]",9600,217.42010116577148,True,58.54451884233566,14,0.0013671875
1010101000,13270,"[3, 2, 1, 0]",9600,217.4375057220459,False,58.54451884233566,14,0.0013671875
1010101000,13271,"[3, 2, 1, 0]",9600,217.45061874389648,True,58.54451884233566,14,0.0013671875
1010101000,13272,"[3, 2, 1, 0]",9600,217.4680233001709,False,58.54451884233566,14,0.0013671875
1010101000,13273,"[3, 2, 1, 0]",9600,217.48113632202148,True,58.54451884233566,14,0.0013671875
1010101000,13274,"[3, 2, 1, 0]",9600,217.498779296875,False,58.54451884233566,14,0.0013671875
1010101000,13275,"[3, 2, 1, 0]",9600,217.5121307373047,True,58.54451884233566,14,0.0013671875
1010101000,13276,"[3, 2, 1, 0]",9600,217.5314426422119,False,58.54451884233566,14,0.0013671875
1010101000,13277,"[3, 2, 1, 0]",9600,217.5447940826416,True,58.54451884233566,14,0.0013671875
1010101000,13278,"[3, 2, 1, 0]",9600,217.5619602203369,False,58.54451884233566,14,0.0013671875
1010101000,13279,"[3, 2, 1, 0]",9600,217.5750732421875,True,58.54451884233566,14,0.0013671875
1010101000,13280,"[3, 2, 1, 0]",9600,217.59271621704102,False,58.54451884233566,14,0.0013671875
1010101000,13281,"[3, 2, 1, 0]",9600,217.6058292388916,True,58.54451884233566,14,0.0013671875
1010101000,13282,"[3, 2, 1, 0]",9600,217.62323379516602,False,58.54451884233566,14,0.0013671875
1010101000,13283,"[3, 2, 1, 0]",9600,217.6365852355957,True,58.54451884233566,14,0.0013671875
1010101000,13284,"[3, 2, 1, 0]",9600,217.65565872192383,False,58.54451884233566,14,0.0013671875
1010101000,13285,"[3, 2, 1, 0]",9600,217.6685333251953,True,58.54451884233566,14,0.0013671875
1010101000,13286,"[3, 2, 1, 0]",9600,217.68617630004883,False,58.54451884233566,14,0.0013671875
1010101000,13287,"[3, 2, 1, 0]",9600,217.6992893218994,True,58.54451884233566,14,0.0013671875
1001000101,13288,"[0, 3, 1, 2]",750,217.71740913391113,False,11.73311161570339,14,0.0013671875
1001000101,13289,"[0, 1, 3, 2]",465,217.73147583007812,True,11.73311161570339,14,0.0013671875
1001000101,13290,"[0, 3, 1, 2]",750,217.74959564208984,False,11.73311161570339,14,0.0013671875
1001000101,13291,"[0, 1, 3, 2]",465,217.76294708251953,True,11.73311161570339,14,0.0013671875
1001000101,13292,"[0, 3, 1, 2]",750,217.78059005737305,False,11.73311161570339,14,0.0013671875
1001000101,13293,"[0, 1, 3, 2]",465,217.79370307922363,True,11.73311161570339,14,0.0013671875
1001000101,13294,"[0, 3, 1, 2]",750,217.81134605407715,False,11.73311161570339,14,0.0013671875
1001000101,13295,"[0, 1, 3, 2]",465,217.82469749450684,True,11.73311161570339,14,0.0013671875
1001000101,13296,"[0, 3, 1, 2]",750,217.84234046936035,False,11.73311161570339,14,0.0013671875
1001000101,13297,"[0, 1, 3, 2]",465,217.85521507263184,True,11.73311161570339,14,0.0013671875
1001000101,13298,"[0, 3, 1, 2]",750,217.87285804748535,False,11.73311161570339,14,0.0013671875
1001000101,13299,"[0, 1, 3, 2]",465,217.88597106933594,True,11.73311161570339,14,0.0013671875
1001000101,13300,"[0, 3, 1, 2]",750,217.90361404418945,False,11.73311161570339,14,0.0013671875
1001000101,13301,"[0, 1, 3, 2]",465,217.91648864746094,True,11.73311161570339,14,0.0013671875
1001000101,13302,"[0, 3, 1, 2]",750,217.93413162231445,False,11.73311161570339,14,0.0013671875
1001000101,13303,"[0, 1, 3, 2]",465,217.94772148132324,True,11.73311161570339,14,0.0013671875
1001000101,13304,"[0, 3, 1, 2]",750,217.96703338623047,False,11.73311161570339,14,0.0013671875
1001000101,13305,"[0, 1, 3, 2]",465,217.98038482666016,True,11.73311161570339,14,0.0013671875
1001000101,13306,"[0, 3, 1, 2]",750,217.99778938293457,False,11.73311161570339,14,0.0013671875
1001000101,13307,"[0, 1, 3, 2]",465,218.01090240478516,True,11.73311161570339,14,0.0013671875
1001000101,13308,"[0, 3, 1, 2]",750,218.02830696105957,False,11.73311161570339,14,0.0013671875
1001000101,13309,"[0, 1, 3, 2]",465,218.04141998291016,True,11.73311161570339,14,0.0013671875
1001000101,13310,"[0, 3, 1, 2]",750,218.05858612060547,False,11.73311161570339,14,0.0013671875
1001000101,13311,"[0, 1, 3, 2]",465,218.07193756103516,True,11.73311161570339,14,0.0013671875
1001000101,13312,"[0, 3, 1, 2]",750,218.08934211730957,False,11.73311161570339,14,0.0013671875
1001000101,13313,"[0, 1, 3, 2]",465,218.10245513916016,True,11.73311161570339,14,0.0013671875
1001000101,13314,"[0, 3, 1, 2]",750,218.12009811401367,False,11.73311161570339,14,0.0013671875
1001000101,13315,"[0, 1, 3, 2]",465,218.13321113586426,True,11.73311161570339,14,0.0013671875
0111101000,13316,"[1, 3, 2, 0]",9450,218.15085411071777,False,28.37140699119555,14,0.0013671875
0111101000,13317,"[1, 0, 3, 2]",465,218.16420555114746,True,28.37140699119555,14,0.0013671875
0111101000,13318,"[1, 3, 2, 0]",9450,218.18184852600098,False,28.37140699119555,14,0.0013671875
0111101000,13319,"[1, 0, 3, 2]",465,218.19519996643066,True,28.37140699119555,14,0.0013671875
0111101000,13320,"[1, 3, 2, 0]",9450,218.21284294128418,False,28.37140699119555,14,0.0013671875
0111101000,13321,"[1, 0, 3, 2]",465,218.22619438171387,True,28.37140699119555,14,0.0013671875
0111101000,13322,"[1, 3, 2, 0]",9450,218.24383735656738,False,28.37140699119555,14,0.0013671875
0111101000,13323,"[1, 0, 3, 2]",465,218.25695037841797,True,28.37140699119555,14,0.0013671875
0111101000,13324,"[1, 3, 2, 0]",9450,218.2765007019043,False,28.37140699119555,14,0.0013671875
0111101000,13325,"[1, 0, 3, 2]",465,218.2905673980713,True,28.37140699119555,14,0.0013671875
0111101000,13326,"[1, 3, 2, 0]",9450,218.31107139587402,False,28.37140699119555,14,0.0013671875
0111101000,13327,"[1, 0, 3, 2]",465,218.3248996734619,True,28.37140699119555,14,0.0013671875
0111101000,13328,"[1, 3, 2, 0]",9450,218.34278106689453,False,28.37140699119555,14,0.0013671875
0111101000,13329,"[1, 0, 3, 2]",465,218.35637092590332,True,28.37140699119555,14,0.0013671875
0111101000,13330,"[1, 3, 2, 0]",9450,218.37401390075684,False,28.37140699119555,14,0.0013671875
0111101000,13331,"[1, 0, 3, 2]",465,218.38760375976562,True,28.37140699119555,14,0.0013671875
0111101000,13332,"[1, 3, 2, 0]",9450,218.40548515319824,False,28.37140699119555,14,0.0013671875
0111101000,13333,"[1, 0, 3, 2]",465,218.41883659362793,True,28.37140699119555,14,0.0013671875
0111101000,13334,"[1, 3, 2, 0]",9450,218.43624114990234,False,28.37140699119555,14,0.0013671875
0111101000,13335,"[1, 0, 3, 2]",465,218.44959259033203,True,28.37140699119555,14,0.0013671875
0111101000,13336,"[1, 3, 2, 0]",9450,218.46699714660645,False,28.37140699119555,14,0.0013671875
0111101000,13337,"[1, 0, 3, 2]",465,218.48011016845703,True,28.37140699119555,14,0.0013671875
0111101000,13338,"[1, 3, 2, 0]",9450,218.49775314331055,False,28.37140699119555,14,0.0013671875
0111101000,13339,"[1, 0, 3, 2]",465,218.51038932800293,True,28.37140699119555,14,0.0013671875
0111101000,13340,"[1, 3, 2, 0]",9450,218.52850914001465,False,28.37140699119555,14,0.0013671875
0111101000,13341,"[1, 0, 3, 2]",465,218.54162216186523,True,28.37140699119555,14,0.0013671875
0111101000,13342,"[1, 3, 2, 0]",9450,218.55950355529785,False,28.37140699119555,14,0.0013671875
0111101000,13343,"[1, 0, 3, 2]",465,218.5957431793213,True,28.37140699119555,14,0.0013671875
0101000100,13344,"[3, 1, 0, 2]",900,218.6141014099121,False,21.345961670804765,14,0.0013671875
0101000100,13345,"[3, 1, 0, 2]",900,218.6291217803955,True,21.345961670804765,14,0.0013671875
0101000100,13346,"[3, 1, 0, 2]",900,218.64914894104004,False,21.345961670804765,14,0.0013671875
0101000100,13347,"[3, 1, 0, 2]",900,218.66321563720703,True,21.345961670804765,14,0.0013671875
0101000100,13348,"[3, 1, 0, 2]",900,218.68157386779785,False,21.345961670804765,14,0.0013671875
0101000100,13349,"[3, 1, 0, 2]",900,218.69492530822754,True,21.345961670804765,14,0.0013671875
0101000100,13350,"[3, 1, 0, 2]",900,218.71280670166016,False,21.345961670804765,14,0.0013671875
0101000100,13351,"[3, 1, 0, 2]",900,218.72568130493164,True,21.345961670804765,14,0.0013671875
0101000100,13352,"[3, 1, 0, 2]",900,218.74403953552246,False,21.345961670804765,14,0.0013671875
0101000100,13353,"[3, 1, 0, 2]",900,218.75739097595215,True,21.345961670804765,14,0.0013671875
0101000100,13354,"[3, 1, 0, 2]",900,218.77479553222656,False,21.345961670804765,14,0.0013671875
0101000100,13355,"[3, 1, 0, 2]",900,218.78790855407715,True,21.345961670804765,14,0.0013671875
0101000100,13356,"[3, 1, 0, 2]",900,218.80555152893066,False,21.345961670804765,14,0.0013671875
0101000100,13357,"[3, 1, 0, 2]",900,218.81890296936035,True,21.345961670804765,14,0.0013671875
0101000100,13358,"[3, 1, 0, 2]",900,218.83654594421387,False,21.345961670804765,14,0.0013671875
0101000100,13359,"[3, 1, 0, 2]",900,218.85013580322266,True,21.345961670804765,14,0.0013671875
0101000100,13360,"[3, 1, 0, 2]",900,218.86777877807617,False,21.345961670804765,14,0.0013671875
0101000100,13361,"[3, 1, 0, 2]",900,218.88113021850586,True,21.345961670804765,14,0.0013671875
0101000100,13362,"[3, 1, 0, 2]",900,218.89901161193848,False,21.345961670804765,14,0.0013671875
0101000100,13363,"[3, 1, 0, 2]",900,218.91236305236816,True,21.345961670804765,14,0.0013671875
0101000100,13364,"[3, 1, 0, 2]",900,218.93000602722168,False,21.345961670804765,14,0.0013671875
0101000100,13365,"[3, 1, 0, 2]",900,218.94335746765137,True,21.345961670804765,14,0.0013671875
0101000100,13366,"[3, 1, 0, 2]",900,218.96123886108398,False,21.345961670804765,14,0.0013671875
0101000100,13367,"[3, 1, 0, 2]",900,218.97459030151367,True,21.345961670804765,14,0.0013671875
0101000100,13368,"[3, 1, 0, 2]",900,218.9939022064209,False,21.345961670804765,14,0.0013671875
0101000100,13369,"[3, 1, 0, 2]",900,219.0074920654297,True,21.345961670804765,14,0.0013671875
0101000100,13370,"[3, 1, 0, 2]",900,219.0248966217041,False,21.345961670804765,14,0.0013671875
0101000100,13371,"[3, 1, 0, 2]",900,219.0377712249756,True,21.345961670804765,14,0.0013671875
1000011010,13372,"[3, 0, 2, 1]",6300,219.0561294555664,False,17.87456625076201,14,0.0013671875
1000011010,13373,"[3, 0, 1, 2]",750,219.0699577331543,True,17.87456625076201,14,0.0013671875
1000011010,13374,"[3, 0, 2, 1]",6300,219.08807754516602,False,17.87456625076201,14,0.0013671875
1000011010,13375,"[3, 0, 1, 2]",750,219.1019058227539,True,17.87456625076201,14,0.0013671875
1000011010,13376,"[3, 0, 2, 1]",6300,219.12193298339844,False,17.87456625076201,14,0.0013671875
1000011010,13377,"[3, 0, 1, 2]",750,219.13504600524902,True,17.87456625076201,14,0.0013671875
1000011010,13378,"[3, 0, 2, 1]",6300,219.15316581726074,False,17.87456625076201,14,0.0013671875
1000011010,13379,"[3, 0, 1, 2]",750,219.16604042053223,True,17.87456625076201,14,0.0013671875
1000011010,13380,"[3, 0, 2, 1]",6300,219.18368339538574,False,17.87456625076201,14,0.0013671875
1000011010,13381,"[3, 0, 1, 2]",750,219.19679641723633,True,17.87456625076201,14,0.0013671875
1000011010,13382,"[3, 0, 2, 1]",6300,219.21443939208984,False,17.87456625076201,14,0.0013671875
1000011010,13383,"[3, 0, 1, 2]",750,219.22779083251953,True,17.87456625076201,14,0.0013671875
1000011010,13384,"[3, 0, 2, 1]",6300,219.24543380737305,False,17.87456625076201,14,0.0013671875
1000011010,13385,"[3, 0, 1, 2]",750,219.25878524780273,True,17.87456625076201,14,0.0013671875
1000011010,13386,"[3, 0, 2, 1]",6300,219.27666664123535,False,17.87456625076201,14,0.0013671875
1000011010,13387,"[3, 0, 1, 2]",750,219.29049491882324,True,17.87456625076201,14,0.0013671875
1000011010,13388,"[3, 0, 2, 1]",6300,219.31028366088867,False,17.87456625076201,14,0.0013671875
1000011010,13389,"[3, 0, 1, 2]",750,219.32363510131836,True,17.87456625076201,14,0.0013671875
1000011010,13390,"[3, 0, 2, 1]",6300,219.34127807617188,False,17.87456625076201,14,0.0013671875
1000011010,13391,"[3, 0, 1, 2]",750,219.35439109802246,True,17.87456625076201,14,0.0013671875
1000011010,13392,"[3, 0, 2, 1]",6300,219.37203407287598,False,17.87456625076201,14,0.0013671875
1000011010,13393,"[3, 0, 1, 2]",750,219.38490867614746,True,17.87456625076201,14,0.0013671875
1000011010,13394,"[3, 0, 2, 1]",6300,219.40255165100098,False,17.87456625076201,14,0.0013671875
1000011010,13395,"[3, 0, 1, 2]",750,219.41566467285156,True,17.87456625076201,14,0.0013671875
1000011010,13396,"[3, 0, 2, 1]",6300,219.43306922912598,False,17.87456625076201,14,0.0013671875
1000011010,13397,"[3, 0, 1, 2]",750,219.44618225097656,True,17.87456625076201,14,0.0013671875
1000011010,13398,"[3, 0, 2, 1]",6300,219.46358680725098,False,17.87456625076201,14,0.0013671875
1000011010,13399,"[3, 0, 1, 2]",750,219.47669982910156,True,17.87456625076201,14,0.0013671875
1110010011,13400,"[0, 1, 2, 3]",315,219.49458122253418,False,9.075869699244599,14,0.0013671875
1110010011,13401,"[0, 1, 2, 3]",315,219.50817108154297,True,9.075869699244599,14,0.0013671875
1110010011,13402,"[0, 1, 2, 3]",315,219.5260524749756,False,9.075869699244599,14,0.0013671875
1110010011,13403,"[0, 1, 2, 3]",315,219.53940391540527,True,9.075869699244599,14,0.0013671875
1110010011,13404,"[0, 1, 2, 3]",315,219.5570468902588,False,9.075869699244599,14,0.0013671875
1110010011,13405,"[0, 1, 2, 3]",315,219.56992149353027,True,9.075869699244599,14,0.0013671875
1110010011,13406,"[0, 1, 2, 3]",315,219.5873260498047,False,9.075869699244599,14,0.0013671875
1110010011,13407,"[0, 1, 2, 3]",315,219.60020065307617,True,9.075869699244599,14,0.0013671875
1110010011,13408,"[0, 1, 2, 3]",315,219.6176052093506,False,9.075869699244599,14,0.0013671875
1110010011,13409,"[0, 1, 2, 3]",315,219.63071823120117,True,9.075869699244599,14,0.0013671875
1110010011,13410,"[0, 1, 2, 3]",315,219.6500301361084,False,9.075869699244599,14,0.0013671875
1110010011,13411,"[0, 1, 2, 3]",315,219.66266632080078,True,9.075869699244599,14,0.0013671875
1110010011,13412,"[0, 1, 2, 3]",315,219.6800708770752,False,9.075869699244599,14,0.0013671875
1110010011,13413,"[0, 1, 2, 3]",315,219.69294548034668,True,9.075869699244599,14,0.0013671875
1110010011,13414,"[0, 1, 2, 3]",315,219.7103500366211,False,9.075869699244599,14,0.0013671875
1110010011,13415,"[0, 1, 2, 3]",315,219.72322463989258,True,9.075869699244599,14,0.0013671875
1110010011,13416,"[0, 1, 2, 3]",315,219.740629196167,False,9.075869699244599,14,0.0013671875
1110010011,13417,"[0, 1, 2, 3]",315,219.75398063659668,True,9.075869699244599,14,0.0013671875
1110010011,13418,"[0, 1, 2, 3]",315,219.771146774292,False,9.075869699244599,14,0.0013671875
1110010011,13419,"[0, 1, 2, 3]",315,219.78449821472168,True,9.075869699244599,14,0.0013671875
1110010011,13420,"[0, 1, 2, 3]",315,219.8019027709961,False,9.075869699244599,14,0.0013671875
1110010011,13421,"[0, 1, 2, 3]",315,219.81573104858398,True,9.075869699244599,14,0.0013671875
1110010011,13422,"[0, 1, 2, 3]",315,219.8331356048584,False,9.075869699244599,14,0.0013671875
1110010011,13423,"[0, 1, 2, 3]",315,219.8498249053955,True,9.075869699244599,14,0.0013671875
1110010011,13424,"[0, 1, 2, 3]",315,219.88511085510254,False,9.075869699244599,14,0.0013671875
1110010011,13425,"[0, 1, 2, 3]",315,219.89965438842773,True,9.075869699244599,14,0.0013671875
1110010011,13426,"[0, 1, 2, 3]",315,219.91968154907227,False,9.075869699244599,14,0.0013671875
1110010011,13427,"[0, 1, 2, 3]",315,219.93327140808105,True,9.075869699244599,14,0.0013671875
1110001010,13428,"[0, 3, 1, 2]",750,219.95210647583008,False,22.03953664325408,14,0.0013671875
1110001010,13429,"[0, 1, 3, 2]",465,219.96593475341797,True,22.03953664325408,14,0.0013671875
1110001010,13430,"[0, 3, 1, 2]",750,219.9864387512207,False,22.03953664325408,14,0.0013671875
1110001010,13431,"[0, 1, 3, 2]",465,220.0002670288086,True,22.03953664325408,14,0.0013671875
1110001010,13432,"[0, 3, 1, 2]",750,220.0183868408203,False,22.03953664325408,14,0.0013671875
1110001010,13433,"[0, 1, 3, 2]",465,220.03173828125,True,22.03953664325408,14,0.0013671875
1110001010,13434,"[0, 3, 1, 2]",750,220.04985809326172,False,22.03953664325408,14,0.0013671875
1110001010,13435,"[0, 1, 3, 2]",465,220.0632095336914,True,22.03953664325408,14,0.0013671875
1110001010,13436,"[0, 3, 1, 2]",750,220.08132934570312,False,22.03953664325408,14,0.0013671875
1110001010,13437,"[0, 1, 3, 2]",465,220.0946807861328,True,22.03953664325408,14,0.0013671875
1110001010,13438,"[0, 3, 1, 2]",750,220.11256217956543,False,22.03953664325408,14,0.0013671875
1110001010,13439,"[0, 1, 3, 2]",465,220.12591361999512,True,22.03953664325408,14,0.0013671875
1110001010,13440,"[0, 3, 1, 2]",750,220.14379501342773,False,22.03953664325408,14,0.0013671875
1110001010,13441,"[0, 1, 3, 2]",465,220.15762329101562,True,22.03953664325408,14,0.0013671875
1110001010,13442,"[0, 3, 1, 2]",750,220.17574310302734,False,22.03953664325408,14,0.0013671875
1110001010,13443,"[0, 1, 3, 2]",465,220.18957138061523,True,22.03953664325408,14,0.0013671875
1110001010,13444,"[0, 3, 1, 2]",750,220.20769119262695,False,22.03953664325408,14,0.0013671875
1110001010,13445,"[0, 1, 3, 2]",465,220.22151947021484,True,22.03953664325408,14,0.0013671875
1110001010,13446,"[0, 3, 1, 2]",750,220.24011611938477,False,22.03953664325408,14,0.0013671875
1110001010,13447,"[0, 1, 3, 2]",465,220.25370597839355,True,22.03953664325408,14,0.0013671875
1110001010,13448,"[0, 3, 1, 2]",750,220.27206420898438,False,22.03953664325408,14,0.0013671875
1110001010,13449,"[0, 1, 3, 2]",465,220.28565406799316,True,22.03953664325408,14,0.0013671875
1110001010,13450,"[0, 3, 1, 2]",750,220.30401229858398,False,22.03953664325408,14,0.0013671875
1110001010,13451,"[0, 1, 3, 2]",465,220.31736373901367,True,22.03953664325408,14,0.0013671875
1110001010,13452,"[0, 3, 1, 2]",750,220.3378677368164,False,22.03953664325408,14,0.0013671875
1110001010,13453,"[0, 1, 3, 2]",465,220.3512191772461,True,22.03953664325408,14,0.0013671875
1110001010,13454,"[0, 3, 1, 2]",750,220.3695774078369,False,22.03953664325408,14,0.0013671875
1110001010,13455,"[0, 1, 3, 2]",465,220.3829288482666,True,22.03953664325408,14,0.0013671875
1100101011,13456,"[0, 3, 2, 1]",6300,220.40152549743652,False,25.718124370008205,14,0.0013671875
1100101011,13457,"[0, 1, 3, 2]",465,220.4151153564453,True,25.718124370008205,14,0.0013671875
1100101011,13458,"[0, 3, 2, 1]",6300,220.43347358703613,False,25.718124370008205,14,0.0013671875
1100101011,13459,"[0, 1, 3, 2]",465,220.44706344604492,True,25.718124370008205,14,0.0013671875
1100101011,13460,"[0, 3, 2, 1]",6300,220.46566009521484,False,25.718124370008205,14,0.0013671875
1100101011,13461,"[0, 1, 3, 2]",465,220.47924995422363,True,25.718124370008205,14,0.0013671875
1100101011,13462,"[0, 3, 2, 1]",6300,220.49736976623535,False,25.718124370008205,14,0.0013671875
1100101011,13463,"[0, 1, 3, 2]",465,220.51095962524414,True,25.718124370008205,14,0.0013671875
1100101011,13464,"[0, 3, 2, 1]",6300,220.52907943725586,False,25.718124370008205,14,0.0013671875
1100101011,13465,"[0, 1, 3, 2]",465,220.54243087768555,True,25.718124370008205,14,0.0013671875
1100101011,13466,"[0, 3, 2, 1]",6300,220.56055068969727,False,25.718124370008205,14,0.0013671875
1100101011,13467,"[0, 1, 3, 2]",465,220.57414054870605,True,25.718124370008205,14,0.0013671875
1100101011,13468,"[0, 3, 2, 1]",6300,220.59249877929688,False,25.718124370008205,14,0.0013671875
1100101011,13469,"[0, 1, 3, 2]",465,220.60608863830566,True,25.718124370008205,14,0.0013671875
1100101011,13470,"[0, 3, 2, 1]",6300,220.62444686889648,False,25.718124370008205,14,0.0013671875
1100101011,13471,"[0, 1, 3, 2]",465,220.63851356506348,True,25.718124370008205,14,0.0013671875
1100101011,13472,"[0, 3, 2, 1]",6300,220.6587791442871,False,25.718124370008205,14,0.0013671875
1100101011,13473,"[0, 1, 3, 2]",465,220.672607421875,True,25.718124370008205,14,0.0013671875
1100101011,13474,"[0, 3, 2, 1]",6300,220.69096565246582,False,25.718124370008205,14,0.0013671875
1100101011,13475,"[0, 1, 3, 2]",465,220.7047939300537,True,25.718124370008205,14,0.0013671875
1100101011,13476,"[0, 3, 2, 1]",6300,220.72339057922363,False,25.718124370008205,14,0.0013671875
1100101011,13477,"[0, 1, 3, 2]",465,220.73698043823242,True,25.718124370008205,14,0.0013671875
1100101011,13478,"[0, 3, 2, 1]",6300,220.75724601745605,False,25.718124370008205,14,0.0013671875
1100101011,13479,"[0, 1, 3, 2]",465,220.77107429504395,True,25.718124370008205,14,0.0013671875
1100101011,13480,"[0, 3, 2, 1]",6300,220.78943252563477,False,25.718124370008205,14,0.0013671875
1100101011,13481,"[0, 1, 3, 2]",465,220.80302238464355,True,25.718124370008205,14,0.0013671875
1100101011,13482,"[0, 3, 2, 1]",6300,220.82138061523438,False,25.718124370008205,14,0.0013671875
1100101011,13483,"[0, 1, 3, 2]",465,220.83473205566406,True,25.718124370008205,14,0.0013671875
1100011011,13484,"[0, 3, 2, 1]",6300,220.85285186767578,False,11.874566250762008,14,0.0013671875
1100011011,13485,"[0, 1, 3, 2]",465,220.86596488952637,True,11.874566250762008,14,0.0013671875
1100011011,13486,"[0, 3, 2, 1]",6300,220.88384628295898,False,11.874566250762008,14,0.0013671875
1100011011,13487,"[0, 1, 3, 2]",465,220.89719772338867,True,11.874566250762008,14,0.0013671875
1100011011,13488,"[0, 3, 2, 1]",6300,220.9153175354004,False,11.874566250762008,14,0.0013671875
1100011011,13489,"[0, 1, 3, 2]",465,220.92866897583008,True,11.874566250762008,14,0.0013671875
1100011011,13490,"[0, 3, 2, 1]",6300,220.9470272064209,False,11.874566250762008,14,0.0013671875
1100011011,13491,"[0, 1, 3, 2]",465,220.9608554840088,True,11.874566250762008,14,0.0013671875
1100011011,13492,"[0, 3, 2, 1]",6300,220.9794521331787,False,11.874566250762008,14,0.0013671875
1100011011,13493,"[0, 1, 3, 2]",465,220.9935188293457,True,11.874566250762008,14,0.0013671875
1100011011,13494,"[0, 3, 2, 1]",6300,221.01306915283203,False,11.874566250762008,14,0.0013671875
1100011011,13495,"[0, 1, 3, 2]",465,221.02689743041992,True,11.874566250762008,14,0.0013671875
1100011011,13496,"[0, 3, 2, 1]",6300,221.04525566101074,False,11.874566250762008,14,0.0013671875
1100011011,13497,"[0, 1, 3, 2]",465,221.05860710144043,True,11.874566250762008,14,0.0013671875
1100011011,13498,"[0, 3, 2, 1]",6300,221.07672691345215,False,11.874566250762008,14,0.0013671875
1100011011,13499,"[0, 1, 3, 2]",465,221.09055519104004,True,11.874566250762008,14,0.0013671875
1100011011,13500,"[0, 3, 2, 1]",6300,221.10891342163086,False,11.874566250762008,14,0.0013671875
1100011011,13501,"[0, 1, 3, 2]",465,221.12250328063965,True,11.874566250762008,14,0.0013671875
1100011011,13502,"[0, 3, 2, 1]",6300,221.14086151123047,False,11.874566250762008,14,0.0013671875
1100011011,13503,"[0, 1, 3, 2]",465,221.15421295166016,True,11.874566250762008,14,0.0013671875
1100011011,13504,"[0, 3, 2, 1]",6300,221.17280960083008,False,11.874566250762008,14,0.0013671875
1100011011,13505,"[0, 1, 3, 2]",465,221.18616104125977,True,11.874566250762008,14,0.0013671875
1100011011,13506,"[0, 3, 2, 1]",6300,221.2047576904297,False,11.874566250762008,14,0.0013671875
1100011011,13507,"[0, 1, 3, 2]",465,221.21787071228027,True,11.874566250762008,14,0.0013671875
1100011011,13508,"[0, 3, 2, 1]",6300,221.2367057800293,False,11.874566250762008,14,0.0013671875
1100011011,13509,"[0, 1, 3, 2]",465,221.24981880187988,True,11.874566250762008,14,0.0013671875
1100011011,13510,"[0, 3, 2, 1]",6300,221.2684154510498,False,11.874566250762008,14,0.0013671875
1100011011,13511,"[0, 1, 3, 2]",465,221.2817668914795,True,11.874566250762008,14,0.0013671875
1011101101,13512,"[3, 1, 2, 0]",9450,221.30060195922852,False,43.277630458039056,13,0.00126953125
1011101101,13513,"[3, 1, 0, 2]",900,221.3149070739746,True,43.277630458039056,13,0.00126953125
1011101101,13514,"[3, 1, 2, 0]",9450,221.33541107177734,False,43.277630458039056,13,0.00126953125
1011101101,13515,"[3, 1, 0, 2]",900,221.34947776794434,True,43.277630458039056,13,0.00126953125
1011101101,13516,"[3, 1, 2, 0]",9450,221.36831283569336,False,43.277630458039056,13,0.00126953125
1011101101,13517,"[3, 1, 0, 2]",900,221.38214111328125,True,43.277630458039056,13,0.00126953125
1011101101,13518,"[3, 1, 2, 0]",9450,221.40049934387207,False,43.277630458039056,13,0.00126953125
1011101101,13519,"[3, 1, 0, 2]",900,221.41480445861816,True,43.277630458039056,13,0.00126953125
1011101101,13520,"[3, 1, 2, 0]",9450,221.4334011077881,False,43.277630458039056,13,0.00126953125
1011101101,13521,"[3, 1, 0, 2]",900,221.44770622253418,True,43.277630458039056,13,0.00126953125
1011101101,13522,"[3, 1, 2, 0]",9450,221.466064453125,False,43.277630458039056,13,0.00126953125
1011101101,13523,"[3, 1, 0, 2]",900,221.4798927307129,True,43.277630458039056,13,0.00126953125
1011101101,13524,"[3, 1, 2, 0]",9450,221.4980125427246,False,43.277630458039056,13,0.00126953125
1011101101,13525,"[3, 1, 0, 2]",900,221.5118408203125,True,43.277630458039056,13,0.00126953125
1011101101,13526,"[3, 1, 2, 0]",9450,221.53043746948242,False,43.277630458039056,13,0.00126953125
1011101101,13527,"[3, 1, 0, 2]",900,221.5442657470703,True,43.277630458039056,13,0.00126953125
1011101101,13528,"[3, 1, 2, 0]",9450,221.56476974487305,False,43.277630458039056,13,0.00126953125
1011101101,13529,"[3, 1, 0, 2]",900,221.57859802246094,True,43.277630458039056,13,0.00126953125
1011101101,13530,"[3, 1, 2, 0]",9450,221.59743309020996,False,43.277630458039056,13,0.00126953125
1011101101,13531,"[3, 1, 0, 2]",900,221.61126136779785,True,43.277630458039056,13,0.00126953125
1011101101,13532,"[3, 1, 2, 0]",9450,221.62938117980957,False,43.277630458039056,13,0.00126953125
1011101101,13533,"[3, 1, 0, 2]",900,221.65346145629883,True,43.277630458039056,13,0.00126953125
1011101101,13534,"[3, 1, 2, 0]",9450,221.67134284973145,False,43.277630458039056,13,0.00126953125
1011101101,13535,"[3, 1, 0, 2]",900,221.68421745300293,True,43.277630458039056,13,0.00126953125
1011101101,13536,"[3, 1, 2, 0]",9450,221.70424461364746,False,43.277630458039056,13,0.00126953125
1011101101,13537,"[3, 1, 0, 2]",900,221.71711921691895,True,43.277630458039056,13,0.00126953125
0100110001,13538,"[2, 0, 3, 1]",6200,221.73476219177246,False,9.385358099234839,13,0.00126953125
0100110001,13539,"[2, 0, 1, 3]",500,221.74787521362305,True,9.385358099234839,13,0.00126953125
0100110001,13540,"[2, 0, 3, 1]",6200,221.76575660705566,False,9.385358099234839,13,0.00126953125
0100110001,13541,"[2, 0, 1, 3]",500,221.77839279174805,True,9.385358099234839,13,0.00126953125
0100110001,13542,"[2, 0, 3, 1]",6200,221.79627418518066,False,9.385358099234839,13,0.00126953125
0100110001,13543,"[2, 0, 1, 3]",500,221.80891036987305,True,9.385358099234839,13,0.00126953125
0100110001,13544,"[2, 0, 3, 1]",6200,221.82631492614746,False,9.385358099234839,13,0.00126953125
0100110001,13545,"[2, 0, 1, 3]",500,221.83942794799805,True,9.385358099234839,13,0.00126953125
0100110001,13546,"[2, 0, 3, 1]",6200,221.85683250427246,False,9.385358099234839,13,0.00126953125
0100110001,13547,"[2, 0, 1, 3]",500,221.86994552612305,True,9.385358099234839,13,0.00126953125
0100110001,13548,"[2, 0, 3, 1]",6200,221.88735008239746,False,9.385358099234839,13,0.00126953125
0100110001,13549,"[2, 0, 1, 3]",500,221.90022468566895,True,9.385358099234839,13,0.00126953125
0100110001,13550,"[2, 0, 3, 1]",6200,221.91762924194336,False,9.385358099234839,13,0.00126953125
0100110001,13551,"[2, 0, 1, 3]",500,221.93074226379395,True,9.385358099234839,13,0.00126953125
0100110001,13552,"[2, 0, 3, 1]",6200,221.94814682006836,False,9.385358099234839,13,0.00126953125
0100110001,13553,"[2, 0, 1, 3]",500,221.96078300476074,True,9.385358099234839,13,0.00126953125
0100110001,13554,"[2, 0, 3, 1]",6200,221.97818756103516,False,9.385358099234839,13,0.00126953125
0100110001,13555,"[2, 0, 1, 3]",500,221.99153900146484,True,9.385358099234839,13,0.00126953125
0100110001,13556,"[2, 0, 3, 1]",6200,222.01108932495117,False,9.385358099234839,13,0.00126953125
0100110001,13557,"[2, 0, 1, 3]",500,222.04017639160156,True,9.385358099234839,13,0.00126953125
0100110001,13558,"[2, 0, 3, 1]",6200,222.0590114593506,False,9.385358099234839,13,0.00126953125
0100110001,13559,"[2, 0, 1, 3]",500,222.07260131835938,True,9.385358099234839,13,0.00126953125
0100110001,13560,"[2, 0, 3, 1]",6200,222.0909595489502,False,9.385358099234839,13,0.00126953125
0100110001,13561,"[2, 0, 1, 3]",500,222.10431098937988,True,9.385358099234839,13,0.00126953125
0100110001,13562,"[2, 0, 3, 1]",6200,222.1229076385498,False,9.385358099234839,13,0.00126953125
0100110001,13563,"[2, 0, 1, 3]",500,222.1362590789795,True,9.385358099234839,13,0.00126953125
0101100111,13564,"[2, 3, 1, 0]",9600,222.1546173095703,False,15.13015570154353,13,0.00126953125
0101100111,13565,"[2, 3, 1, 0]",9600,222.1684455871582,True,15.13015570154353,13,0.00126953125
0101100111,13566,"[2, 3, 1, 0]",9600,222.18656539916992,False,15.13015570154353,13,0.00126953125
0101100111,13567,"[2, 3, 1, 0]",9600,222.21040725708008,True,15.13015570154353,13,0.00126953125
0101100111,13568,"[2, 3, 1, 0]",9600,222.2278118133545,False,15.13015570154353,13,0.00126953125
0101100111,13569,"[2, 3, 1, 0]",9600,222.24068641662598,True,15.13015570154353,13,0.00126953125
0101100111,13570,"[2, 3, 1, 0]",9600,222.2578525543213,False,15.13015570154353,13,0.00126953125
0101100111,13571,"[2, 3, 1, 0]",9600,222.27096557617188,True,15.13015570154353,13,0.00126953125
0101100111,13572,"[2, 3, 1, 0]",9600,222.2883701324463,False,15.13015570154353,13,0.00126953125
0101100111,13573,"[2, 3, 1, 0]",9600,222.30100631713867,True,15.13015570154353,13,0.00126953125
0101100111,13574,"[2, 3, 1, 0]",9600,222.3184108734131,False,15.13015570154353,13,0.00126953125
0101100111,13575,"[2, 3, 1, 0]",9600,222.33152389526367,True,15.13015570154353,13,0.00126953125
0101100111,13576,"[2, 3, 1, 0]",9600,222.3505973815918,False,15.13015570154353,13,0.00126953125
0101100111,13577,"[2, 3, 1, 0]",9600,222.3646640777588,True,15.13015570154353,13,0.00126953125
0101100111,13578,"[2, 3, 1, 0]",9600,222.3837375640869,False,15.13015570154353,13,0.00126953125
0101100111,13579,"[2, 3, 1, 0]",9600,222.3968505859375,True,15.13015570154353,13,0.00126953125
0101100111,13580,"[2, 3, 1, 0]",9600,222.41473197937012,False,15.13015570154353,13,0.00126953125
0101100111,13581,"[2, 3, 1, 0]",9600,222.4276065826416,True,15.13015570154353,13,0.00126953125
0101100111,13582,"[2, 3, 1, 0]",9600,222.44524955749512,False,15.13015570154353,13,0.00126953125
0101100111,13583,"[2, 3, 1, 0]",9600,222.4581241607666,True,15.13015570154353,13,0.00126953125
0101100111,13584,"[2, 3, 1, 0]",9600,222.47576713562012,False,15.13015570154353,13,0.00126953125
0101100111,13585,"[2, 3, 1, 0]",9600,222.4884033203125,True,15.13015570154353,13,0.00126953125
0101100111,13586,"[2, 3, 1, 0]",9600,222.5058078765869,False,15.13015570154353,13,0.00126953125
0101100111,13587,"[2, 3, 1, 0]",9600,222.5191593170166,True,15.13015570154353,13,0.00126953125
0101100111,13588,"[2, 3, 1, 0]",9600,222.53656387329102,False,15.13015570154353,13,0.00126953125
0101100111,13589,"[2, 3, 1, 0]",9600,222.5499153137207,True,15.13015570154353,13,0.00126953125
0111010110,13590,"[1, 3, 2, 0]",9450,222.56755828857422,False,30.57552697385148,13,0.00126953125
0111010110,13591,"[1, 0, 3, 2]",465,222.5813865661621,True,30.57552697385148,13,0.00126953125
0111010110,13592,"[1, 3, 2, 0]",9450,222.60093688964844,False,30.57552697385148,13,0.00126953125
0111010110,13593,"[1, 0, 3, 2]",465,222.61476516723633,True,30.57552697385148,13,0.00126953125
0111010110,13594,"[1, 3, 2, 0]",9450,222.63240814208984,False,30.57552697385148,13,0.00126953125
0111010110,13595,"[1, 0, 3, 2]",465,222.64599800109863,True,30.57552697385148,13,0.00126953125
0111010110,13596,"[1, 3, 2, 0]",9450,222.66364097595215,False,30.57552697385148,13,0.00126953125
0111010110,13597,"[1, 0, 3, 2]",465,222.67746925354004,True,30.57552697385148,13,0.00126953125
0111010110,13598,"[1, 3, 2, 0]",9450,222.69678115844727,False,30.57552697385148,13,0.00126953125
0111010110,13599,"[1, 0, 3, 2]",465,222.71013259887695,True,30.57552697385148,13,0.00126953125
0111010110,13600,"[1, 3, 2, 0]",9450,222.72753715515137,False,30.57552697385148,13,0.00126953125
0111010110,13601,"[1, 0, 3, 2]",465,222.74088859558105,True,30.57552697385148,13,0.00126953125
0111010110,13602,"[1, 3, 2, 0]",9450,222.75829315185547,False,30.57552697385148,13,0.00126953125
0111010110,13603,"[1, 0, 3, 2]",465,222.77140617370605,True,30.57552697385148,13,0.00126953125
0111010110,13604,"[1, 3, 2, 0]",9450,222.78881072998047,False,30.57552697385148,13,0.00126953125
0111010110,13605,"[1, 0, 3, 2]",465,222.80216217041016,True,30.57552697385148,13,0.00126953125
0111010110,13606,"[1, 3, 2, 0]",9450,222.81980514526367,False,30.57552697385148,13,0.00126953125
0111010110,13607,"[1, 0, 3, 2]",465,222.83244132995605,True,30.57552697385148,13,0.00126953125
0111010110,13608,"[1, 3, 2, 0]",9450,222.85056114196777,False,30.57552697385148,13,0.00126953125
0111010110,13609,"[1, 0, 3, 2]",465,222.86343574523926,True,30.57552697385148,13,0.00126953125
0111010110,13610,"[1, 3, 2, 0]",9450,222.88084030151367,False,30.57552697385148,13,0.00126953125
0111010110,13611,"[1, 0, 3, 2]",465,222.89419174194336,True,30.57552697385148,13,0.00126953125
0111010110,13612,"[1, 3, 2, 0]",9450,222.91159629821777,False,30.57552697385148,13,0.00126953125
0111010110,13613,"[1, 0, 3, 2]",465,222.92470932006836,True,30.57552697385148,13,0.00126953125
0111010110,13614,"[1, 3, 2, 0]",9450,222.94259071350098,False,30.57552697385148,13,0.00126953125
0111010110,13615,"[1, 0, 3, 2]",465,222.95570373535156,True,30.57552697385148,13,0.00126953125
0011100011,13616,"[1, 2, 3, 0]",9300,222.97334671020508,False,16.212895332660406,13,0.00126953125
0011100011,13617,"[1, 0, 2, 3]",315,223.00267219543457,True,16.212895332660406,13,0.00126953125
0011100011,13618,"[1, 2, 3, 0]",9300,223.0215072631836,False,16.212895332660406,13,0.00126953125
0011100011,13619,"[1, 0, 2, 3]",315,223.03533554077148,True,16.212895332660406,13,0.00126953125
0011100011,13620,"[1, 2, 3, 0]",9300,223.05583953857422,False,16.212895332660406,13,0.00126953125
0011100011,13621,"[1, 0, 2, 3]",315,223.0696678161621,True,16.212895332660406,13,0.00126953125
0011100011,13622,"[1, 2, 3, 0]",9300,223.08802604675293,False,16.212895332660406,13,0.00126953125
0011100011,13623,"[1, 0, 2, 3]",315,223.10185432434082,True,16.212895332660406,13,0.00126953125
0011100011,13624,"[1, 2, 3, 0]",9300,223.12045097351074,False,16.212895332660406,13,0.00126953125
0011100011,13625,"[1, 0, 2, 3]",315,223.13451766967773,True,16.212895332660406,13,0.00126953125
0011100011,13626,"[1, 2, 3, 0]",9300,223.15311431884766,False,16.212895332660406,13,0.00126953125
0011100011,13627,"[1, 0, 2, 3]",315,223.16765785217285,True,16.212895332660406,13,0.00126953125
0011100011,13628,"[1, 2, 3, 0]",9300,223.1884002685547,False,16.212895332660406,13,0.00126953125
0011100011,13629,"[1, 0, 2, 3]",315,223.20270538330078,True,16.212895332660406,13,0.00126953125
0011100011,13630,"[1, 2, 3, 0]",9300,223.2208251953125,False,16.212895332660406,13,0.00126953125
0011100011,13631,"[1, 0, 2, 3]",315,223.2348918914795,True,16.212895332660406,13,0.00126953125
0011100011,13632,"[1, 2, 3, 0]",9300,223.26350212097168,False,16.212895332660406,13,0.00126953125
0011100011,13633,"[1, 0, 2, 3]",315,223.27661514282227,True,16.212895332660406,13,0.00126953125
0011100011,13634,"[1, 2, 3, 0]",9300,223.29425811767578,False,16.212895332660406,13,0.00126953125
0011100011,13635,"[1, 0, 2, 3]",315,223.30760955810547,True,16.212895332660406,13,0.00126953125
0011100011,13636,"[1, 2, 3, 0]",9300,223.32525253295898,False,16.212895332660406,13,0.00126953125
0011100011,13637,"[1, 0, 2, 3]",315,223.33884239196777,True,16.212895332660406,13,0.00126953125
0011100011,13638,"[1, 2, 3, 0]",9300,223.3564853668213,False,16.212895332660406,13,0.00126953125
0011100011,13639,"[1, 0, 2, 3]",315,223.37007522583008,True,16.212895332660406,13,0.00126953125
0011100011,13640,"[1, 2, 3, 0]",9300,223.3893871307373,False,16.212895332660406,13,0.00126953125
0011100011,13641,"[1, 0, 2, 3]",315,223.4029769897461,True,16.212895332660406,13,0.00126953125
0000001101,13642,"[3, 2, 1, 0]",9600,223.4206199645996,False,16.409531892849856,13,0.00126953125
0000001101,13643,"[3, 2, 1, 0]",9600,223.4342098236084,True,16.409531892849856,13,0.00126953125
0000001101,13644,"[3, 2, 1, 0]",9600,223.4516143798828,False,16.409531892849856,13,0.00126953125
0000001101,13645,"[3, 2, 1, 0]",9600,223.4649658203125,True,16.409531892849856,13,0.00126953125
0000001101,13646,"[3, 2, 1, 0]",9600,223.4823703765869,False,16.409531892849856,13,0.00126953125
0000001101,13647,"[3, 2, 1, 0]",9600,223.4954833984375,True,16.409531892849856,13,0.00126953125
0000001101,13648,"[3, 2, 1, 0]",9600,223.5128879547119,False,16.409531892849856,13,0.00126953125
0000001101,13649,"[3, 2, 1, 0]",9600,223.5262393951416,True,16.409531892849856,13,0.00126953125
0000001101,13650,"[3, 2, 1, 0]",9600,223.54364395141602,False,16.409531892849856,13,0.00126953125
0000001101,13651,"[3, 2, 1, 0]",9600,223.5569953918457,True,16.409531892849856,13,0.00126953125
0000001101,13652,"[3, 2, 1, 0]",9600,223.57439994812012,False,16.409531892849856,13,0.00126953125
0000001101,13653,"[3, 2, 1, 0]",9600,223.5877513885498,True,16.409531892849856,13,0.00126953125
0000001101,13654,"[3, 2, 1, 0]",9600,223.60491752624512,False,16.409531892849856,13,0.00126953125
0000001101,13655,"[3, 2, 1, 0]",9600,223.6180305480957,True,16.409531892849856,13,0.00126953125
0000001101,13656,"[3, 2, 1, 0]",9600,223.63519668579102,False,16.409531892849856,13,0.00126953125
0000001101,13657,"[3, 2, 1, 0]",9600,223.6478328704834,True,16.409531892849856,13,0.00126953125
0000001101,13658,"[3, 2, 1, 0]",9600,223.6649990081787,False,16.409531892849856,13,0.00126953125
0000001101,13659,"[3, 2, 1, 0]",9600,223.6776351928711,True,16.409531892849856,13,0.00126953125
0000001101,13660,"[3, 2, 1, 0]",9600,223.6952781677246,False,16.409531892849856,13,0.00126953125
0000001101,13661,"[3, 2, 1, 0]",9600,223.7081527709961,True,16.409531892849856,13,0.00126953125
0000001101,13662,"[3, 2, 1, 0]",9600,223.72722625732422,False,16.409531892849856,13,0.00126953125
0000001101,13663,"[3, 2, 1, 0]",9600,223.7403392791748,True,16.409531892849856,13,0.00126953125
0000001101,13664,"[3, 2, 1, 0]",9600,223.75798225402832,False,16.409531892849856,13,0.00126953125
0000001101,13665,"[3, 2, 1, 0]",9600,223.7708568572998,True,16.409531892849856,13,0.00126953125
0000001101,13666,"[3, 2, 1, 0]",9600,223.78826141357422,False,16.409531892849856,13,0.00126953125
0000001101,13667,"[3, 2, 1, 0]",9600,223.8006591796875,True,16.409531892849856,13,0.00126953125
1011110010,13668,"[2, 1, 0, 3]",600,223.81877899169922,False,18.27225942116783,13,0.00126953125
1011110010,13669,"[2, 1, 0, 3]",600,223.8318920135498,True,18.27225942116783,13,0.00126953125
1011110010,13670,"[2, 1, 0, 3]",600,223.85311126708984,False,18.27225942116783,13,0.00126953125
1011110010,13671,"[2, 1, 0, 3]",600,223.86670112609863,True,18.27225942116783,13,0.00126953125
1011110010,13672,"[2, 1, 0, 3]",600,223.90151023864746,False,18.27225942116783,13,0.00126953125
1011110010,13673,"[2, 1, 0, 3]",600,223.91533851623535,True,18.27225942116783,13,0.00126953125
1011110010,13674,"[2, 1, 0, 3]",600,223.93417358398438,False,18.27225942116783,13,0.00126953125
1011110010,13675,"[2, 1, 0, 3]",600,223.94824028015137,True,18.27225942116783,13,0.00126953125
1011110010,13676,"[2, 1, 0, 3]",600,223.9670753479004,False,18.27225942116783,13,0.00126953125
1011110010,13677,"[2, 1, 0, 3]",600,223.9816188812256,True,18.27225942116783,13,0.00126953125
1011110010,13678,"[2, 1, 0, 3]",600,224.00236129760742,False,18.27225942116783,13,0.00126953125
1011110010,13679,"[2, 1, 0, 3]",600,224.01690483093262,True,18.27225942116783,13,0.00126953125
1011110010,13680,"[2, 1, 0, 3]",600,224.03526306152344,False,18.27225942116783,13,0.00126953125
1011110010,13681,"[2, 1, 0, 3]",600,224.04956817626953,True,18.27225942116783,13,0.00126953125
1011110010,13682,"[2, 1, 0, 3]",600,224.06959533691406,False,18.27225942116783,13,0.00126953125
1011110010,13683,"[2, 1, 0, 3]",600,224.08390045166016,True,18.27225942116783,13,0.00126953125
1011110010,13684,"[2, 1, 0, 3]",600,224.10249710083008,False,18.27225942116783,13,0.00126953125
1011110010,13685,"[2, 1, 0, 3]",600,224.11608695983887,True,18.27225942116783,13,0.00126953125
1011110010,13686,"[2, 1, 0, 3]",600,224.1349220275879,False,18.27225942116783,13,0.00126953125
1011110010,13687,"[2, 1, 0, 3]",600,224.14827346801758,True,18.27225942116783,13,0.00126953125
1011110010,13688,"[2, 1, 0, 3]",600,224.1671085357666,False,18.27225942116783,13,0.00126953125
1011110010,13689,"[2, 1, 0, 3]",600,224.1806983947754,True,18.27225942116783,13,0.00126953125
1011110010,13690,"[2, 1, 0, 3]",600,224.20954704284668,False,18.27225942116783,13,0.00126953125
1011110010,13691,"[2, 1, 0, 3]",600,224.24578666687012,True,18.27225942116783,13,0.00126953125
1011110010,13692,"[2, 1, 0, 3]",600,224.26414489746094,False,18.27225942116783,13,0.00126953125
1011110010,13693,"[2, 1, 0, 3]",600,224.27773475646973,True,18.27225942116783,13,0.00126953125
0000100101,13694,"[2, 3, 1, 0]",9600,224.29585456848145,False,17.920323741322683,13,0.00126953125
0000100101,13695,"[2, 3, 1, 0]",9600,224.30920600891113,True,17.920323741322683,13,0.00126953125
0000100101,13696,"[2, 3, 1, 0]",9600,224.32684898376465,False,17.920323741322683,13,0.00126953125
0000100101,13697,"[2, 3, 1, 0]",9600,224.33972358703613,True,17.920323741322683,13,0.00126953125
0000100101,13698,"[2, 3, 1, 0]",9600,224.35736656188965,False,17.920323741322683,13,0.00126953125
0000100101,13699,"[2, 3, 1, 0]",9600,224.37000274658203,True,17.920323741322683,13,0.00126953125
0000100101,13700,"[2, 3, 1, 0]",9600,224.38764572143555,False,17.920323741322683,13,0.00126953125
0000100101,13701,"[2, 3, 1, 0]",9600,224.40075874328613,True,17.920323741322683,13,0.00126953125
0000100101,13702,"[2, 3, 1, 0]",9600,224.41840171813965,False,17.920323741322683,13,0.00126953125
0000100101,13703,"[2, 3, 1, 0]",9600,224.43175315856934,True,17.920323741322683,13,0.00126953125
0000100101,13704,"[2, 3, 1, 0]",9600,224.45130348205566,False,17.920323741322683,13,0.00126953125
0000100101,13705,"[2, 3, 1, 0]",9600,224.46465492248535,True,17.920323741322683,13,0.00126953125
0000100101,13706,"[2, 3, 1, 0]",9600,224.48229789733887,False,17.920323741322683,13,0.00126953125
0000100101,13707,"[2, 3, 1, 0]",9600,224.49517250061035,True,17.920323741322683,13,0.00126953125
0000100101,13708,"[2, 3, 1, 0]",9600,224.51257705688477,False,17.920323741322683,13,0.00126953125
0000100101,13709,"[2, 3, 1, 0]",9600,224.52592849731445,True,17.920323741322683,13,0.00126953125
0000100101,13710,"[2, 3, 1, 0]",9600,224.54333305358887,False,17.920323741322683,13,0.00126953125
0000100101,13711,"[2, 3, 1, 0]",9600,224.55644607543945,True,17.920323741322683,13,0.00126953125
0000100101,13712,"[2, 3, 1, 0]",9600,224.57385063171387,False,17.920323741322683,13,0.00126953125
0000100101,13713,"[2, 3, 1, 0]",9600,224.58696365356445,True,17.920323741322683,13,0.00126953125
0000100101,13714,"[2, 3, 1, 0]",9600,224.60460662841797,False,17.920323741322683,13,0.00126953125
0000100101,13715,"[2, 3, 1, 0]",9600,224.61748123168945,True,17.920323741322683,13,0.00126953125
0000100101,13716,"[2, 3, 1, 0]",9600,224.63512420654297,False,17.920323741322683,13,0.00126953125
0000100101,13717,"[2, 3, 1, 0]",9600,224.64752197265625,True,17.920323741322683,13,0.00126953125
0000100101,13718,"[2, 3, 1, 0]",9600,224.66516494750977,False,17.920323741322683,13,0.00126953125
0000100101,13719,"[2, 3, 1, 0]",9600,224.67803955078125,True,17.920323741322683,13,0.00126953125
1111011011,13720,"[1, 0, 3, 2]",465,224.69592094421387,False,17.175666353837997,13,0.00126953125
1111011011,13721,"[1, 0, 3, 2]",465,224.70951080322266,True,17.175666353837997,13,0.00126953125
1111011011,13722,"[1, 0, 3, 2]",465,224.72715377807617,False,17.175666353837997,13,0.00126953125
1111011011,13723,"[1, 0, 3, 2]",465,224.74074363708496,True,17.175666353837997,13,0.00126953125
1111011011,13724,"[1, 0, 3, 2]",465,224.7600555419922,False,17.175666353837997,13,0.00126953125
1111011011,13725,"[1, 0, 3, 2]",465,224.77364540100098,True,17.175666353837997,13,0.00126953125
1111011011,13726,"[1, 0, 3, 2]",465,224.7912883758545,False,17.175666353837997,13,0.00126953125
1111011011,13727,"[1, 0, 3, 2]",465,224.80511665344238,True,17.175666353837997,13,0.00126953125
1111011011,13728,"[1, 0, 3, 2]",465,224.8232364654541,False,17.175666353837997,13,0.00126953125
1111011011,13729,"[1, 0, 3, 2]",465,224.837064743042,True,17.175666353837997,13,0.00126953125
1111011011,13730,"[1, 0, 3, 2]",465,224.85637664794922,False,17.175666353837997,13,0.00126953125
1111011011,13731,"[1, 0, 3, 2]",465,224.869966506958,True,17.175666353837997,13,0.00126953125
1111011011,13732,"[1, 0, 3, 2]",465,224.88808631896973,False,17.175666353837997,13,0.00126953125
1111011011,13733,"[1, 0, 3, 2]",465,224.9014377593994,True,17.175666353837997,13,0.00126953125
1111011011,13734,"[1, 0, 3, 2]",465,224.91884231567383,False,17.175666353837997,13,0.00126953125
1111011011,13735,"[1, 0, 3, 2]",465,224.93219375610352,True,17.175666353837997,13,0.00126953125
1111011011,13736,"[1, 0, 3, 2]",465,224.94983673095703,False,17.175666353837997,13,0.00126953125
1111011011,13737,"[1, 0, 3, 2]",465,224.96318817138672,True,17.175666353837997,13,0.00126953125
1111011011,13738,"[1, 0, 3, 2]",465,224.98035430908203,False,17.175666353837997,13,0.00126953125
1111011011,13739,"[1, 0, 3, 2]",465,224.99370574951172,True,17.175666353837997,13,0.00126953125
1111011011,13740,"[1, 0, 3, 2]",465,225.01134872436523,False,17.175666353837997,13,0.00126953125
1111011011,13741,"[1, 0, 3, 2]",465,225.02446174621582,True,17.175666353837997,13,0.00126953125
1111011011,13742,"[1, 0, 3, 2]",465,225.04210472106934,False,17.175666353837997,13,0.00126953125
1111011011,13743,"[1, 0, 3, 2]",465,225.05521774291992,True,17.175666353837997,13,0.00126953125
1111011011,13744,"[1, 0, 3, 2]",465,225.07309913635254,False,17.175666353837997,13,0.00126953125
1111011011,13745,"[1, 0, 3, 2]",465,225.08645057678223,True,17.175666353837997,13,0.00126953125
1010000000,13746,"[1, 0, 3, 2]",465,225.10671615600586,False,26.73537316773854,13,0.00126953125
1010000000,13747,"[1, 0, 3, 2]",465,225.11982917785645,True,26.73537316773854,13,0.00126953125
1010000000,13748,"[1, 0, 3, 2]",465,225.13723373413086,False,26.73537316773854,13,0.00126953125
1010000000,13749,"[1, 0, 3, 2]",465,225.15058517456055,True,26.73537316773854,13,0.00126953125
1010000000,13750,"[1, 0, 3, 2]",465,225.16822814941406,False,26.73537316773854,13,0.00126953125
1010000000,13751,"[1, 0, 3, 2]",465,225.18110275268555,True,26.73537316773854,13,0.00126953125
1010000000,13752,"[1, 0, 3, 2]",465,225.19850730895996,False,26.73537316773854,13,0.00126953125
1010000000,13753,"[1, 0, 3, 2]",465,225.21185874938965,True,26.73537316773854,13,0.00126953125
1010000000,13754,"[1, 0, 3, 2]",465,225.22950172424316,False,26.73537316773854,13,0.00126953125
1010000000,13755,"[1, 0, 3, 2]",465,225.24333000183105,True,26.73537316773854,13,0.00126953125
1010000000,13756,"[1, 0, 3, 2]",465,225.26097297668457,False,26.73537316773854,13,0.00126953125
1010000000,13757,"[1, 0, 3, 2]",465,225.27503967285156,True,26.73537316773854,13,0.00126953125
1010000000,13758,"[1, 0, 3, 2]",465,225.29268264770508,False,26.73537316773854,13,0.00126953125
1010000000,13759,"[1, 0, 3, 2]",465,225.30627250671387,True,26.73537316773854,13,0.00126953125
1010000000,13760,"[1, 0, 3, 2]",465,225.3258228302002,False,26.73537316773854,13,0.00126953125
1010000000,13761,"[1, 0, 3, 2]",465,225.33893585205078,True,26.73537316773854,13,0.00126953125
1010000000,13762,"[1, 0, 3, 2]",465,225.3563404083252,False,26.73537316773854,13,0.00126953125
1010000000,13763,"[1, 0, 3, 2]",465,225.36969184875488,True,26.73537316773854,13,0.00126953125
1010000000,13764,"[1, 0, 3, 2]",465,225.3870964050293,False,26.73537316773854,13,0.00126953125
1010000000,13765,"[1, 0, 3, 2]",465,225.40044784545898,True,26.73537316773854,13,0.00126953125
1010000000,13766,"[1, 0, 3, 2]",465,225.4197597503662,False,26.73537316773854,13,0.00126953125
1010000000,13767,"[1, 0, 3, 2]",465,225.4326343536377,True,26.73537316773854,13,0.00126953125
1010000000,13768,"[1, 0, 3, 2]",465,225.4507541656494,False,26.73537316773854,13,0.00126953125
1010000000,13769,"[1, 0, 3, 2]",465,225.4633903503418,True,26.73537316773854,13,0.00126953125
1010000000,13770,"[1, 0, 3, 2]",465,225.4810333251953,False,26.73537316773854,13,0.00126953125
1010000000,13771,"[1, 0, 3, 2]",465,225.4941463470459,True,26.73537316773854,13,0.00126953125
1001101000,13772,"[3, 2, 0, 1]",6600,225.51202774047852,False,31.657617520402667,13,0.00126953125
1001101000,13773,"[3, 2, 0, 1]",6600,225.5256175994873,True,31.657617520402667,13,0.00126953125
1001101000,13774,"[3, 2, 0, 1]",6600,225.54349899291992,False,31.657617520402667,13,0.00126953125
1001101000,13775,"[3, 2, 0, 1]",6600,225.5566120147705,True,31.657617520402667,13,0.00126953125
1001101000,13776,"[3, 2, 0, 1]",6600,225.57449340820312,False,31.657617520402667,13,0.00126953125
1001101000,13777,"[3, 2, 0, 1]",6600,225.5876064300537,True,31.657617520402667,13,0.00126953125
1001101000,13778,"[3, 2, 0, 1]",6600,225.60548782348633,False,31.657617520402667,13,0.00126953125
1001101000,13779,"[3, 2, 0, 1]",6600,225.61883926391602,True,31.657617520402667,13,0.00126953125
1001101000,13780,"[3, 2, 0, 1]",6600,225.63838958740234,False,31.657617520402667,13,0.00126953125
1001101000,13781,"[3, 2, 0, 1]",6600,225.65126419067383,True,31.657617520402667,13,0.00126953125
1001101000,13782,"[3, 2, 0, 1]",6600,225.66914558410645,False,31.657617520402667,13,0.00126953125
1001101000,13783,"[3, 2, 0, 1]",6600,225.68202018737793,True,31.657617520402667,13,0.00126953125
1001101000,13784,"[3, 2, 0, 1]",6600,225.69942474365234,False,31.657617520402667,13,0.00126953125
1001101000,13785,"[3, 2, 0, 1]",6600,225.71277618408203,True,31.657617520402667,13,0.00126953125
1001101000,13786,"[3, 2, 0, 1]",6600,225.73041915893555,False,31.657617520402667,13,0.00126953125
1001101000,13787,"[3, 2, 0, 1]",6600,225.74400901794434,True,31.657617520402667,13,0.00126953125
1001101000,13788,"[3, 2, 0, 1]",6600,225.76332092285156,False,31.657617520402667,13,0.00126953125
1001101000,13789,"[3, 2, 0, 1]",6600,225.77643394470215,True,31.657617520402667,13,0.00126953125
1001101000,13790,"[3, 2, 0, 1]",6600,225.79431533813477,False,31.657617520402667,13,0.00126953125
1001101000,13791,"[3, 2, 0, 1]",6600,225.80718994140625,True,31.657617520402667,13,0.00126953125
1001101000,13792,"[3, 2, 0, 1]",6600,225.82459449768066,False,31.657617520402667,13,0.00126953125
1001101000,13793,"[3, 2, 0, 1]",6600,225.83770751953125,True,31.657617520402667,13,0.00126953125
1001101000,13794,"[3, 2, 0, 1]",6600,225.85511207580566,False,31.657617520402667,13,0.00126953125
1001101000,13795,"[3, 2, 0, 1]",6600,225.86822509765625,True,31.657617520402667,13,0.00126953125
1001101000,13796,"[3, 2, 0, 1]",6600,225.88562965393066,False,31.657617520402667,13,0.00126953125
1001101000,13797,"[3, 2, 0, 1]",6600,225.89850425720215,True,31.657617520402667,13,0.00126953125
0001111101,13798,"[3, 2, 1, 0]",9600,225.91638565063477,False,18.44567317458656,13,0.00126953125
0001111101,13799,"[3, 2, 1, 0]",9600,225.92949867248535,True,18.44567317458656,13,0.00126953125
0001111101,13800,"[3, 2, 1, 0]",9600,225.94714164733887,False,18.44567317458656,13,0.00126953125
0001111101,13801,"[3, 2, 1, 0]",9600,225.96001625061035,True,18.44567317458656,13,0.00126953125
0001111101,13802,"[3, 2, 1, 0]",9600,225.97742080688477,False,18.44567317458656,13,0.00126953125
0001111101,13803,"[3, 2, 1, 0]",9600,225.99053382873535,True,18.44567317458656,13,0.00126953125
0001111101,13804,"[3, 2, 1, 0]",9600,226.00817680358887,False,18.44567317458656,13,0.00126953125
0001111101,13805,"[3, 2, 1, 0]",9600,226.02128982543945,True,18.44567317458656,13,0.00126953125
0001111101,13806,"[3, 2, 1, 0]",9600,226.03869438171387,False,18.44567317458656,13,0.00126953125
0001111101,13807,"[3, 2, 1, 0]",9600,226.05204582214355,True,18.44567317458656,13,0.00126953125
0001111101,13808,"[3, 2, 1, 0]",9600,226.07135772705078,False,18.44567317458656,13,0.00126953125
0001111101,13809,"[3, 2, 1, 0]",9600,226.08447074890137,True,18.44567317458656,13,0.00126953125
0001111101,13810,"[3, 2, 1, 0]",9600,226.10187530517578,False,18.44567317458656,13,0.00126953125
0001111101,13811,"[3, 2, 1, 0]",9600,226.11498832702637,True,18.44567317458656,13,0.00126953125
0001111101,13812,"[3, 2, 1, 0]",9600,226.13263130187988,False,18.44567317458656,13,0.00126953125
0001111101,13813,"[3, 2, 1, 0]",9600,226.14574432373047,True,18.44567317458656,13,0.00126953125
0001111101,13814,"[3, 2, 1, 0]",9600,226.16314888000488,False,18.44567317458656,13,0.00126953125
0001111101,13815,"[3, 2, 1, 0]",9600,226.17626190185547,True,18.44567317458656,13,0.00126953125
0001111101,13816,"[3, 2, 1, 0]",9600,226.19390487670898,False,18.44567317458656,13,0.00126953125
0001111101,13817,"[3, 2, 1, 0]",9600,226.20677947998047,True,18.44567317458656,13,0.00126953125
0001111101,13818,"[3, 2, 1, 0]",9600,226.22418403625488,False,18.44567317458656,13,0.00126953125
0001111101,13819,"[3, 2, 1, 0]",9600,226.23729705810547,True,18.44567317458656,13,0.00126953125
0001111101,13820,"[3, 2, 1, 0]",9600,226.25494003295898,False,18.44567317458656,13,0.00126953125
0001111101,13821,"[3, 2, 1, 0]",9600,226.26781463623047,True,18.44567317458656,13,0.00126953125
0001111101,13822,"[3, 2, 1, 0]",9600,226.28545761108398,False,18.44567317458656,13,0.00126953125
0001111101,13823,"[3, 2, 1, 0]",9600,226.29833221435547,True,18.44567317458656,13,0.00126953125
1100010001,13824,"[0, 2, 3, 1]",6200,226.3164520263672,False,8.69267904961742,13,0.00126953125
1100010001,13825,"[0, 1, 2, 3]",315,226.33004188537598,True,8.69267904961742,13,0.00126953125
1100010001,13826,"[0, 2, 3, 1]",6200,226.3479232788086,False,8.69267904961742,13,0.00126953125
1100010001,13827,"[0, 1, 2, 3]",315,226.36151313781738,True,8.69267904961742,13,0.00126953125
1100010001,13828,"[0, 2, 3, 1]",6200,226.3815402984619,False,8.69267904961742,13,0.00126953125
1100010001,13829,"[0, 1, 2, 3]",315,226.3956069946289,True,8.69267904961742,13,0.00126953125
1100010001,13830,"[0, 2, 3, 1]",6200,226.41563415527344,False,8.69267904961742,13,0.00126953125
1100010001,13831,"[0, 1, 2, 3]",315,226.42874717712402,True,8.69267904961742,13,0.00126953125
1100010001,13832,"[0, 2, 3, 1]",6200,226.44686698913574,False,8.69267904961742,13,0.00126953125
1100010001,13833,"[0, 1, 2, 3]",315,226.45974159240723,True,8.69267904961742,13,0.00126953125
1100010001,13834,"[0, 2, 3, 1]",6200,226.47714614868164,False,8.69267904961742,13,0.00126953125
1100010001,13835,"[0, 1, 2, 3]",315,226.49025917053223,True,8.69267904961742,13,0.00126953125
1100010001,13836,"[0, 2, 3, 1]",6200,226.50814056396484,False,8.69267904961742,13,0.00126953125
1100010001,13837,"[0, 1, 2, 3]",315,226.52149200439453,True,8.69267904961742,13,0.00126953125
1100010001,13838,"[0, 2, 3, 1]",6200,226.53913497924805,False,8.69267904961742,13,0.00126953125
1100010001,13839,"[0, 1, 2, 3]",315,226.55224800109863,True,8.69267904961742,13,0.00126953125
1100010001,13840,"[0, 2, 3, 1]",6200,226.56989097595215,False,8.69267904961742,13,0.00126953125
1100010001,13841,"[0, 1, 2, 3]",315,226.58324241638184,True,8.69267904961742,13,0.00126953125
1100010001,13842,"[0, 2, 3, 1]",6200,226.60064697265625,False,8.69267904961742,13,0.00126953125
1100010001,13843,"[0, 1, 2, 3]",315,226.61375999450684,True,8.69267904961742,13,0.00126953125
1100010001,13844,"[0, 2, 3, 1]",6200,226.63164138793945,False,8.69267904961742,13,0.00126953125
1100010001,13845,"[0, 1, 2, 3]",315,226.64427757263184,True,8.69267904961742,13,0.00126953125
1100010001,13846,"[0, 2, 3, 1]",6200,226.66168212890625,False,8.69267904961742,13,0.00126953125
1100010001,13847,"[0, 1, 2, 3]",315,226.67455673217773,True,8.69267904961742,13,0.00126953125
1100010001,13848,"[0, 2, 3, 1]",6200,226.69243812561035,False,8.69267904961742,13,0.00126953125
1100010001,13849,"[0, 1, 2, 3]",315,226.70531272888184,True,8.69267904961742,13,0.00126953125
0000111010,13850,"[2, 3, 1, 0]",9600,226.72486305236816,False,18.854500918858335,13,0.00126953125
0000111010,13851,"[2, 3, 1, 0]",9600,226.73845291137695,True,18.854500918858335,13,0.00126953125
0000111010,13852,"[2, 3, 1, 0]",9600,226.75657272338867,False,18.854500918858335,13,0.00126953125
0000111010,13853,"[2, 3, 1, 0]",9600,226.76968574523926,True,18.854500918858335,13,0.00126953125
0000111010,13854,"[2, 3, 1, 0]",9600,226.78756713867188,False,18.854500918858335,13,0.00126953125
0000111010,13855,"[2, 3, 1, 0]",9600,226.80044174194336,True,18.854500918858335,13,0.00126953125
0000111010,13856,"[2, 3, 1, 0]",9600,226.81832313537598,False,18.854500918858335,13,0.00126953125
0000111010,13857,"[2, 3, 1, 0]",9600,226.83095932006836,True,18.854500918858335,13,0.00126953125
0000111010,13858,"[2, 3, 1, 0]",9600,226.84860229492188,False,18.854500918858335,13,0.00126953125
0000111010,13859,"[2, 3, 1, 0]",9600,226.86171531677246,True,18.854500918858335,13,0.00126953125
0000111010,13860,"[2, 3, 1, 0]",9600,226.87935829162598,False,18.854500918858335,13,0.00126953125
0000111010,13861,"[2, 3, 1, 0]",9600,226.89247131347656,True,18.854500918858335,13,0.00126953125
0000111010,13862,"[2, 3, 1, 0]",9600,226.90987586975098,False,18.854500918858335,13,0.00126953125
0000111010,13863,"[2, 3, 1, 0]",9600,226.92298889160156,True,18.854500918858335,13,0.00126953125
0000111010,13864,"[2, 3, 1, 0]",9600,226.94063186645508,False,18.854500918858335,13,0.00126953125
0000111010,13865,"[2, 3, 1, 0]",9600,226.95326805114746,True,18.854500918858335,13,0.00126953125
0000111010,13866,"[2, 3, 1, 0]",9600,226.97067260742188,False,18.854500918858335,13,0.00126953125
0000111010,13867,"[2, 3, 1, 0]",9600,226.98354721069336,True,18.854500918858335,13,0.00126953125
0000111010,13868,"[2, 3, 1, 0]",9600,227.0033359527588,False,18.854500918858335,13,0.00126953125
0000111010,13869,"[2, 3, 1, 0]",9600,227.01644897460938,True,18.854500918858335,13,0.00126953125
0000111010,13870,"[2, 3, 1, 0]",9600,227.0338535308838,False,18.854500918858335,13,0.00126953125
0000111010,13871,"[2, 3, 1, 0]",9600,227.04648971557617,True,18.854500918858335,13,0.00126953125
0000111010,13872,"[2, 3, 1, 0]",9600,227.0660400390625,False,18.854500918858335,13,0.00126953125
0000111010,13873,"[2, 3, 1, 0]",9600,227.07891464233398,True,18.854500918858335,13,0.00126953125
0000111010,13874,"[2, 3, 1, 0]",9600,227.0965576171875,False,18.854500918858335,13,0.00126953125
0000111010,13875,"[2, 3, 1, 0]",9600,227.10919380187988,True,18.854500918858335,13,0.00126953125
0101001001,13876,"[3, 1, 0, 2]",900,227.1275520324707,False,9.565077850771768,13,0.00126953125
0101001001,13877,"[3, 1, 0, 2]",900,227.1411418914795,True,9.565077850771768,13,0.00126953125
0101001001,13878,"[3, 1, 0, 2]",900,227.1595001220703,False,9.565077850771768,13,0.00126953125
0101001001,13879,"[3, 1, 0, 2]",900,227.1733283996582,True,9.565077850771768,13,0.00126953125
0101001001,13880,"[3, 1, 0, 2]",900,227.19478607177734,False,9.565077850771768,13,0.00126953125
0101001001,13881,"[3, 1, 0, 2]",900,227.20813751220703,True,9.565077850771768,13,0.00126953125
0101001001,13882,"[3, 1, 0, 2]",900,227.22625732421875,False,9.565077850771768,13,0.00126953125
0101001001,13883,"[3, 1, 0, 2]",900,227.23960876464844,True,9.565077850771768,13,0.00126953125
0101001001,13884,"[3, 1, 0, 2]",900,227.25725173950195,False,9.565077850771768,13,0.00126953125
0101001001,13885,"[3, 1, 0, 2]",900,227.27060317993164,True,9.565077850771768,13,0.00126953125
0101001001,13886,"[3, 1, 0, 2]",900,227.28824615478516,False,9.565077850771768,13,0.00126953125
0101001001,13887,"[3, 1, 0, 2]",900,227.30159759521484,True,9.565077850771768,13,0.00126953125
0101001001,13888,"[3, 1, 0, 2]",900,227.31947898864746,False,9.565077850771768,13,0.00126953125
0101001001,13889,"[3, 1, 0, 2]",900,227.33283042907715,True,9.565077850771768,13,0.00126953125
0101001001,13890,"[3, 1, 0, 2]",900,227.35071182250977,False,9.565077850771768,13,0.00126953125
0101001001,13891,"[3, 1, 0, 2]",900,227.36454010009766,True,9.565077850771768,13,0.00126953125
0101001001,13892,"[3, 1, 0, 2]",900,227.38409042358398,False,9.565077850771768,13,0.00126953125
0101001001,13893,"[3, 1, 0, 2]",900,227.39744186401367,True,9.565077850771768,13,0.00126953125
0101001001,13894,"[3, 1, 0, 2]",900,227.4155616760254,False,9.565077850771768,13,0.00126953125
0101001001,13895,"[3, 1, 0, 2]",900,227.42867469787598,True,9.565077850771768,13,0.00126953125
0101001001,13896,"[3, 1, 0, 2]",900,227.4465560913086,False,9.565077850771768,13,0.00126953125
0101001001,13897,"[3, 1, 0, 2]",900,227.45966911315918,True,9.565077850771768,13,0.00126953125
0101001001,13898,"[3, 1, 0, 2]",900,227.4773120880127,False,9.565077850771768,13,0.00126953125
0101001001,13899,"[3, 1, 0, 2]",900,227.49042510986328,True,9.565077850771768,13,0.00126953125
0101001001,13900,"[3, 1, 0, 2]",900,227.5083065032959,False,9.565077850771768,13,0.00126953125
0101001001,13901,"[3, 1, 0, 2]",900,227.52141952514648,True,9.565077850771768,13,0.00126953125
0000111100,13902,"[3, 2, 1, 0]",9600,227.5390625,False,17.436248740016406,13,0.00126953125
0000111100,13903,"[3, 2, 1, 0]",9600,227.5524139404297,True,17.436248740016406,13,0.00126953125
0000111100,13904,"[3, 2, 1, 0]",9600,227.5702953338623,False,17.436248740016406,13,0.00126953125
0000111100,13905,"[3, 2, 1, 0]",9600,227.5834083557129,True,17.436248740016406,13,0.00126953125
0000111100,13906,"[3, 2, 1, 0]",9600,227.6010513305664,False,17.436248740016406,13,0.00126953125
0000111100,13907,"[3, 2, 1, 0]",9600,227.6144027709961,True,17.436248740016406,13,0.00126953125
0000111100,13908,"[3, 2, 1, 0]",9600,227.6320457458496,False,17.436248740016406,13,0.00126953125
0000111100,13909,"[3, 2, 1, 0]",9600,227.6449203491211,True,17.436248740016406,13,0.00126953125
0000111100,13910,"[3, 2, 1, 0]",9600,227.6625633239746,False,17.436248740016406,13,0.00126953125
0000111100,13911,"[3, 2, 1, 0]",9600,227.675199508667,True,17.436248740016406,13,0.00126953125
0000111100,13912,"[3, 2, 1, 0]",9600,227.6933193206787,False,17.436248740016406,13,0.00126953125
0000111100,13913,"[3, 2, 1, 0]",9600,227.7061939239502,True,17.436248740016406,13,0.00126953125
0000111100,13914,"[3, 2, 1, 0]",9600,227.72574424743652,False,17.436248740016406,13,0.00126953125
0000111100,13915,"[3, 2, 1, 0]",9600,227.7390956878662,True,17.436248740016406,13,0.00126953125
0000111100,13916,"[3, 2, 1, 0]",9600,227.75650024414062,False,17.436248740016406,13,0.00126953125
0000111100,13917,"[3, 2, 1, 0]",9600,227.7698516845703,True,17.436248740016406,13,0.00126953125
0000111100,13918,"[3, 2, 1, 0]",9600,227.78749465942383,False,17.436248740016406,13,0.00126953125
0000111100,13919,"[3, 2, 1, 0]",9600,227.8001308441162,True,17.436248740016406,13,0.00126953125
0000111100,13920,"[3, 2, 1, 0]",9600,227.81801223754883,False,17.436248740016406,13,0.00126953125
0000111100,13921,"[3, 2, 1, 0]",9600,227.8306484222412,True,17.436248740016406,13,0.00126953125
0000111100,13922,"[3, 2, 1, 0]",9600,227.85139083862305,False,17.436248740016406,13,0.00126953125
0000111100,13923,"[3, 2, 1, 0]",9600,227.86474227905273,True,17.436248740016406,13,0.00126953125
0000111100,13924,"[3, 2, 1, 0]",9600,227.88286209106445,False,17.436248740016406,13,0.00126953125
0000111100,13925,"[3, 2, 1, 0]",9600,227.89645195007324,True,17.436248740016406,13,0.00126953125
0000111100,13926,"[3, 2, 1, 0]",9600,227.91433334350586,False,17.436248740016406,13,0.00126953125
0000111100,13927,"[3, 2, 1, 0]",9600,227.92744636535645,True,17.436248740016406,13,0.00126953125
1001110110,13928,"[2, 0, 3, 1]",6200,227.94723510742188,False,21.32871287307443,13,0.00126953125
1001110110,13929,"[2, 0, 1, 3]",500,227.96130180358887,True,21.32871287307443,13,0.00126953125
1001110110,13930,"[2, 0, 3, 1]",6200,227.9820442199707,False,21.32871287307443,13,0.00126953125
1001110110,13931,"[2, 0, 1, 3]",500,227.9956340789795,True,21.32871287307443,13,0.00126953125
1001110110,13932,"[2, 0, 3, 1]",6200,228.0135154724121,False,21.32871287307443,13,0.00126953125
1001110110,13933,"[2, 0, 1, 3]",500,228.0271053314209,True,21.32871287307443,13,0.00126953125
1001110110,13934,"[2, 0, 3, 1]",6200,228.04641723632812,False,21.32871287307443,13,0.00126953125
1001110110,13935,"[2, 0, 1, 3]",500,228.0600070953369,True,21.32871287307443,13,0.00126953125
1001110110,13936,"[2, 0, 3, 1]",6200,228.07788848876953,False,21.32871287307443,13,0.00126953125
1001110110,13937,"[2, 0, 1, 3]",500,228.09100151062012,True,21.32871287307443,13,0.00126953125
1001110110,13938,"[2, 0, 3, 1]",6200,228.10888290405273,False,21.32871287307443,13,0.00126953125
1001110110,13939,"[2, 0, 1, 3]",500,228.12223434448242,True,21.32871287307443,13,0.00126953125
1001110110,13940,"[2, 0, 3, 1]",6200,228.14011573791504,False,21.32871287307443,13,0.00126953125
1001110110,13941,"[2, 0, 1, 3]",500,228.15346717834473,True,21.32871287307443,13,0.00126953125
1001110110,13942,"[2, 0, 3, 1]",6200,228.17111015319824,False,21.32871287307443,13,0.00126953125
1001110110,13943,"[2, 0, 1, 3]",500,228.18470001220703,True,21.32871287307443,13,0.00126953125
1001110110,13944,"[2, 0, 3, 1]",6200,228.20234298706055,False,21.32871287307443,13,0.00126953125
1001110110,13945,"[2, 0, 1, 3]",500,228.21593284606934,True,21.32871287307443,13,0.00126953125
1001110110,13946,"[2, 0, 3, 1]",6200,228.23357582092285,False,21.32871287307443,13,0.00126953125
1001110110,13947,"[2, 0, 1, 3]",500,228.24668884277344,True,21.32871287307443,13,0.00126953125
1001110110,13948,"[2, 0, 3, 1]",6200,228.26433181762695,False,21.32871287307443,13,0.00126953125
1001110110,13949,"[2, 0, 1, 3]",500,228.27720642089844,True,21.32871287307443,13,0.00126953125
1001110110,13950,"[2, 0, 3, 1]",6200,228.29461097717285,False,21.32871287307443,13,0.00126953125
1001110110,13951,"[2, 0, 1, 3]",500,228.30772399902344,True,21.32871287307443,13,0.00126953125
1001110110,13952,"[2, 0, 3, 1]",6200,228.32560539245605,False,21.32871287307443,13,0.00126953125
1001110110,13953,"[2, 0, 1, 3]",500,228.33895683288574,True,21.32871287307443,13,0.00126953125
1101111011,13954,"[2, 0, 3, 1]",6200,228.35683822631836,False,19.854254080592128,13,0.00126953125
1101111011,13955,"[2, 0, 1, 3]",500,228.36971282958984,True,19.854254080592128,13,0.00126953125
1101111011,13956,"[2, 0, 3, 1]",6200,228.38926315307617,False,19.854254080592128,13,0.00126953125
1101111011,13957,"[2, 0, 1, 3]",500,228.40213775634766,True,19.854254080592128,13,0.00126953125
1101111011,13958,"[2, 0, 3, 1]",6200,228.41978073120117,False,19.854254080592128,13,0.00126953125
1101111011,13959,"[2, 0, 1, 3]",500,228.43265533447266,True,19.854254080592128,13,0.00126953125
1101111011,13960,"[2, 0, 3, 1]",6200,228.45053672790527,False,19.854254080592128,13,0.00126953125
1101111011,13961,"[2, 0, 1, 3]",500,228.46317291259766,True,19.854254080592128,13,0.00126953125
1101111011,13962,"[2, 0, 3, 1]",6200,228.48081588745117,False,19.854254080592128,13,0.00126953125
1101111011,13963,"[2, 0, 1, 3]",500,228.49392890930176,True,19.854254080592128,13,0.00126953125
1101111011,13964,"[2, 0, 3, 1]",6200,228.51157188415527,False,19.854254080592128,13,0.00126953125
1101111011,13965,"[2, 0, 1, 3]",500,228.52468490600586,True,19.854254080592128,13,0.00126953125
1101111011,13966,"[2, 0, 3, 1]",6200,228.54208946228027,False,19.854254080592128,13,0.00126953125
1101111011,13967,"[2, 0, 1, 3]",500,228.55544090270996,True,19.854254080592128,13,0.00126953125
1101111011,13968,"[2, 0, 3, 1]",6200,228.57284545898438,False,19.854254080592128,13,0.00126953125
1101111011,13969,"[2, 0, 1, 3]",500,228.58619689941406,True,19.854254080592128,13,0.00126953125
1101111011,13970,"[2, 0, 3, 1]",6200,228.60383987426758,False,19.854254080592128,13,0.00126953125
1101111011,13971,"[2, 0, 1, 3]",500,228.61719131469727,True,19.854254080592128,13,0.00126953125
1101111011,13972,"[2, 0, 3, 1]",6200,228.63483428955078,False,19.854254080592128,13,0.00126953125
1101111011,13973,"[2, 0, 1, 3]",500,228.66439819335938,True,19.854254080592128,13,0.00126953125
1101111011,13974,"[2, 0, 3, 1]",6200,228.6829948425293,False,19.854254080592128,13,0.00126953125
1101111011,13975,"[2, 0, 1, 3]",500,228.6970615386963,True,19.854254080592128,13,0.00126953125
1101111011,13976,"[2, 0, 3, 1]",6200,228.71732711791992,False,19.854254080592128,13,0.00126953125
1101111011,13977,"[2, 0, 1, 3]",500,228.7311553955078,True,19.854254080592128,13,0.00126953125
1101111011,13978,"[2, 0, 3, 1]",6200,228.74975204467773,False,19.854254080592128,13,0.00126953125
1101111011,13979,"[2, 0, 1, 3]",500,228.76381874084473,True,19.854254080592128,13,0.00126953125
0011001100,13980,"[3, 1, 2, 0]",9450,228.78313064575195,False,16.079073286508155,13,0.00126953125
0011001100,13981,"[3, 1, 0, 2]",900,228.79743576049805,True,16.079073286508155,13,0.00126953125
0011001100,13982,"[3, 1, 2, 0]",9450,228.81817817687988,False,16.079073286508155,13,0.00126953125
0011001100,13983,"[3, 1, 0, 2]",900,228.83248329162598,True,16.079073286508155,13,0.00126953125
0011001100,13984,"[3, 1, 2, 0]",9450,228.851318359375,False,16.079073286508155,13,0.00126953125
0011001100,13985,"[3, 1, 0, 2]",900,228.865385055542,True,16.079073286508155,13,0.00126953125
0011001100,13986,"[3, 1, 2, 0]",9450,228.88422012329102,False,16.079073286508155,13,0.00126953125
0011001100,13987,"[3, 1, 0, 2]",900,228.8980484008789,True,16.079073286508155,13,0.00126953125
0011001100,13988,"[3, 1, 2, 0]",9450,228.91640663146973,False,16.079073286508155,13,0.00126953125
0011001100,13989,"[3, 1, 0, 2]",900,228.93023490905762,True,16.079073286508155,13,0.00126953125
0011001100,13990,"[3, 1, 2, 0]",9450,228.94883155822754,False,16.079073286508155,13,0.00126953125
0011001100,13991,"[3, 1, 0, 2]",900,228.96289825439453,True,16.079073286508155,13,0.00126953125
0011001100,13992,"[3, 1, 2, 0]",9450,228.98173332214355,False,16.079073286508155,13,0.00126953125
0011001100,13993,"[3, 1, 0, 2]",900,228.99556159973145,True,16.079073286508155,13,0.00126953125
0011001100,13994,"[3, 1, 2, 0]",9450,229.01415824890137,False,16.079073286508155,13,0.00126953125
0011001100,13995,"[3, 1, 0, 2]",900,229.02846336364746,True,16.079073286508155,13,0.00126953125
0011001100,13996,"[3, 1, 2, 0]",9450,229.04729843139648,False,16.079073286508155,13,0.00126953125
0011001100,13997,"[3, 1, 0, 2]",900,229.06160354614258,True,16.079073286508155,13,0.00126953125
0011001100,13998,"[3, 1, 2, 0]",9450,229.0823459625244,False,16.079073286508155,13,0.00126953125
0011001100,13999,"[3, 1, 0, 2]",900,229.10642623901367,True,16.079073286508155,13,0.00126953125
0011001100,14000,"[3, 1, 2, 0]",9450,229.1243076324463,False,16.079073286508155,13,0.00126953125
0011001100,14001,"[3, 1, 0, 2]",900,229.13765907287598,True,16.079073286508155,13,0.00126953125
0011001100,14002,"[3, 1, 2, 0]",9450,229.1555404663086,False,16.079073286508155,13,0.00126953125
0011001100,14003,"[3, 1, 0, 2]",900,229.16889190673828,True,16.079073286508155,13,0.00126953125
0011001100,14004,"[3, 1, 2, 0]",9450,229.1867733001709,False,16.079073286508155,13,0.00126953125
0011001100,14005,"[3, 1, 0, 2]",900,229.2001247406006,True,16.079073286508155,13,0.00126953125
1110100101,14006,"[0, 2, 1, 3]",500,229.2177677154541,False,24.27225942116783,13,0.00126953125
1110100101,14007,"[0, 1, 2, 3]",315,229.231595993042,True,24.27225942116783,13,0.00126953125
1110100101,14008,"[0, 2, 1, 3]",500,229.2494773864746,False,24.27225942116783,13,0.00126953125
1110100101,14009,"[0, 1, 2, 3]",315,229.2628288269043,True,24.27225942116783,13,0.00126953125
1110100101,14010,"[0, 2, 1, 3]",500,229.2804718017578,False,24.27225942116783,13,0.00126953125
1110100101,14011,"[0, 1, 2, 3]",315,229.2938232421875,True,24.27225942116783,13,0.00126953125
1110100101,14012,"[0, 2, 1, 3]",500,229.31170463562012,False,24.27225942116783,13,0.00126953125
1110100101,14013,"[0, 1, 2, 3]",315,229.3248176574707,True,24.27225942116783,13,0.00126953125
1110100101,14014,"[0, 2, 1, 3]",500,229.34246063232422,False,24.27225942116783,13,0.00126953125
1110100101,14015,"[0, 1, 2, 3]",315,229.3553352355957,True,24.27225942116783,13,0.00126953125
1110100101,14016,"[0, 2, 1, 3]",500,229.37297821044922,False,24.27225942116783,13,0.00126953125
1110100101,14017,"[0, 1, 2, 3]",315,229.3863296508789,True,24.27225942116783,13,0.00126953125
1110100101,14018,"[0, 2, 1, 3]",500,229.41946983337402,False,24.27225942116783,13,0.00126953125
1110100101,14019,"[0, 1, 2, 3]",315,229.4325828552246,True,24.27225942116783,13,0.00126953125
1110100101,14020,"[0, 2, 1, 3]",500,229.4611930847168,False,24.27225942116783,13,0.00126953125
1110100101,14021,"[0, 1, 2, 3]",315,229.47454452514648,True,24.27225942116783,13,0.00126953125
1110100101,14022,"[0, 2, 1, 3]",500,229.50243949890137,False,24.27225942116783,13,0.00126953125
1110100101,14023,"[0, 1, 2, 3]",315,229.51602935791016,True,24.27225942116783,13,0.00126953125
1110100101,14024,"[0, 2, 1, 3]",500,229.54392433166504,False,24.27225942116783,13,0.00126953125
1110100101,14025,"[0, 1, 2, 3]",315,229.55751419067383,True,24.27225942116783,13,0.00126953125
1110100101,14026,"[0, 2, 1, 3]",500,229.5854091644287,False,24.27225942116783,13,0.00126953125
1110100101,14027,"[0, 1, 2, 3]",315,229.5992374420166,True,24.27225942116783,13,0.00126953125
1110100101,14028,"[0, 2, 1, 3]",500,229.62713241577148,False,24.27225942116783,13,0.00126953125
1110100101,14029,"[0, 1, 2, 3]",315,229.64906692504883,True,24.27225942116783,13,0.00126953125
1110100101,14030,"[0, 2, 1, 3]",500,229.67767715454102,False,24.27225942116783,13,0.00126953125
1110100101,14031,"[0, 1, 2, 3]",315,229.6915054321289,True,24.27225942116783,13,0.00126953125
1111010011,14032,"[1, 0, 2, 3]",315,229.71129417419434,False,7.519320360211097,13,0.00126953125
1111010011,14033,"[1, 0, 2, 3]",315,229.72512245178223,True,7.519320360211097,13,0.00126953125
1111010011,14034,"[1, 0, 2, 3]",315,229.74300384521484,False,7.519320360211097,13,0.00126953125
1111010011,14035,"[1, 0, 2, 3]",315,229.75635528564453,True,7.519320360211097,13,0.00126953125
1111010011,14036,"[1, 0, 2, 3]",315,229.77399826049805,False,7.519320360211097,13,0.00126953125
1111010011,14037,"[1, 0, 2, 3]",315,229.78734970092773,True,7.519320360211097,13,0.00126953125
1111010011,14038,"[1, 0, 2, 3]",315,229.80523109436035,False,7.519320360211097,13,0.00126953125
1111010011,14039,"[1, 0, 2, 3]",315,229.8412322998047,True,7.519320360211097,13,0.00126953125
1111010011,14040,"[1, 0, 2, 3]",315,229.86125946044922,False,7.519320360211097,13,0.00126953125
1111010011,14041,"[1, 0, 2, 3]",315,229.8750877380371,True,7.519320360211097,13,0.00126953125
1111010011,14042,"[1, 0, 2, 3]",315,229.89296913146973,False,7.519320360211097,13,0.00126953125
1111010011,14043,"[1, 0, 2, 3]",315,229.9060821533203,True,7.519320360211097,13,0.00126953125
1111010011,14044,"[1, 0, 2, 3]",315,229.92372512817383,False,7.519320360211097,13,0.00126953125
1111010011,14045,"[1, 0, 2, 3]",315,229.9368381500244,True,7.519320360211097,13,0.00126953125
1111010011,14046,"[1, 0, 2, 3]",315,229.95448112487793,False,7.519320360211097,13,0.00126953125
1111010011,14047,"[1, 0, 2, 3]",315,229.96759414672852,True,7.519320360211097,13,0.00126953125
1111010011,14048,"[1, 0, 2, 3]",315,229.98523712158203,False,7.519320360211097,13,0.00126953125
1111010011,14049,"[1, 0, 2, 3]",315,229.9978733062744,True,7.519320360211097,13,0.00126953125
1111010011,14050,"[1, 0, 2, 3]",315,230.01575469970703,False,7.519320360211097,13,0.00126953125
1111010011,14051,"[1, 0, 2, 3]",315,230.0283908843994,True,7.519320360211097,13,0.00126953125
1111010011,14052,"[1, 0, 2, 3]",315,230.04579544067383,False,7.519320360211097,13,0.00126953125
1111010011,14053,"[1, 0, 2, 3]",315,230.0589084625244,True,7.519320360211097,13,0.00126953125
1111010011,14054,"[1, 0, 2, 3]",315,230.07631301879883,False,7.519320360211097,13,0.00126953125
1111010011,14055,"[1, 0, 2, 3]",315,230.0891876220703,True,7.519320360211097,13,0.00126953125
1111010011,14056,"[1, 0, 2, 3]",315,230.10683059692383,False,7.519320360211097,13,0.00126953125
1111010011,14057,"[1, 0, 2, 3]",315,230.1199436187744,True,7.519320360211097,13,0.00126953125
1000001001,14058,"[3, 0, 2, 1]",6300,230.13758659362793,False,33.136129710583916,13,0.00126953125
1000001001,14059,"[3, 0, 1, 2]",750,230.15165328979492,True,33.136129710583916,13,0.00126953125
1000001001,14060,"[3, 0, 2, 1]",6300,230.17120361328125,False,33.136129710583916,13,0.00126953125
1000001001,14061,"[3, 0, 1, 2]",750,230.18503189086914,True,33.136129710583916,13,0.00126953125
1000001001,14062,"[3, 0, 2, 1]",6300,230.20315170288086,False,33.136129710583916,13,0.00126953125
1000001001,14063,"[3, 0, 1, 2]",750,230.21650314331055,True,33.136129710583916,13,0.00126953125
1000001001,14064,"[3, 0, 2, 1]",6300,230.23438453674316,False,33.136129710583916,13,0.00126953125
1000001001,14065,"[3, 0, 1, 2]",750,230.24773597717285,True,33.136129710583916,13,0.00126953125
1000001001,14066,"[3, 0, 2, 1]",6300,230.26561737060547,False,33.136129710583916,13,0.00126953125
1000001001,14067,"[3, 0, 1, 2]",750,230.27873039245605,True,33.136129710583916,13,0.00126953125
1000001001,14068,"[3, 0, 2, 1]",6300,230.29685020446777,False,33.136129710583916,13,0.00126953125
1000001001,14069,"[3, 0, 1, 2]",750,230.30972480773926,True,33.136129710583916,13,0.00126953125
1000001001,14070,"[3, 0, 2, 1]",6300,230.32736778259277,False,33.136129710583916,13,0.00126953125
1000001001,14071,"[3, 0, 1, 2]",750,230.34048080444336,True,33.136129710583916,13,0.00126953125
1000001001,14072,"[3, 0, 2, 1]",6300,230.35931587219238,False,33.136129710583916,13,0.00126953125
1000001001,14073,"[3, 0, 1, 2]",750,230.37219047546387,True,33.136129710583916,13,0.00126953125
1000001001,14074,"[3, 0, 2, 1]",6300,230.3905487060547,False,33.136129710583916,13,0.00126953125
1000001001,14075,"[3, 0, 1, 2]",750,230.40366172790527,True,33.136129710583916,13,0.00126953125
1000001001,14076,"[3, 0, 2, 1]",6300,230.421781539917,False,33.136129710583916,13,0.00126953125
1000001001,14077,"[3, 0, 1, 2]",750,230.43465614318848,True,33.136129710583916,13,0.00126953125
1000001001,14078,"[3, 0, 2, 1]",6300,230.4525375366211,False,33.136129710583916,13,0.00126953125
1000001001,14079,"[3, 0, 1, 2]",750,230.46565055847168,True,33.136129710583916,13,0.00126953125
1000001001,14080,"[3, 0, 2, 1]",6300,230.4856777191162,False,33.136129710583916,13,0.00126953125
1000001001,14081,"[3, 0, 1, 2]",750,230.4995059967041,True,33.136129710583916,13,0.00126953125
1000001001,14082,"[3, 0, 2, 1]",6300,230.51977157592773,False,33.136129710583916,13,0.00126953125
1000001001,14083,"[3, 0, 1, 2]",750,230.53312301635742,True,33.136129710583916,13,0.00126953125
0100100010,14084,"[2, 0, 3, 1]",6200,230.55124282836914,False,17.090619058289455,13,0.00126953125
0100100010,14085,"[2, 0, 1, 3]",500,230.56459426879883,True,17.090619058289455,13,0.00126953125
0100100010,14086,"[2, 0, 3, 1]",6200,230.58247566223145,False,17.090619058289455,13,0.00126953125
0100100010,14087,"[2, 0, 1, 3]",500,230.59582710266113,True,17.090619058289455,13,0.00126953125
0100100010,14088,"[2, 0, 3, 1]",6200,230.61370849609375,False,17.090619058289455,13,0.00126953125
0100100010,14089,"[2, 0, 1, 3]",500,230.62729835510254,True,17.090619058289455,13,0.00126953125
0100100010,14090,"[2, 0, 3, 1]",6200,230.64494132995605,False,17.090619058289455,13,0.00126953125
0100100010,14091,"[2, 0, 1, 3]",500,230.65876960754395,True,17.090619058289455,13,0.00126953125
0100100010,14092,"[2, 0, 3, 1]",6200,230.67665100097656,False,17.090619058289455,13,0.00126953125
0100100010,14093,"[2, 0, 1, 3]",500,230.69214820861816,True,17.090619058289455,13,0.00126953125
0100100010,14094,"[2, 0, 3, 1]",6200,230.71050643920898,False,17.090619058289455,13,0.00126953125
0100100010,14095,"[2, 0, 1, 3]",500,230.72409629821777,True,17.090619058289455,13,0.00126953125
0100100010,14096,"[2, 0, 3, 1]",6200,230.743408203125,False,17.090619058289455,13,0.00126953125
0100100010,14097,"[2, 0, 1, 3]",500,230.7567596435547,True,17.090619058289455,13,0.00126953125
0100100010,14098,"[2, 0, 3, 1]",6200,230.7746410369873,False,17.090619058289455,13,0.00126953125
0100100010,14099,"[2, 0, 1, 3]",500,230.787992477417,True,17.090619058289455,13,0.00126953125
0100100010,14100,"[2, 0, 3, 1]",6200,230.8058738708496,False,17.090619058289455,13,0.00126953125
0100100010,14101,"[2, 0, 1, 3]",500,230.8192253112793,True,17.090619058289455,13,0.00126953125
0100100010,14102,"[2, 0, 3, 1]",6200,230.83925247192383,False,17.090619058289455,13,0.00126953125
0100100010,14103,"[2, 0, 1, 3]",500,230.85260391235352,True,17.090619058289455,13,0.00126953125
0100100010,14104,"[2, 0, 3, 1]",6200,230.87048530578613,False,17.090619058289455,13,0.00126953125
0100100010,14105,"[2, 0, 1, 3]",500,230.88383674621582,True,17.090619058289455,13,0.00126953125
0100100010,14106,"[2, 0, 3, 1]",6200,230.90147972106934,False,17.090619058289455,13,0.00126953125
0100100010,14107,"[2, 0, 1, 3]",500,230.91435432434082,True,17.090619058289455,13,0.00126953125
0100100010,14108,"[2, 0, 3, 1]",6200,230.93223571777344,False,17.090619058289455,13,0.00126953125
0100100010,14109,"[2, 0, 1, 3]",500,230.94487190246582,True,17.090619058289455,13,0.00126953125
0100111100,14110,"[3, 2, 0, 1]",6600,230.96275329589844,False,21.992551240783698,13,0.00126953125
0100111100,14111,"[3, 2, 0, 1]",6600,230.97634315490723,True,21.992551240783698,13,0.00126953125
0100111100,14112,"[3, 2, 0, 1]",6600,230.99398612976074,False,21.992551240783698,13,0.00126953125
0100111100,14113,"[3, 2, 0, 1]",6600,231.00733757019043,True,21.992551240783698,13,0.00126953125
0100111100,14114,"[3, 2, 0, 1]",6600,231.02474212646484,False,21.992551240783698,13,0.00126953125
0100111100,14115,"[3, 2, 0, 1]",6600,231.03833198547363,True,21.992551240783698,13,0.00126953125
0100111100,14116,"[3, 2, 0, 1]",6600,231.05597496032715,False,21.992551240783698,13,0.00126953125
0100111100,14117,"[3, 2, 0, 1]",6600,231.06932640075684,True,21.992551240783698,13,0.00126953125
0100111100,14118,"[3, 2, 0, 1]",6600,231.08696937561035,False,21.992551240783698,13,0.00126953125
0100111100,14119,"[3, 2, 0, 1]",6600,231.10008239746094,True,21.992551240783698,13,0.00126953125
0100111100,14120,"[3, 2, 0, 1]",6600,231.11748695373535,False,21.992551240783698,13,0.00126953125
0100111100,14121,"[3, 2, 0, 1]",6600,231.13083839416504,True,21.992551240783698,13,0.00126953125
0100111100,14122,"[3, 2, 0, 1]",6600,231.14848136901855,False,21.992551240783698,13,0.00126953125
0100111100,14123,"[3, 2, 0, 1]",6600,231.16159439086914,True,21.992551240783698,13,0.00126953125
0100111100,14124,"[3, 2, 0, 1]",6600,231.18066787719727,False,21.992551240783698,13,0.00126953125
0100111100,14125,"[3, 2, 0, 1]",6600,231.19354248046875,True,21.992551240783698,13,0.00126953125
0100111100,14126,"[3, 2, 0, 1]",6600,231.21142387390137,False,21.992551240783698,13,0.00126953125
0100111100,14127,"[3, 2, 0, 1]",6600,231.22429847717285,True,21.992551240783698,13,0.00126953125
0100111100,14128,"[3, 2, 0, 1]",6600,231.24194145202637,False,21.992551240783698,13,0.00126953125
0100111100,14129,"[3, 2, 0, 1]",6600,231.25457763671875,True,21.992551240783698,13,0.00126953125
0100111100,14130,"[3, 2, 0, 1]",6600,231.27245903015137,False,21.992551240783698,13,0.00126953125
0100111100,14131,"[3, 2, 0, 1]",6600,231.28557205200195,True,21.992551240783698,13,0.00126953125
0100111100,14132,"[3, 2, 0, 1]",6600,231.30512237548828,False,21.992551240783698,13,0.00126953125
0100111100,14133,"[3, 2, 0, 1]",6600,231.31823539733887,True,21.992551240783698,13,0.00126953125
0100111100,14134,"[3, 2, 0, 1]",6600,231.3363552093506,False,21.992551240783698,13,0.00126953125
0100111100,14135,"[3, 2, 0, 1]",6600,231.34899139404297,True,21.992551240783698,13,0.00126953125
0000111011,14136,"[2, 3, 1, 0]",9600,231.36639595031738,False,21.252440927530373,13,0.00126953125
0000111011,14137,"[2, 3, 1, 0]",9600,231.37927055358887,True,21.252440927530373,13,0.00126953125
0000111011,14138,"[2, 3, 1, 0]",9600,231.39691352844238,False,21.252440927530373,13,0.00126953125
0000111011,14139,"[2, 3, 1, 0]",9600,231.40978813171387,True,21.252440927530373,13,0.00126953125
0000111011,14140,"[2, 3, 1, 0]",9600,231.42743110656738,False,21.252440927530373,13,0.00126953125
0000111011,14141,"[2, 3, 1, 0]",9600,231.44054412841797,True,21.252440927530373,13,0.00126953125
0000111011,14142,"[2, 3, 1, 0]",9600,231.45771026611328,False,21.252440927530373,13,0.00126953125
0000111011,14143,"[2, 3, 1, 0]",9600,231.47106170654297,True,21.252440927530373,13,0.00126953125
0000111011,14144,"[2, 3, 1, 0]",9600,231.4901351928711,False,21.252440927530373,13,0.00126953125
0000111011,14145,"[2, 3, 1, 0]",9600,231.50324821472168,True,21.252440927530373,13,0.00126953125
0000111011,14146,"[2, 3, 1, 0]",9600,231.520414352417,False,21.252440927530373,13,0.00126953125
0000111011,14147,"[2, 3, 1, 0]",9600,231.53328895568848,True,21.252440927530373,13,0.00126953125
0000111011,14148,"[2, 3, 1, 0]",9600,231.5506935119629,False,21.252440927530373,13,0.00126953125
0000111011,14149,"[2, 3, 1, 0]",9600,231.56332969665527,True,21.252440927530373,13,0.00126953125
0000111011,14150,"[2, 3, 1, 0]",9600,231.5812110900879,False,21.252440927530373,13,0.00126953125
0000111011,14151,"[2, 3, 1, 0]",9600,231.59360885620117,True,21.252440927530373,13,0.00126953125
0000111011,14152,"[2, 3, 1, 0]",9600,231.6110134124756,False,21.252440927530373,13,0.00126953125
0000111011,14153,"[2, 3, 1, 0]",9600,231.62388801574707,True,21.252440927530373,13,0.00126953125
0000111011,14154,"[2, 3, 1, 0]",9600,231.64105415344238,False,21.252440927530373,13,0.00126953125
0000111011,14155,"[2, 3, 1, 0]",9600,231.65369033813477,True,21.252440927530373,13,0.00126953125
0000111011,14156,"[2, 3, 1, 0]",9600,231.67109489440918,False,21.252440927530373,13,0.00126953125
0000111011,14157,"[2, 3, 1, 0]",9600,231.68373107910156,True,21.252440927530373,13,0.00126953125
0000111011,14158,"[2, 3, 1, 0]",9600,231.70113563537598,False,21.252440927530373,13,0.00126953125
0000111011,14159,"[2, 3, 1, 0]",9600,231.71401023864746,True,21.252440927530373,13,0.00126953125
0000111011,14160,"[2, 3, 1, 0]",9600,231.73141479492188,False,21.252440927530373,13,0.00126953125
0000111011,14161,"[2, 3, 1, 0]",9600,231.74405097961426,True,21.252440927530373,13,0.00126953125
1010100000,14162,"[2, 1, 0, 3]",600,231.76193237304688,False,38.09037222002324,13,0.00126953125
1010100000,14163,"[2, 1, 0, 3]",600,231.77599906921387,True,38.09037222002324,13,0.00126953125
1010100000,14164,"[2, 1, 0, 3]",600,231.79388046264648,False,38.09037222002324,13,0.00126953125
1010100000,14165,"[2, 1, 0, 3]",600,231.80770874023438,True,38.09037222002324,13,0.00126953125
1010100000,14166,"[2, 1, 0, 3]",600,231.8270206451416,False,38.09037222002324,13,0.00126953125
1010100000,14167,"[2, 1, 0, 3]",600,231.84561729431152,True,38.09037222002324,13,0.00126953125
1010100000,14168,"[2, 1, 0, 3]",600,231.86421394348145,False,38.09037222002324,13,0.00126953125
1010100000,14169,"[2, 1, 0, 3]",600,231.89377784729004,True,38.09037222002324,13,0.00126953125
1010100000,14170,"[2, 1, 0, 3]",600,231.91213607788086,False,38.09037222002324,13,0.00126953125
1010100000,14171,"[2, 1, 0, 3]",600,231.92596435546875,True,38.09037222002324,13,0.00126953125
1010100000,14172,"[2, 1, 0, 3]",600,231.94432258605957,False,38.09037222002324,13,0.00126953125
1010100000,14173,"[2, 1, 0, 3]",600,231.95815086364746,True,38.09037222002324,13,0.00126953125
1010100000,14174,"[2, 1, 0, 3]",600,231.97698593139648,False,38.09037222002324,13,0.00126953125
1010100000,14175,"[2, 1, 0, 3]",600,231.99057579040527,True,38.09037222002324,13,0.00126953125
1010100000,14176,"[2, 1, 0, 3]",600,232.0094108581543,False,38.09037222002324,13,0.00126953125
1010100000,14177,"[2, 1, 0, 3]",600,232.0232391357422,True,38.09037222002324,13,0.00126953125
1010100000,14178,"[2, 1, 0, 3]",600,232.041597366333,False,38.09037222002324,13,0.00126953125
1010100000,14179,"[2, 1, 0, 3]",600,232.0554256439209,True,38.09037222002324,13,0.00126953125
1010100000,14180,"[2, 1, 0, 3]",600,232.07426071166992,False,38.09037222002324,13,0.00126953125
1010100000,14181,"[2, 1, 0, 3]",600,232.08856582641602,True,38.09037222002324,13,0.00126953125
1010100000,14182,"[2, 1, 0, 3]",600,232.10906982421875,False,38.09037222002324,13,0.00126953125
1010100000,14183,"[2, 1, 0, 3]",600,232.12289810180664,True,38.09037222002324,13,0.00126953125
1010100000,14184,"[2, 1, 0, 3]",600,232.14173316955566,False,38.09037222002324,13,0.00126953125
1010100000,14185,"[2, 1, 0, 3]",600,232.15579986572266,True,38.09037222002324,13,0.00126953125
1010100000,14186,"[2, 1, 0, 3]",600,232.1770191192627,False,38.09037222002324,13,0.00126953125
1010100000,14187,"[2, 1, 0, 3]",600,232.1910858154297,True,38.09037222002324,13,0.00126953125
1110001111,14188,"[3, 0, 1, 2]",750,232.2101593017578,False,17.22142384439867,13,0.00126953125
1110001111,14189,"[3, 0, 1, 2]",750,232.2244644165039,True,17.22142384439867,13,0.00126953125
1110001111,14190,"[3, 0, 1, 2]",750,232.24306106567383,False,17.22142384439867,13,0.00126953125
1110001111,14191,"[3, 0, 1, 2]",750,232.25712776184082,True,17.22142384439867,13,0.00126953125
1110001111,14192,"[3, 0, 1, 2]",750,232.27596282958984,False,17.22142384439867,13,0.00126953125
1110001111,14193,"[3, 0, 1, 2]",750,232.29002952575684,True,17.22142384439867,13,0.00126953125
1110001111,14194,"[3, 0, 1, 2]",750,232.30838775634766,False,17.22142384439867,13,0.00126953125
1110001111,14195,"[3, 0, 1, 2]",750,232.32221603393555,True,17.22142384439867,13,0.00126953125
1110001111,14196,"[3, 0, 1, 2]",750,232.35058784484863,False,17.22142384439867,13,0.00126953125
1110001111,14197,"[3, 0, 1, 2]",750,232.36370086669922,True,17.22142384439867,13,0.00126953125
1110001111,14198,"[3, 0, 1, 2]",750,232.38110542297363,False,17.22142384439867,13,0.00126953125
1110001111,14199,"[3, 0, 1, 2]",750,232.39398002624512,True,17.22142384439867,13,0.00126953125
1110001111,14200,"[3, 0, 1, 2]",750,232.41162300109863,False,17.22142384439867,13,0.00126953125
1110001111,14201,"[3, 0, 1, 2]",750,232.42425918579102,True,17.22142384439867,13,0.00126953125
1110001111,14202,"[3, 0, 1, 2]",750,232.44237899780273,False,17.22142384439867,13,0.00126953125
1110001111,14203,"[3, 0, 1, 2]",750,232.45501518249512,True,17.22142384439867,13,0.00126953125
1110001111,14204,"[3, 0, 1, 2]",750,232.47289657592773,False,17.22142384439867,13,0.00126953125
1110001111,14205,"[3, 0, 1, 2]",750,232.48600959777832,True,17.22142384439867,13,0.00126953125
1110001111,14206,"[3, 0, 1, 2]",750,232.50389099121094,False,17.22142384439867,13,0.00126953125
1110001111,14207,"[3, 0, 1, 2]",750,232.51700401306152,True,17.22142384439867,13,0.00126953125
1110001111,14208,"[3, 0, 1, 2]",750,232.53679275512695,False,17.22142384439867,13,0.00126953125
1110001111,14209,"[3, 0, 1, 2]",750,232.54990577697754,True,17.22142384439867,13,0.00126953125
1110001111,14210,"[3, 0, 1, 2]",750,232.56754875183105,False,17.22142384439867,13,0.00126953125
1110001111,14211,"[3, 0, 1, 2]",750,232.58042335510254,True,17.22142384439867,13,0.00126953125
1110001111,14212,"[3, 0, 1, 2]",750,232.59806632995605,False,17.22142384439867,13,0.00126953125
1110001111,14213,"[3, 0, 1, 2]",750,232.61094093322754,True,17.22142384439867,13,0.00126953125
1111001110,14214,"[3, 1, 0, 2]",900,232.62882232666016,False,22.385498314058843,13,0.00126953125
1111001110,14215,"[3, 1, 0, 2]",900,232.64217376708984,True,22.385498314058843,13,0.00126953125
1111001110,14216,"[3, 1, 0, 2]",900,232.65981674194336,False,22.385498314058843,13,0.00126953125
1111001110,14217,"[3, 1, 0, 2]",900,232.67316818237305,True,22.385498314058843,13,0.00126953125
1111001110,14218,"[3, 1, 0, 2]",900,232.69081115722656,False,22.385498314058843,13,0.00126953125
1111001110,14219,"[3, 1, 0, 2]",900,232.70416259765625,True,22.385498314058843,13,0.00126953125
1111001110,14220,"[3, 1, 0, 2]",900,232.72180557250977,False,22.385498314058843,13,0.00126953125
1111001110,14221,"[3, 1, 0, 2]",900,232.73515701293945,True,22.385498314058843,13,0.00126953125
1111001110,14222,"[3, 1, 0, 2]",900,232.75256156921387,False,22.385498314058843,13,0.00126953125
1111001110,14223,"[3, 1, 0, 2]",900,232.76591300964355,True,22.385498314058843,13,0.00126953125
1111001110,14224,"[3, 1, 0, 2]",900,232.78331756591797,False,22.385498314058843,13,0.00126953125
1111001110,14225,"[3, 1, 0, 2]",900,232.79643058776855,True,22.385498314058843,13,0.00126953125
1111001110,14226,"[3, 1, 0, 2]",900,232.81407356262207,False,22.385498314058843,13,0.00126953125
1111001110,14227,"[3, 1, 0, 2]",900,232.82718658447266,True,22.385498314058843,13,0.00126953125
1111001110,14228,"[3, 1, 0, 2]",900,232.84673690795898,False,22.385498314058843,13,0.00126953125
1111001110,14229,"[3, 1, 0, 2]",900,232.86008834838867,True,22.385498314058843,13,0.00126953125
1111001110,14230,"[3, 1, 0, 2]",900,232.8779697418213,False,22.385498314058843,13,0.00126953125
1111001110,14231,"[3, 1, 0, 2]",900,232.89179801940918,True,22.385498314058843,13,0.00126953125
1111001110,14232,"[3, 1, 0, 2]",900,232.9099178314209,False,22.385498314058843,13,0.00126953125
1111001110,14233,"[3, 1, 0, 2]",900,232.92303085327148,True,22.385498314058843,13,0.00126953125
1111001110,14234,"[3, 1, 0, 2]",900,232.9425811767578,False,22.385498314058843,13,0.00126953125
1111001110,14235,"[3, 1, 0, 2]",900,232.9556941986084,True,22.385498314058843,13,0.00126953125
1111001110,14236,"[3, 1, 0, 2]",900,232.9733371734619,False,22.385498314058843,13,0.00126953125
1111001110,14237,"[3, 1, 0, 2]",900,232.9862117767334,True,22.385498314058843,13,0.00126953125
1111001110,14238,"[3, 1, 0, 2]",900,233.0038547515869,False,22.385498314058843,13,0.00126953125
1111001110,14239,"[3, 1, 0, 2]",900,233.0167293548584,True,22.385498314058843,13,0.00126953125
0100000101,14240,"[3, 0, 2, 1]",6300,233.03461074829102,False,14.18188720114459,13,0.00126953125
0100000101,14241,"[3, 0, 1, 2]",750,233.0477237701416,True,14.18188720114459,13,0.00126953125
0100000101,14242,"[3, 0, 2, 1]",6300,233.06560516357422,False,14.18188720114459,13,0.00126953125
0100000101,14243,"[3, 0, 1, 2]",750,233.0789566040039,True,14.18188720114459,13,0.00126953125
0100000101,14244,"[3, 0, 2, 1]",6300,233.09659957885742,False,14.18188720114459,13,0.00126953125
0100000101,14245,"[3, 0, 1, 2]",750,233.1099510192871,True,14.18188720114459,13,0.00126953125
0100000101,14246,"[3, 0, 2, 1]",6300,233.14428329467773,False,14.18188720114459,13,0.00126953125
0100000101,14247,"[3, 0, 1, 2]",750,233.168363571167,True,14.18188720114459,13,0.00126953125
0100000101,14248,"[3, 0, 2, 1]",6300,233.1864833831787,False,14.18188720114459,13,0.00126953125
0100000101,14249,"[3, 0, 1, 2]",750,233.1998348236084,True,14.18188720114459,13,0.00126953125
0100000101,14250,"[3, 0, 2, 1]",6300,233.21914672851562,False,14.18188720114459,13,0.00126953125
0100000101,14251,"[3, 0, 1, 2]",750,233.2324981689453,True,14.18188720114459,13,0.00126953125
0100000101,14252,"[3, 0, 2, 1]",6300,233.25014114379883,False,14.18188720114459,13,0.00126953125
0100000101,14253,"[3, 0, 1, 2]",750,233.26349258422852,True,14.18188720114459,13,0.00126953125
0100000101,14254,"[3, 0, 2, 1]",6300,233.28113555908203,False,14.18188720114459,13,0.00126953125
0100000101,14255,"[3, 0, 1, 2]",750,233.29424858093262,True,14.18188720114459,13,0.00126953125
0100000101,14256,"[3, 0, 2, 1]",6300,233.31189155578613,False,14.18188720114459,13,0.00126953125
0100000101,14257,"[3, 0, 1, 2]",750,233.32500457763672,True,14.18188720114459,13,0.00126953125
0100000101,14258,"[3, 0, 2, 1]",6300,233.34288597106934,False,14.18188720114459,13,0.00126953125
0100000101,14259,"[3, 0, 1, 2]",750,233.35671424865723,True,14.18188720114459,13,0.00126953125
0100000101,14260,"[3, 0, 2, 1]",6300,233.37435722351074,False,14.18188720114459,13,0.00126953125
0100000101,14261,"[3, 0, 1, 2]",750,233.38794708251953,True,14.18188720114459,13,0.00126953125
0100000101,14262,"[3, 0, 2, 1]",6300,233.40559005737305,False,14.18188720114459,13,0.00126953125
0100000101,14263,"[3, 0, 1, 2]",750,233.41917991638184,True,14.18188720114459,13,0.00126953125
0100000101,14264,"[3, 0, 2, 1]",6300,233.43896865844727,False,14.18188720114459,13,0.00126953125
0100000101,14265,"[3, 0, 1, 2]",750,233.45184326171875,True,14.18188720114459,13,0.00126953125
1100101111,14266,"[3, 0, 2, 1]",6300,233.46924781799316,False,19.900011571152795,12,0.001171875
1100101111,14267,"[3, 0, 1, 2]",750,233.48236083984375,True,19.900011571152795,12,0.001171875
1100101111,14268,"[3, 0, 2, 1]",6300,233.50000381469727,False,19.900011571152795,12,0.001171875
1100101111,14269,"[3, 0, 1, 2]",750,233.51311683654785,True,19.900011571152795,12,0.001171875
1100101111,14270,"[3, 0, 2, 1]",6300,233.53266716003418,False,19.900011571152795,12,0.001171875
1100101111,14271,"[3, 0, 1, 2]",750,233.54554176330566,True,19.900011571152795,12,0.001171875
1100101111,14272,"[3, 0, 2, 1]",6300,233.56366157531738,False,19.900011571152795,12,0.001171875
1100101111,14273,"[3, 0, 1, 2]",750,233.57677459716797,True,19.900011571152795,12,0.001171875
1100101111,14274,"[3, 0, 2, 1]",6300,233.5948944091797,False,19.900011571152795,12,0.001171875
1100101111,14275,"[3, 0, 1, 2]",750,233.60800743103027,True,19.900011571152795,12,0.001171875
1100101111,14276,"[3, 0, 2, 1]",6300,233.626127243042,False,19.900011571152795,12,0.001171875
1100101111,14277,"[3, 0, 1, 2]",750,233.63924026489258,True,19.900011571152795,12,0.001171875
1100101111,14278,"[3, 0, 2, 1]",6300,233.6573600769043,False,19.900011571152795,12,0.001171875
1100101111,14279,"[3, 0, 1, 2]",750,233.67047309875488,True,19.900011571152795,12,0.001171875
1100101111,14280,"[3, 0, 2, 1]",6300,233.6881160736084,False,19.900011571152795,12,0.001171875
1100101111,14281,"[3, 0, 1, 2]",750,233.7014675140381,True,19.900011571152795,12,0.001171875
1100101111,14282,"[3, 0, 2, 1]",6300,233.7198257446289,False,19.900011571152795,12,0.001171875
1100101111,14283,"[3, 0, 1, 2]",750,233.7329387664795,True,19.900011571152795,12,0.001171875
1100101111,14284,"[3, 0, 2, 1]",6300,233.75272750854492,False,19.900011571152795,12,0.001171875
1100101111,14285,"[3, 0, 1, 2]",750,233.7658405303955,True,19.900011571152795,12,0.001171875
1100101111,14286,"[3, 0, 2, 1]",6300,233.78372192382812,False,19.900011571152795,12,0.001171875
1100101111,14287,"[3, 0, 1, 2]",750,233.7965965270996,True,19.900011571152795,12,0.001171875
1100101111,14288,"[3, 0, 2, 1]",6300,233.81447792053223,False,19.900011571152795,12,0.001171875
1100101111,14289,"[3, 0, 1, 2]",750,233.8275909423828,True,19.900011571152795,12,0.001171875
1000100010,14290,"[2, 0, 3, 1]",6200,233.84571075439453,False,25.692679049617418,12,0.001171875
1000100010,14291,"[2, 0, 1, 3]",500,233.85882377624512,True,25.692679049617418,12,0.001171875
1000100010,14292,"[2, 0, 3, 1]",6200,233.87813568115234,False,25.692679049617418,12,0.001171875
1000100010,14293,"[2, 0, 1, 3]",500,233.89101028442383,True,25.692679049617418,12,0.001171875
1000100010,14294,"[2, 0, 3, 1]",6200,233.90889167785645,False,25.692679049617418,12,0.001171875
1000100010,14295,"[2, 0, 1, 3]",500,233.92152786254883,True,25.692679049617418,12,0.001171875
1000100010,14296,"[2, 0, 3, 1]",6200,233.93917083740234,False,25.692679049617418,12,0.001171875
1000100010,14297,"[2, 0, 1, 3]",500,233.95180702209473,True,25.692679049617418,12,0.001171875
1000100010,14298,"[2, 0, 3, 1]",6200,233.96968841552734,False,25.692679049617418,12,0.001171875
1000100010,14299,"[2, 0, 1, 3]",500,233.98232460021973,True,25.692679049617418,12,0.001171875
1000100010,14300,"[2, 0, 3, 1]",6200,234.00020599365234,False,25.692679049617418,12,0.001171875
1000100010,14301,"[2, 0, 1, 3]",500,234.01308059692383,True,25.692679049617418,12,0.001171875
1000100010,14302,"[2, 0, 3, 1]",6200,234.03072357177734,False,25.692679049617418,12,0.001171875
1000100010,14303,"[2, 0, 1, 3]",500,234.04407501220703,True,25.692679049617418,12,0.001171875
1000100010,14304,"[2, 0, 3, 1]",6200,234.06147956848145,False,25.692679049617418,12,0.001171875
1000100010,14305,"[2, 0, 1, 3]",500,234.07459259033203,True,25.692679049617418,12,0.001171875
1000100010,14306,"[2, 0, 3, 1]",6200,234.09223556518555,False,25.692679049617418,12,0.001171875
1000100010,14307,"[2, 0, 1, 3]",500,234.10511016845703,True,25.692679049617418,12,0.001171875
1000100010,14308,"[2, 0, 3, 1]",6200,234.12275314331055,False,25.692679049617418,12,0.001171875
1000100010,14309,"[2, 0, 1, 3]",500,234.13538932800293,True,25.692679049617418,12,0.001171875
1000100010,14310,"[2, 0, 3, 1]",6200,234.15279388427734,False,25.692679049617418,12,0.001171875
1000100010,14311,"[2, 0, 1, 3]",500,234.16590690612793,True,25.692679049617418,12,0.001171875
1000100010,14312,"[2, 0, 3, 1]",6200,234.18545722961426,False,25.692679049617418,12,0.001171875
1000100010,14313,"[2, 0, 1, 3]",500,234.19809341430664,True,25.692679049617418,12,0.001171875
0110100100,14314,"[2, 1, 3, 0]",9300,234.21645164489746,False,18.27225942116783,12,0.001171875
0110100100,14315,"[2, 1, 0, 3]",600,234.23004150390625,True,18.27225942116783,12,0.001171875
0110100100,14316,"[2, 1, 3, 0]",9300,234.24792289733887,False,18.27225942116783,12,0.001171875
0110100100,14317,"[2, 1, 0, 3]",600,234.26079750061035,True,18.27225942116783,12,0.001171875
0110100100,14318,"[2, 1, 3, 0]",9300,234.27891731262207,False,18.27225942116783,12,0.001171875
0110100100,14319,"[2, 1, 0, 3]",600,234.29179191589355,True,18.27225942116783,12,0.001171875
0110100100,14320,"[2, 1, 3, 0]",9300,234.30991172790527,False,18.27225942116783,12,0.001171875
0110100100,14321,"[2, 1, 0, 3]",600,234.32302474975586,True,18.27225942116783,12,0.001171875
0110100100,14322,"[2, 1, 3, 0]",9300,234.34042930603027,False,18.27225942116783,12,0.001171875
0110100100,14323,"[2, 1, 0, 3]",600,234.35354232788086,True,18.27225942116783,12,0.001171875
0110100100,14324,"[2, 1, 3, 0]",9300,234.37094688415527,False,18.27225942116783,12,0.001171875
0110100100,14325,"[2, 1, 0, 3]",600,234.38429832458496,True,18.27225942116783,12,0.001171875
0110100100,14326,"[2, 1, 3, 0]",9300,234.40170288085938,False,18.27225942116783,12,0.001171875
0110100100,14327,"[2, 1, 0, 3]",600,234.41505432128906,True,18.27225942116783,12,0.001171875
0110100100,14328,"[2, 1, 3, 0]",9300,234.43293571472168,False,18.27225942116783,12,0.001171875
0110100100,14329,"[2, 1, 0, 3]",600,234.44628715515137,True,18.27225942116783,12,0.001171875
0110100100,14330,"[2, 1, 3, 0]",9300,234.46416854858398,False,18.27225942116783,12,0.001171875
0110100100,14331,"[2, 1, 0, 3]",600,234.47751998901367,True,18.27225942116783,12,0.001171875
0110100100,14332,"[2, 1, 3, 0]",9300,234.4975471496582,False,18.27225942116783,12,0.001171875
0110100100,14333,"[2, 1, 0, 3]",600,234.5113754272461,True,18.27225942116783,12,0.001171875
0110100100,14334,"[2, 1, 3, 0]",9300,234.53068733215332,False,18.27225942116783,12,0.001171875
0110100100,14335,"[2, 1, 0, 3]",600,234.544038772583,True,18.27225942116783,12,0.001171875
0110100100,14336,"[2, 1, 3, 0]",9300,234.56192016601562,False,18.27225942116783,12,0.001171875
0110100100,14337,"[2, 1, 0, 3]",600,234.5747947692871,True,18.27225942116783,12,0.001171875
0000000001,14338,"[3, 2, 1, 0]",9600,234.59243774414062,False,31.0,12,0.001171875
0000000001,14339,"[3, 2, 1, 0]",9600,234.6055507659912,True,31.0,12,0.001171875
0000000001,14340,"[3, 2, 1, 0]",9600,234.62367057800293,False,31.0,12,0.001171875
0000000001,14341,"[3, 2, 1, 0]",9600,234.6365451812744,True,31.0,12,0.001171875
0000000001,14342,"[3, 2, 1, 0]",9600,234.65442657470703,False,31.0,12,0.001171875
0000000001,14343,"[3, 2, 1, 0]",9600,234.6670627593994,True,31.0,12,0.001171875
0000000001,14344,"[3, 2, 1, 0]",9600,234.68494415283203,False,31.0,12,0.001171875
0000000001,14345,"[3, 2, 1, 0]",9600,234.6975803375244,True,31.0,12,0.001171875
0000000001,14346,"[3, 2, 1, 0]",9600,234.71498489379883,False,31.0,12,0.001171875
0000000001,14347,"[3, 2, 1, 0]",9600,234.7278594970703,True,31.0,12,0.001171875
0000000001,14348,"[3, 2, 1, 0]",9600,234.74574089050293,False,31.0,12,0.001171875
0000000001,14349,"[3, 2, 1, 0]",9600,234.7586154937744,True,31.0,12,0.001171875
0000000001,14350,"[3, 2, 1, 0]",9600,234.77602005004883,False,31.0,12,0.001171875
0000000001,14351,"[3, 2, 1, 0]",9600,234.7886562347412,True,31.0,12,0.001171875
0000000001,14352,"[3, 2, 1, 0]",9600,234.80629920959473,False,31.0,12,0.001171875
0000000001,14353,"[3, 2, 1, 0]",9600,234.8191738128662,True,31.0,12,0.001171875
0000000001,14354,"[3, 2, 1, 0]",9600,234.83848571777344,False,31.0,12,0.001171875
0000000001,14355,"[3, 2, 1, 0]",9600,234.85159873962402,True,31.0,12,0.001171875
0000000001,14356,"[3, 2, 1, 0]",9600,234.88545417785645,False,31.0,12,0.001171875
0000000001,14357,"[3, 2, 1, 0]",9600,234.89904403686523,True,31.0,12,0.001171875
0000000001,14358,"[3, 2, 1, 0]",9600,234.91764068603516,False,31.0,12,0.001171875
0000000001,14359,"[3, 2, 1, 0]",9600,234.93075370788574,True,31.0,12,0.001171875
0000000001,14360,"[3, 2, 1, 0]",9600,234.94935035705566,False,31.0,12,0.001171875
0000000001,14361,"[3, 2, 1, 0]",9600,234.96222496032715,True,31.0,12,0.001171875
1110011100,14362,"[3, 0, 1, 2]",750,234.98082160949707,False,31.620388541580255,12,0.001171875
1110011100,14363,"[3, 0, 1, 2]",750,234.99464988708496,True,31.620388541580255,12,0.001171875
1110011100,14364,"[3, 0, 1, 2]",750,235.01324653625488,False,31.620388541580255,12,0.001171875
1110011100,14365,"[3, 0, 1, 2]",750,235.02659797668457,True,31.620388541580255,12,0.001171875
1110011100,14366,"[3, 0, 1, 2]",750,235.0451946258545,False,31.620388541580255,12,0.001171875
1110011100,14367,"[3, 0, 1, 2]",750,235.05854606628418,True,31.620388541580255,12,0.001171875
1110011100,14368,"[3, 0, 1, 2]",750,235.0773811340332,False,31.620388541580255,12,0.001171875
1110011100,14369,"[3, 0, 1, 2]",750,235.090970993042,True,31.620388541580255,12,0.001171875
1110011100,14370,"[3, 0, 1, 2]",750,235.1090908050537,False,31.620388541580255,12,0.001171875
1110011100,14371,"[3, 0, 1, 2]",750,235.1229190826416,True,31.620388541580255,12,0.001171875
1110011100,14372,"[3, 0, 1, 2]",750,235.14103889465332,False,31.620388541580255,12,0.001171875
1110011100,14373,"[3, 0, 1, 2]",750,235.1546287536621,True,31.620388541580255,12,0.001171875
1110011100,14374,"[3, 0, 1, 2]",750,235.17298698425293,False,31.620388541580255,12,0.001171875
1110011100,14375,"[3, 0, 1, 2]",750,235.18681526184082,True,31.620388541580255,12,0.001171875
1110011100,14376,"[3, 0, 1, 2]",750,235.20731925964355,False,31.620388541580255,12,0.001171875
1110011100,14377,"[3, 0, 1, 2]",750,235.22114753723145,True,31.620388541580255,12,0.001171875
1110011100,14378,"[3, 0, 1, 2]",750,235.23950576782227,False,31.620388541580255,12,0.001171875
1110011100,14379,"[3, 0, 1, 2]",750,235.25285720825195,True,31.620388541580255,12,0.001171875
1110011100,14380,"[3, 0, 1, 2]",750,235.27121543884277,False,31.620388541580255,12,0.001171875
1110011100,14381,"[3, 0, 1, 2]",750,235.28504371643066,True,31.620388541580255,12,0.001171875
1110011100,14382,"[3, 0, 1, 2]",750,235.3038787841797,False,31.620388541580255,12,0.001171875
1110011100,14383,"[3, 0, 1, 2]",750,235.31818389892578,True,31.620388541580255,12,0.001171875
1110011100,14384,"[3, 0, 1, 2]",750,235.33868789672852,False,31.620388541580255,12,0.001171875
1110011100,14385,"[3, 0, 1, 2]",750,235.3525161743164,True,31.620388541580255,12,0.001171875
0000110111,14386,"[2, 3, 1, 0]",9600,235.37087440490723,False,15.252440927530373,12,0.001171875
0000110111,14387,"[2, 3, 1, 0]",9600,235.40830612182617,True,15.252440927530373,12,0.001171875
0000110111,14388,"[2, 3, 1, 0]",9600,235.443115234375,False,15.252440927530373,12,0.001171875
0000110111,14389,"[2, 3, 1, 0]",9600,235.457181930542,True,15.252440927530373,12,0.001171875
0000110111,14390,"[2, 3, 1, 0]",9600,235.4757785797119,False,15.252440927530373,12,0.001171875
0000110111,14391,"[2, 3, 1, 0]",9600,235.4896068572998,True,15.252440927530373,12,0.001171875
0000110111,14392,"[2, 3, 1, 0]",9600,235.50844192504883,False,15.252440927530373,12,0.001171875
0000110111,14393,"[2, 3, 1, 0]",9600,235.52227020263672,True,15.252440927530373,12,0.001171875
0000110111,14394,"[2, 3, 1, 0]",9600,235.54062843322754,False,15.252440927530373,12,0.001171875
0000110111,14395,"[2, 3, 1, 0]",9600,235.55445671081543,True,15.252440927530373,12,0.001171875
0000110111,14396,"[2, 3, 1, 0]",9600,235.57567596435547,False,15.252440927530373,12,0.001171875
0000110111,14397,"[2, 3, 1, 0]",9600,235.58950424194336,True,15.252440927530373,12,0.001171875
0000110111,14398,"[2, 3, 1, 0]",9600,235.60786247253418,False,15.252440927530373,12,0.001171875
0000110111,14399,"[2, 3, 1, 0]",9600,235.62145233154297,True,15.252440927530373,12,0.001171875
0000110111,14400,"[2, 3, 1, 0]",9600,235.65053939819336,False,15.252440927530373,12,0.001171875
0000110111,14401,"[2, 3, 1, 0]",9600,235.66389083862305,True,15.252440927530373,12,0.001171875
0000110111,14402,"[2, 3, 1, 0]",9600,235.68201065063477,False,15.252440927530373,12,0.001171875
0000110111,14403,"[2, 3, 1, 0]",9600,235.69536209106445,True,15.252440927530373,12,0.001171875
0000110111,14404,"[2, 3, 1, 0]",9600,235.71348190307617,False,15.252440927530373,12,0.001171875
0000110111,14405,"[2, 3, 1, 0]",9600,235.72659492492676,True,15.252440927530373,12,0.001171875
0000110111,14406,"[2, 3, 1, 0]",9600,235.74471473693848,False,15.252440927530373,12,0.001171875
0000110111,14407,"[2, 3, 1, 0]",9600,235.75806617736816,True,15.252440927530373,12,0.001171875
0000110111,14408,"[2, 3, 1, 0]",9600,235.77618598937988,False,15.252440927530373,12,0.001171875
0000110111,14409,"[2, 3, 1, 0]",9600,235.78977584838867,True,15.252440927530373,12,0.001171875
0000110110,14410,"[2, 3, 1, 0]",9600,235.8078956604004,False,15.80874342829766,12,0.001171875
0000110110,14411,"[2, 3, 1, 0]",9600,235.82148551940918,True,15.80874342829766,12,0.001171875
0000110110,14412,"[2, 3, 1, 0]",9600,235.84294319152832,False,15.80874342829766,12,0.001171875
0000110110,14413,"[2, 3, 1, 0]",9600,235.8570098876953,True,15.80874342829766,12,0.001171875
0000110110,14414,"[2, 3, 1, 0]",9600,235.89158058166504,False,15.80874342829766,12,0.001171875
0000110110,14415,"[2, 3, 1, 0]",9600,235.90564727783203,True,15.80874342829766,12,0.001171875
0000110110,14416,"[2, 3, 1, 0]",9600,235.92448234558105,False,15.80874342829766,12,0.001171875
0000110110,14417,"[2, 3, 1, 0]",9600,235.93807220458984,True,15.80874342829766,12,0.001171875
0000110110,14418,"[2, 3, 1, 0]",9600,235.95833778381348,False,15.80874342829766,12,0.001171875
0000110110,14419,"[2, 3, 1, 0]",9600,235.97192764282227,True,15.80874342829766,12,0.001171875
0000110110,14420,"[2, 3, 1, 0]",9600,235.9910011291504,False,15.80874342829766,12,0.001171875
0000110110,14421,"[2, 3, 1, 0]",9600,236.00459098815918,True,15.80874342829766,12,0.001171875
0000110110,14422,"[2, 3, 1, 0]",9600,236.0231876373291,False,15.80874342829766,12,0.001171875
0000110110,14423,"[2, 3, 1, 0]",9600,236.0367774963379,True,15.80874342829766,12,0.001171875
0000110110,14424,"[2, 3, 1, 0]",9600,236.0553741455078,False,15.80874342829766,12,0.001171875
0000110110,14425,"[2, 3, 1, 0]",9600,236.0689640045166,True,15.80874342829766,12,0.001171875
0000110110,14426,"[2, 3, 1, 0]",9600,236.08756065368652,False,15.80874342829766,12,0.001171875
0000110110,14427,"[2, 3, 1, 0]",9600,236.10162734985352,True,15.80874342829766,12,0.001171875
0000110110,14428,"[2, 3, 1, 0]",9600,236.12022399902344,False,15.80874342829766,12,0.001171875
0000110110,14429,"[2, 3, 1, 0]",9600,236.13452911376953,True,15.80874342829766,12,0.001171875
0000110110,14430,"[2, 3, 1, 0]",9600,236.15336418151855,False,15.80874342829766,12,0.001171875
0000110110,14431,"[2, 3, 1, 0]",9600,236.16743087768555,True,15.80874342829766,12,0.001171875
0000110110,14432,"[2, 3, 1, 0]",9600,236.19866371154785,False,15.80874342829766,12,0.001171875
0000110110,14433,"[2, 3, 1, 0]",9600,236.21296882629395,True,15.80874342829766,12,0.001171875
0000101110,14434,"[3, 2, 1, 0]",9600,236.23156547546387,False,19.343709070385504,12,0.001171875
0000101110,14435,"[3, 2, 1, 0]",9600,236.24563217163086,True,19.343709070385504,12,0.001171875
0000101110,14436,"[3, 2, 1, 0]",9600,236.2658977508545,False,19.343709070385504,12,0.001171875
0000101110,14437,"[3, 2, 1, 0]",9600,236.27996444702148,True,19.343709070385504,12,0.001171875
0000101110,14438,"[3, 2, 1, 0]",9600,236.29999160766602,False,19.343709070385504,12,0.001171875
0000101110,14439,"[3, 2, 1, 0]",9600,236.3138198852539,True,19.343709070385504,12,0.001171875
0000101110,14440,"[3, 2, 1, 0]",9600,236.33217811584473,False,19.343709070385504,12,0.001171875
0000101110,14441,"[3, 2, 1, 0]",9600,236.34576797485352,True,19.343709070385504,12,0.001171875
0000101110,14442,"[3, 2, 1, 0]",9600,236.36388778686523,False,19.343709070385504,12,0.001171875
0000101110,14443,"[3, 2, 1, 0]",9600,236.39345169067383,True,19.343709070385504,12,0.001171875
0000101110,14444,"[3, 2, 1, 0]",9600,236.41204833984375,False,19.343709070385504,12,0.001171875
0000101110,14445,"[3, 2, 1, 0]",9600,236.42587661743164,True,19.343709070385504,12,0.001171875
0000101110,14446,"[3, 2, 1, 0]",9600,236.44447326660156,False,19.343709070385504,12,0.001171875
0000101110,14447,"[3, 2, 1, 0]",9600,236.45806312561035,True,19.343709070385504,12,0.001171875
0000101110,14448,"[3, 2, 1, 0]",9600,236.47713661193848,False,19.343709070385504,12,0.001171875
0000101110,14449,"[3, 2, 1, 0]",9600,236.49072647094727,True,19.343709070385504,12,0.001171875
0000101110,14450,"[3, 2, 1, 0]",9600,236.5095615386963,False,19.343709070385504,12,0.001171875
0000101110,14451,"[3, 2, 1, 0]",9600,236.52315139770508,True,19.343709070385504,12,0.001171875
0000101110,14452,"[3, 2, 1, 0]",9600,236.5422248840332,False,19.343709070385504,12,0.001171875
0000101110,14453,"[3, 2, 1, 0]",9600,236.5560531616211,True,19.343709070385504,12,0.001171875
0000101110,14454,"[3, 2, 1, 0]",9600,236.57464981079102,False,19.343709070385504,12,0.001171875
0000101110,14455,"[3, 2, 1, 0]",9600,236.5882396697998,True,19.343709070385504,12,0.001171875
0000101110,14456,"[3, 2, 1, 0]",9600,236.60683631896973,False,19.343709070385504,12,0.001171875
0000101110,14457,"[3, 2, 1, 0]",9600,236.62090301513672,True,19.343709070385504,12,0.001171875
1011001110,14458,"[3, 1, 0, 2]",900,236.64021492004395,False,20.079073286508155,12,0.001171875
1011001110,14459,"[3, 1, 0, 2]",900,236.65523529052734,True,20.079073286508155,12,0.001171875
1011001110,14460,"[3, 1, 0, 2]",900,236.67597770690918,False,20.079073286508155,12,0.001171875
1011001110,14461,"[3, 1, 0, 2]",900,236.69028282165527,True,20.079073286508155,12,0.001171875
1011001110,14462,"[3, 1, 0, 2]",900,236.7088794708252,False,20.079073286508155,12,0.001171875
1011001110,14463,"[3, 1, 0, 2]",900,236.7231845855713,True,20.079073286508155,12,0.001171875
1011001110,14464,"[3, 1, 0, 2]",900,236.7417812347412,False,20.079073286508155,12,0.001171875
1011001110,14465,"[3, 1, 0, 2]",900,236.7558479309082,True,20.079073286508155,12,0.001171875
1011001110,14466,"[3, 1, 0, 2]",900,236.77492141723633,False,20.079073286508155,12,0.001171875
1011001110,14467,"[3, 1, 0, 2]",900,236.78898811340332,True,20.079073286508155,12,0.001171875
1011001110,14468,"[3, 1, 0, 2]",900,236.80782318115234,False,20.079073286508155,12,0.001171875
1011001110,14469,"[3, 1, 0, 2]",900,236.82188987731934,True,20.079073286508155,12,0.001171875
1011001110,14470,"[3, 1, 0, 2]",900,236.84096336364746,False,20.079073286508155,12,0.001171875
1011001110,14471,"[3, 1, 0, 2]",900,236.85526847839355,True,20.079073286508155,12,0.001171875
1011001110,14472,"[3, 1, 0, 2]",900,236.87410354614258,False,20.079073286508155,12,0.001171875
1011001110,14473,"[3, 1, 0, 2]",900,236.88817024230957,True,20.079073286508155,12,0.001171875
1011001110,14474,"[3, 1, 0, 2]",900,236.9070053100586,False,20.079073286508155,12,0.001171875
1011001110,14475,"[3, 1, 0, 2]",900,236.9210720062256,True,20.079073286508155,12,0.001171875
1011001110,14476,"[3, 1, 0, 2]",900,236.9401454925537,False,20.079073286508155,12,0.001171875
1011001110,14477,"[3, 1, 0, 2]",900,236.9539737701416,True,20.079073286508155,12,0.001171875
1011001110,14478,"[3, 1, 0, 2]",900,236.97304725646973,False,20.079073286508155,12,0.001171875
1011001110,14479,"[3, 1, 0, 2]",900,236.98735237121582,True,20.079073286508155,12,0.001171875
1011001110,14480,"[3, 1, 0, 2]",900,237.00809478759766,False,20.079073286508155,12,0.001171875
1011001110,14481,"[3, 1, 0, 2]",900,237.0321750640869,True,20.079073286508155,12,0.001171875
0000100110,14482,"[2, 3, 1, 0]",9600,237.05053329467773,False,18.272506259434046,12,0.001171875
0000100110,14483,"[2, 3, 1, 0]",9600,237.06459999084473,True,18.272506259434046,12,0.001171875
0000100110,14484,"[2, 3, 1, 0]",9600,237.08367347717285,False,18.272506259434046,12,0.001171875
0000100110,14485,"[2, 3, 1, 0]",9600,237.107515335083,True,18.272506259434046,12,0.001171875
0000100110,14486,"[2, 3, 1, 0]",9600,237.12706565856934,False,18.272506259434046,12,0.001171875
0000100110,14487,"[2, 3, 1, 0]",9600,237.14041709899902,True,18.272506259434046,12,0.001171875
0000100110,14488,"[2, 3, 1, 0]",9600,237.15806007385254,False,18.272506259434046,12,0.001171875
0000100110,14489,"[2, 3, 1, 0]",9600,237.17141151428223,True,18.272506259434046,12,0.001171875
0000100110,14490,"[2, 3, 1, 0]",9600,237.18857765197754,False,18.272506259434046,12,0.001171875
0000100110,14491,"[2, 3, 1, 0]",9600,237.20121383666992,True,18.272506259434046,12,0.001171875
0000100110,14492,"[2, 3, 1, 0]",9600,237.21837997436523,False,18.272506259434046,12,0.001171875
0000100110,14493,"[2, 3, 1, 0]",9600,237.23125457763672,True,18.272506259434046,12,0.001171875
0000100110,14494,"[2, 3, 1, 0]",9600,237.24842071533203,False,18.272506259434046,12,0.001171875
0000100110,14495,"[2, 3, 1, 0]",9600,237.26129531860352,True,18.272506259434046,12,0.001171875
0000100110,14496,"[2, 3, 1, 0]",9600,237.27869987487793,False,18.272506259434046,12,0.001171875
0000100110,14497,"[2, 3, 1, 0]",9600,237.2913360595703,True,18.272506259434046,12,0.001171875
0000100110,14498,"[2, 3, 1, 0]",9600,237.30897903442383,False,18.272506259434046,12,0.001171875
0000100110,14499,"[2, 3, 1, 0]",9600,237.3218536376953,True,18.272506259434046,12,0.001171875
0000100110,14500,"[2, 3, 1, 0]",9600,237.33949661254883,False,18.272506259434046,12,0.001171875
0000100110,14501,"[2, 3, 1, 0]",9600,237.3526096343994,True,18.272506259434046,12,0.001171875
0000100110,14502,"[2, 3, 1, 0]",9600,237.37192153930664,False,18.272506259434046,12,0.001171875
0000100110,14503,"[2, 3, 1, 0]",9600,237.38431930541992,True,18.272506259434046,12,0.001171875
0000100110,14504,"[2, 3, 1, 0]",9600,237.40196228027344,False,18.272506259434046,12,0.001171875
0000100110,14505,"[2, 3, 1, 0]",9600,237.41507530212402,True,18.272506259434046,12,0.001171875
0011010000,14506,"[1, 2, 3, 0]",9300,237.43247985839844,False,11.519320360211093,12,0.001171875
0011010000,14507,"[1, 0, 2, 3]",315,237.44654655456543,True,11.519320360211093,12,0.001171875
0011010000,14508,"[1, 2, 3, 0]",9300,237.46442794799805,False,11.519320360211093,12,0.001171875
0011010000,14509,"[1, 0, 2, 3]",315,237.47825622558594,True,11.519320360211093,12,0.001171875
0011010000,14510,"[1, 2, 3, 0]",9300,237.49589920043945,False,11.519320360211093,12,0.001171875
0011010000,14511,"[1, 0, 2, 3]",315,237.50948905944824,True,11.519320360211093,12,0.001171875
0011010000,14512,"[1, 2, 3, 0]",9300,237.52713203430176,False,11.519320360211093,12,0.001171875
0011010000,14513,"[1, 0, 2, 3]",315,237.54072189331055,True,11.519320360211093,12,0.001171875
0011010000,14514,"[1, 2, 3, 0]",9300,237.55812644958496,False,11.519320360211093,12,0.001171875
0011010000,14515,"[1, 0, 2, 3]",315,237.57171630859375,True,11.519320360211093,12,0.001171875
0011010000,14516,"[1, 2, 3, 0]",9300,237.58912086486816,False,11.519320360211093,12,0.001171875
0011010000,14517,"[1, 0, 2, 3]",315,237.60247230529785,True,11.519320360211093,12,0.001171875
0011010000,14518,"[1, 2, 3, 0]",9300,237.61963844299316,False,11.519320360211093,12,0.001171875
0011010000,14519,"[1, 0, 2, 3]",315,237.63298988342285,True,11.519320360211093,12,0.001171875
0011010000,14520,"[1, 2, 3, 0]",9300,237.65039443969727,False,11.519320360211093,12,0.001171875
0011010000,14521,"[1, 0, 2, 3]",315,237.66422271728516,True,11.519320360211093,12,0.001171875
0011010000,14522,"[1, 2, 3, 0]",9300,237.68353462219238,False,11.519320360211093,12,0.001171875
0011010000,14523,"[1, 0, 2, 3]",315,237.69712448120117,True,11.519320360211093,12,0.001171875
0011010000,14524,"[1, 2, 3, 0]",9300,237.7147674560547,False,11.519320360211093,12,0.001171875
0011010000,14525,"[1, 0, 2, 3]",315,237.72788047790527,True,11.519320360211093,12,0.001171875
0011010000,14526,"[1, 2, 3, 0]",9300,237.7452850341797,False,11.519320360211093,12,0.001171875
0011010000,14527,"[1, 0, 2, 3]",315,237.75839805603027,True,11.519320360211093,12,0.001171875
0011010000,14528,"[1, 2, 3, 0]",9300,237.7760410308838,False,11.519320360211093,12,0.001171875
0011010000,14529,"[1, 0, 2, 3]",315,237.78915405273438,True,11.519320360211093,12,0.001171875
1010000110,14530,"[1, 0, 3, 2]",465,237.8065586090088,False,15.565077850771768,12,0.001171875
1010000110,14531,"[1, 0, 3, 2]",465,237.81919479370117,True,15.565077850771768,12,0.001171875
1010000110,14532,"[1, 0, 3, 2]",465,237.8370761871338,False,15.565077850771768,12,0.001171875
1010000110,14533,"[1, 0, 3, 2]",465,237.85018920898438,True,15.565077850771768,12,0.001171875
1010000110,14534,"[1, 0, 3, 2]",465,237.8678321838379,False,15.565077850771768,12,0.001171875
1010000110,14535,"[1, 0, 3, 2]",465,237.88094520568848,True,15.565077850771768,12,0.001171875
1010000110,14536,"[1, 0, 3, 2]",465,237.9004955291748,False,15.565077850771768,12,0.001171875
1010000110,14537,"[1, 0, 3, 2]",465,237.9138469696045,True,15.565077850771768,12,0.001171875
1010000110,14538,"[1, 0, 3, 2]",465,237.931489944458,False,15.565077850771768,12,0.001171875
1010000110,14539,"[1, 0, 3, 2]",465,237.9446029663086,True,15.565077850771768,12,0.001171875
1010000110,14540,"[1, 0, 3, 2]",465,237.962007522583,False,15.565077850771768,12,0.001171875
1010000110,14541,"[1, 0, 3, 2]",465,237.9751205444336,True,15.565077850771768,12,0.001171875
1010000110,14542,"[1, 0, 3, 2]",465,237.992525100708,False,15.565077850771768,12,0.001171875
1010000110,14543,"[1, 0, 3, 2]",465,238.0058765411377,True,15.565077850771768,12,0.001171875
1010000110,14544,"[1, 0, 3, 2]",465,238.02518844604492,False,15.565077850771768,12,0.001171875
1010000110,14545,"[1, 0, 3, 2]",465,238.0385398864746,True,15.565077850771768,12,0.001171875
1010000110,14546,"[1, 0, 3, 2]",465,238.05594444274902,False,15.565077850771768,12,0.001171875
1010000110,14547,"[1, 0, 3, 2]",465,238.0688190460205,True,15.565077850771768,12,0.001171875
1010000110,14548,"[1, 0, 3, 2]",465,238.08646202087402,False,15.565077850771768,12,0.001171875
1010000110,14549,"[1, 0, 3, 2]",465,238.0995750427246,True,15.565077850771768,12,0.001171875
1010000110,14550,"[1, 0, 3, 2]",465,238.11721801757812,False,15.565077850771768,12,0.001171875
1010000110,14551,"[1, 0, 3, 2]",465,238.1300926208496,True,15.565077850771768,12,0.001171875
1010000110,14552,"[1, 0, 3, 2]",465,238.14797401428223,False,15.565077850771768,12,0.001171875
1010000110,14553,"[1, 0, 3, 2]",465,238.1610870361328,True,15.565077850771768,12,0.001171875
1001101111,14554,"[3, 2, 0, 1]",6600,238.17873001098633,False,22.45123598571159,12,0.001171875
1001101111,14555,"[3, 2, 0, 1]",6600,238.19231986999512,True,22.45123598571159,12,0.001171875
1001101111,14556,"[3, 2, 0, 1]",6600,238.21020126342773,False,22.45123598571159,12,0.001171875
1001101111,14557,"[3, 2, 0, 1]",6600,238.22355270385742,True,22.45123598571159,12,0.001171875
1001101111,14558,"[3, 2, 0, 1]",6600,238.24119567871094,False,22.45123598571159,12,0.001171875
1001101111,14559,"[3, 2, 0, 1]",6600,238.25454711914062,True,22.45123598571159,12,0.001171875
1001101111,14560,"[3, 2, 0, 1]",6600,238.27219009399414,False,22.45123598571159,12,0.001171875
1001101111,14561,"[3, 2, 0, 1]",6600,238.28530311584473,True,22.45123598571159,12,0.001171875
1001101111,14562,"[3, 2, 0, 1]",6600,238.30270767211914,False,22.45123598571159,12,0.001171875
1001101111,14563,"[3, 2, 0, 1]",6600,238.31605911254883,True,22.45123598571159,12,0.001171875
1001101111,14564,"[3, 2, 0, 1]",6600,238.33584785461426,False,22.45123598571159,12,0.001171875
1001101111,14565,"[3, 2, 0, 1]",6600,238.34919929504395,True,22.45123598571159,12,0.001171875
1001101111,14566,"[3, 2, 0, 1]",6600,238.36684226989746,False,22.45123598571159,12,0.001171875
1001101111,14567,"[3, 2, 0, 1]",6600,238.38019371032715,True,22.45123598571159,12,0.001171875
1001101111,14568,"[3, 2, 0, 1]",6600,238.39783668518066,False,22.45123598571159,12,0.001171875
1001101111,14569,"[3, 2, 0, 1]",6600,238.41118812561035,True,22.45123598571159,12,0.001171875
1001101111,14570,"[3, 2, 0, 1]",6600,238.42883110046387,False,22.45123598571159,12,0.001171875
1001101111,14571,"[3, 2, 0, 1]",6600,238.44218254089355,True,22.45123598571159,12,0.001171875
1001101111,14572,"[3, 2, 0, 1]",6600,238.45958709716797,False,22.45123598571159,12,0.001171875
1001101111,14573,"[3, 2, 0, 1]",6600,238.47270011901855,True,22.45123598571159,12,0.001171875
1001101111,14574,"[3, 2, 0, 1]",6600,238.49010467529297,False,22.45123598571159,12,0.001171875
1001101111,14575,"[3, 2, 0, 1]",6600,238.50274085998535,True,22.45123598571159,12,0.001171875
1001101111,14576,"[3, 2, 0, 1]",6600,238.52038383483887,False,22.45123598571159,12,0.001171875
1001101111,14577,"[3, 2, 0, 1]",6600,238.53325843811035,True,22.45123598571159,12,0.001171875
1010001010,14578,"[3, 1, 0, 2]",900,238.55113983154297,False,33.03953664325408,12,0.001171875
1010001010,14579,"[3, 1, 0, 2]",900,238.56472969055176,True,33.03953664325408,12,0.001171875
1010001010,14580,"[3, 1, 0, 2]",900,238.58237266540527,False,33.03953664325408,12,0.001171875
1010001010,14581,"[3, 1, 0, 2]",900,238.59572410583496,True,33.03953664325408,12,0.001171875
1010001010,14582,"[3, 1, 0, 2]",900,238.61360549926758,False,33.03953664325408,12,0.001171875
1010001010,14583,"[3, 1, 0, 2]",900,238.62671852111816,True,33.03953664325408,12,0.001171875
1010001010,14584,"[3, 1, 0, 2]",900,238.6467456817627,False,33.03953664325408,12,0.001171875
1010001010,14585,"[3, 1, 0, 2]",900,238.66033554077148,True,33.03953664325408,12,0.001171875
1010001010,14586,"[3, 1, 0, 2]",900,238.6798858642578,False,33.03953664325408,12,0.001171875
1010001010,14587,"[3, 1, 0, 2]",900,238.6932373046875,True,33.03953664325408,12,0.001171875
1010001010,14588,"[3, 1, 0, 2]",900,238.71111869812012,False,33.03953664325408,12,0.001171875
1010001010,14589,"[3, 1, 0, 2]",900,238.7244701385498,True,33.03953664325408,12,0.001171875
1010001010,14590,"[3, 1, 0, 2]",900,238.74187469482422,False,33.03953664325408,12,0.001171875
1010001010,14591,"[3, 1, 0, 2]",900,238.7557029724121,True,33.03953664325408,12,0.001171875
1010001010,14592,"[3, 1, 0, 2]",900,238.77334594726562,False,33.03953664325408,12,0.001171875
1010001010,14593,"[3, 1, 0, 2]",900,238.78717422485352,True,33.03953664325408,12,0.001171875
1010001010,14594,"[3, 1, 0, 2]",900,238.82055282592773,False,33.03953664325408,12,0.001171875
1010001010,14595,"[3, 1, 0, 2]",900,238.83509635925293,True,33.03953664325408,12,0.001171875
1010001010,14596,"[3, 1, 0, 2]",900,238.85345458984375,False,33.03953664325408,12,0.001171875
1010001010,14597,"[3, 1, 0, 2]",900,238.86775970458984,True,33.03953664325408,12,0.001171875
1010001010,14598,"[3, 1, 0, 2]",900,238.88659477233887,False,33.03953664325408,12,0.001171875
1010001010,14599,"[3, 1, 0, 2]",900,238.90042304992676,True,33.03953664325408,12,0.001171875
1010001010,14600,"[3, 1, 0, 2]",900,238.9214038848877,False,33.03953664325408,12,0.001171875
1010001010,14601,"[3, 1, 0, 2]",900,238.9352321624756,True,33.03953664325408,12,0.001171875
1000100110,14602,"[2, 0, 3, 1]",6200,238.9535903930664,False,17.87456625076201,12,0.001171875
1000100110,14603,"[2, 0, 1, 3]",500,238.9676570892334,True,17.87456625076201,12,0.001171875
1000100110,14604,"[2, 0, 3, 1]",6200,238.98673057556152,False,17.87456625076201,12,0.001171875
1000100110,14605,"[2, 0, 1, 3]",500,239.00222778320312,True,17.87456625076201,12,0.001171875
1000100110,14606,"[2, 0, 3, 1]",6200,239.02297019958496,False,17.87456625076201,12,0.001171875
1000100110,14607,"[2, 0, 1, 3]",500,239.03679847717285,True,17.87456625076201,12,0.001171875
1000100110,14608,"[2, 0, 3, 1]",6200,239.05587196350098,False,17.87456625076201,12,0.001171875
1000100110,14609,"[2, 0, 1, 3]",500,239.06970024108887,True,17.87456625076201,12,0.001171875
1000100110,14610,"[2, 0, 3, 1]",6200,239.0882968902588,False,17.87456625076201,12,0.001171875
1000100110,14611,"[2, 0, 1, 3]",500,239.10188674926758,True,17.87456625076201,12,0.001171875
1000100110,14612,"[2, 0, 3, 1]",6200,239.1207218170166,False,17.87456625076201,12,0.001171875
1000100110,14613,"[2, 0, 1, 3]",500,239.1343116760254,True,17.87456625076201,12,0.001171875
1000100110,14614,"[2, 0, 3, 1]",6200,239.1531467437744,False,17.87456625076201,12,0.001171875
1000100110,14615,"[2, 0, 1, 3]",500,239.1669750213623,True,17.87456625076201,12,0.001171875
1000100110,14616,"[2, 0, 3, 1]",6200,239.18581008911133,False,17.87456625076201,12,0.001171875
1000100110,14617,"[2, 0, 1, 3]",500,239.19939994812012,True,17.87456625076201,12,0.001171875
1000100110,14618,"[2, 0, 3, 1]",6200,239.21799659729004,False,17.87456625076201,12,0.001171875
1000100110,14619,"[2, 0, 1, 3]",500,239.23206329345703,True,17.87456625076201,12,0.001171875
1000100110,14620,"[2, 0, 3, 1]",6200,239.25089836120605,False,17.87456625076201,12,0.001171875
1000100110,14621,"[2, 0, 1, 3]",500,239.26496505737305,True,17.87456625076201,12,0.001171875
1000100110,14622,"[2, 0, 3, 1]",6200,239.28332328796387,False,17.87456625076201,12,0.001171875
1000100110,14623,"[2, 0, 1, 3]",500,239.29691314697266,True,17.87456625076201,12,0.001171875
1000100110,14624,"[2, 0, 3, 1]",6200,239.31527137756348,False,17.87456625076201,12,0.001171875
1000100110,14625,"[2, 0, 1, 3]",500,239.32886123657227,True,17.87456625076201,12,0.001171875
1001000000,14626,"[0, 1, 3, 2]",465,239.3476963043213,False,14.383190649627178,12,0.001171875
1001000000,14627,"[0, 1, 3, 2]",465,239.36176300048828,True,14.383190649627178,12,0.001171875
1001000000,14628,"[0, 1, 3, 2]",465,239.3820285797119,False,14.383190649627178,12,0.001171875
1001000000,14629,"[0, 1, 3, 2]",465,239.3958568572998,True,14.383190649627178,12,0.001171875
1001000000,14630,"[0, 1, 3, 2]",465,239.41445350646973,False,14.383190649627178,12,0.001171875
1001000000,14631,"[0, 1, 3, 2]",465,239.4278049468994,True,14.383190649627178,12,0.001171875
1001000000,14632,"[0, 1, 3, 2]",465,239.44640159606934,False,14.383190649627178,12,0.001171875
1001000000,14633,"[0, 1, 3, 2]",465,239.45975303649902,True,14.383190649627178,12,0.001171875
1001000000,14634,"[0, 1, 3, 2]",465,239.47834968566895,False,14.383190649627178,12,0.001171875
1001000000,14635,"[0, 1, 3, 2]",465,239.49217796325684,True,14.383190649627178,12,0.001171875
1001000000,14636,"[0, 1, 3, 2]",465,239.51244354248047,False,14.383190649627178,12,0.001171875
1001000000,14637,"[0, 1, 3, 2]",465,239.52579498291016,True,14.383190649627178,12,0.001171875
1001000000,14638,"[0, 1, 3, 2]",465,239.54415321350098,False,14.383190649627178,12,0.001171875
1001000000,14639,"[0, 1, 3, 2]",465,239.55750465393066,True,14.383190649627178,12,0.001171875
1001000000,14640,"[0, 1, 3, 2]",465,239.57538604736328,False,14.383190649627178,12,0.001171875
1001000000,14641,"[0, 1, 3, 2]",465,239.58849906921387,True,14.383190649627178,12,0.001171875
1001000000,14642,"[0, 1, 3, 2]",465,239.6066188812256,False,14.383190649627178,12,0.001171875
1001000000,14643,"[0, 1, 3, 2]",465,239.61997032165527,True,14.383190649627178,12,0.001171875
1001000000,14644,"[0, 1, 3, 2]",465,239.638090133667,False,14.383190649627178,12,0.001171875
1001000000,14645,"[0, 1, 3, 2]",465,239.65167999267578,True,14.383190649627178,12,0.001171875
1001000000,14646,"[0, 1, 3, 2]",465,239.6695613861084,False,14.383190649627178,12,0.001171875
1001000000,14647,"[0, 1, 3, 2]",465,239.6838665008545,True,14.383190649627178,12,0.001171875
1001000000,14648,"[0, 1, 3, 2]",465,239.70413208007812,False,14.383190649627178,12,0.001171875
1001000000,14649,"[0, 1, 3, 2]",465,239.7174835205078,True,14.383190649627178,12,0.001171875
0001101110,14650,"[3, 2, 1, 0]",9600,239.73608016967773,False,18.20135851249499,12,0.001171875
0001101110,14651,"[3, 2, 1, 0]",9600,239.75014686584473,True,18.20135851249499,12,0.001171875
0001101110,14652,"[3, 2, 1, 0]",9600,239.76874351501465,False,18.20135851249499,12,0.001171875
0001101110,14653,"[3, 2, 1, 0]",9600,239.78257179260254,True,18.20135851249499,12,0.001171875
0001101110,14654,"[3, 2, 1, 0]",9600,239.80069160461426,False,18.20135851249499,12,0.001171875
0001101110,14655,"[3, 2, 1, 0]",9600,239.81428146362305,True,18.20135851249499,12,0.001171875
0001101110,14656,"[3, 2, 1, 0]",9600,239.83263969421387,False,18.20135851249499,12,0.001171875
0001101110,14657,"[3, 2, 1, 0]",9600,239.84980583190918,True,18.20135851249499,12,0.001171875
0001101110,14658,"[3, 2, 1, 0]",9600,239.8691177368164,False,18.20135851249499,12,0.001171875
0001101110,14659,"[3, 2, 1, 0]",9600,239.8824691772461,True,18.20135851249499,12,0.001171875
0001101110,14660,"[3, 2, 1, 0]",9600,239.90106582641602,False,18.20135851249499,12,0.001171875
0001101110,14661,"[3, 2, 1, 0]",9600,239.9144172668457,True,18.20135851249499,12,0.001171875
0001101110,14662,"[3, 2, 1, 0]",9600,239.93277549743652,False,18.20135851249499,12,0.001171875
0001101110,14663,"[3, 2, 1, 0]",9600,239.9458885192871,True,18.20135851249499,12,0.001171875
0001101110,14664,"[3, 2, 1, 0]",9600,239.96424674987793,False,18.20135851249499,12,0.001171875
0001101110,14665,"[3, 2, 1, 0]",9600,239.97735977172852,True,18.20135851249499,12,0.001171875
0001101110,14666,"[3, 2, 1, 0]",9600,239.99524116516113,False,18.20135851249499,12,0.001171875
0001101110,14667,"[3, 2, 1, 0]",9600,240.00859260559082,True,18.20135851249499,12,0.001171875
0001101110,14668,"[3, 2, 1, 0]",9600,240.02695083618164,False,18.20135851249499,12,0.001171875
0001101110,14669,"[3, 2, 1, 0]",9600,240.0503158569336,True,18.20135851249499,12,0.001171875
0001101110,14670,"[3, 2, 1, 0]",9600,240.06962776184082,False,18.20135851249499,12,0.001171875
0001101110,14671,"[3, 2, 1, 0]",9600,240.0825023651123,True,18.20135851249499,12,0.001171875
0001101110,14672,"[3, 2, 1, 0]",9600,240.09990692138672,False,18.20135851249499,12,0.001171875
0001101110,14673,"[3, 2, 1, 0]",9600,240.1130199432373,True,18.20135851249499,12,0.001171875
1110111000,14674,"[2, 0, 3, 1]",6200,240.13090133666992,False,43.83925788328105,12,0.001171875
1110111000,14675,"[2, 0, 1, 3]",500,240.1447296142578,True,43.83925788328105,12,0.001171875
1110111000,14676,"[2, 0, 3, 1]",6200,240.16237258911133,False,43.83925788328105,12,0.001171875
1110111000,14677,"[2, 0, 1, 3]",500,240.17572402954102,True,43.83925788328105,12,0.001171875
1110111000,14678,"[2, 0, 3, 1]",6200,240.19336700439453,False,43.83925788328105,12,0.001171875
1110111000,14679,"[2, 0, 1, 3]",500,240.20671844482422,True,43.83925788328105,12,0.001171875
1110111000,14680,"[2, 0, 3, 1]",6200,240.22436141967773,False,43.83925788328105,12,0.001171875
1110111000,14681,"[2, 0, 1, 3]",500,240.23723602294922,True,43.83925788328105,12,0.001171875
1110111000,14682,"[2, 0, 3, 1]",6200,240.25511741638184,False,43.83925788328105,12,0.001171875
1110111000,14683,"[2, 0, 1, 3]",500,240.26823043823242,True,43.83925788328105,12,0.001171875
1110111000,14684,"[2, 0, 3, 1]",6200,240.28635025024414,False,43.83925788328105,12,0.001171875
1110111000,14685,"[2, 0, 1, 3]",500,240.29970169067383,True,43.83925788328105,12,0.001171875
1110111000,14686,"[2, 0, 3, 1]",6200,240.31925201416016,False,43.83925788328105,12,0.001171875
1110111000,14687,"[2, 0, 1, 3]",500,240.33236503601074,True,43.83925788328105,12,0.001171875
1110111000,14688,"[2, 0, 3, 1]",6200,240.35000801086426,False,43.83925788328105,12,0.001171875
1110111000,14689,"[2, 0, 1, 3]",500,240.36312103271484,True,43.83925788328105,12,0.001171875
1110111000,14690,"[2, 0, 3, 1]",6200,240.38243293762207,False,43.83925788328105,12,0.001171875
1110111000,14691,"[2, 0, 1, 3]",500,240.39554595947266,True,43.83925788328105,12,0.001171875
1110111000,14692,"[2, 0, 3, 1]",6200,240.41318893432617,False,43.83925788328105,12,0.001171875
1110111000,14693,"[2, 0, 1, 3]",500,240.42582511901855,True,43.83925788328105,12,0.001171875
1110111000,14694,"[2, 0, 3, 1]",6200,240.44370651245117,False,43.83925788328105,12,0.001171875
1110111000,14695,"[2, 0, 1, 3]",500,240.45681953430176,True,43.83925788328105,12,0.001171875
1110111000,14696,"[2, 0, 3, 1]",6200,240.47422409057617,False,43.83925788328105,12,0.001171875
1110111000,14697,"[2, 0, 1, 3]",500,240.48757553100586,True,43.83925788328105,12,0.001171875
1000110001,14698,"[2, 0, 3, 1]",6200,240.50521850585938,False,19.38535809923484,12,0.001171875
1000110001,14699,"[2, 0, 1, 3]",500,240.51856994628906,True,19.38535809923484,12,0.001171875
1000110001,14700,"[2, 0, 3, 1]",6200,240.53645133972168,False,19.38535809923484,12,0.001171875
1000110001,14701,"[2, 0, 1, 3]",500,240.54956436157227,True,19.38535809923484,12,0.001171875
1000110001,14702,"[2, 0, 3, 1]",6200,240.56744575500488,False,19.38535809923484,12,0.001171875
1000110001,14703,"[2, 0, 1, 3]",500,240.58055877685547,True,19.38535809923484,12,0.001171875
1000110001,14704,"[2, 0, 3, 1]",6200,240.59796333312988,False,19.38535809923484,12,0.001171875
1000110001,14705,"[2, 0, 1, 3]",500,240.61107635498047,True,19.38535809923484,12,0.001171875
1000110001,14706,"[2, 0, 3, 1]",6200,240.62871932983398,False,19.38535809923484,12,0.001171875
1000110001,14707,"[2, 0, 1, 3]",500,240.64135551452637,True,19.38535809923484,12,0.001171875
1000110001,14708,"[2, 0, 3, 1]",6200,240.65899848937988,False,19.38535809923484,12,0.001171875
1000110001,14709,"[2, 0, 1, 3]",500,240.67187309265137,True,19.38535809923484,12,0.001171875
1000110001,14710,"[2, 0, 3, 1]",6200,240.68975448608398,False,19.38535809923484,12,0.001171875
1000110001,14711,"[2, 0, 1, 3]",500,240.70262908935547,True,19.38535809923484,12,0.001171875
1000110001,14712,"[2, 0, 3, 1]",6200,240.7236099243164,False,19.38535809923484,12,0.001171875
1000110001,14713,"[2, 0, 1, 3]",500,240.736722946167,True,19.38535809923484,12,0.001171875
1000110001,14714,"[2, 0, 3, 1]",6200,240.7546043395996,False,19.38535809923484,12,0.001171875
1000110001,14715,"[2, 0, 1, 3]",500,240.7674789428711,True,19.38535809923484,12,0.001171875
1000110001,14716,"[2, 0, 3, 1]",6200,240.7853603363037,False,19.38535809923484,12,0.001171875
1000110001,14717,"[2, 0, 1, 3]",500,240.7982349395752,True,19.38535809923484,12,0.001171875
1000110001,14718,"[2, 0, 3, 1]",6200,240.8158779144287,False,19.38535809923484,12,0.001171875
1000110001,14719,"[2, 0, 1, 3]",500,240.8285140991211,True,19.38535809923484,12,0.001171875
1000110001,14720,"[2, 0, 3, 1]",6200,240.8463954925537,False,19.38535809923484,12,0.001171875
1000110001,14721,"[2, 0, 1, 3]",500,240.8595085144043,True,19.38535809923484,12,0.001171875
1000100000,14722,"[2, 0, 3, 1]",6200,240.8771514892578,False,27.29473904094538,11,0.00107421875
1000100000,14723,"[2, 0, 1, 3]",500,240.8902645111084,True,27.29473904094538,11,0.00107421875
1000100000,14724,"[2, 0, 3, 1]",6200,240.90814590454102,False,27.29473904094538,11,0.00107421875
1000100000,14725,"[2, 0, 1, 3]",500,240.9214973449707,True,27.29473904094538,11,0.00107421875
1000100000,14726,"[2, 0, 3, 1]",6200,240.93914031982422,False,27.29473904094538,11,0.00107421875
1000100000,14727,"[2, 0, 1, 3]",500,240.9524917602539,True,27.29473904094538,11,0.00107421875
1000100000,14728,"[2, 0, 3, 1]",6200,240.97013473510742,False,27.29473904094538,11,0.00107421875
1000100000,14729,"[2, 0, 1, 3]",500,240.9837245941162,True,27.29473904094538,11,0.00107421875
1000100000,14730,"[2, 0, 3, 1]",6200,241.00136756896973,False,27.29473904094538,11,0.00107421875
1000100000,14731,"[2, 0, 1, 3]",500,241.01519584655762,True,27.29473904094538,11,0.00107421875
1000100000,14732,"[2, 0, 3, 1]",6200,241.03474617004395,False,27.29473904094538,11,0.00107421875
1000100000,14733,"[2, 0, 1, 3]",500,241.04762077331543,True,27.29473904094538,11,0.00107421875
1000100000,14734,"[2, 0, 3, 1]",6200,241.06574058532715,False,27.29473904094538,11,0.00107421875
1000100000,14735,"[2, 0, 1, 3]",500,241.10150337219238,True,27.29473904094538,11,0.00107421875
1000100000,14736,"[2, 0, 3, 1]",6200,241.1203384399414,False,27.29473904094538,11,0.00107421875
1000100000,14737,"[2, 0, 1, 3]",500,241.1336898803711,True,27.29473904094538,11,0.00107421875
1000100000,14738,"[2, 0, 3, 1]",6200,241.15371704101562,False,27.29473904094538,11,0.00107421875
1000100000,14739,"[2, 0, 1, 3]",500,241.1670684814453,True,27.29473904094538,11,0.00107421875
1000100000,14740,"[2, 0, 3, 1]",6200,241.18494987487793,False,27.29473904094538,11,0.00107421875
1000100000,14741,"[2, 0, 1, 3]",500,241.19806289672852,True,27.29473904094538,11,0.00107421875
1000100000,14742,"[2, 0, 3, 1]",6200,241.21594429016113,False,27.29473904094538,11,0.00107421875
1000100000,14743,"[2, 0, 1, 3]",500,241.22905731201172,True,27.29473904094538,11,0.00107421875
1101010100,14744,"[0, 3, 2, 1]",6300,241.24693870544434,False,29.544518842335663,11,0.00107421875
1101010100,14745,"[0, 1, 3, 2]",465,241.26052856445312,True,29.544518842335663,11,0.00107421875
1101010100,14746,"[0, 3, 2, 1]",6300,241.27817153930664,False,29.544518842335663,11,0.00107421875
1101010100,14747,"[0, 1, 3, 2]",465,241.29128456115723,True,29.544518842335663,11,0.00107421875
1101010100,14748,"[0, 3, 2, 1]",6300,241.30892753601074,False,29.544518842335663,11,0.00107421875
1101010100,14749,"[0, 1, 3, 2]",465,241.32180213928223,True,29.544518842335663,11,0.00107421875
1101010100,14750,"[0, 3, 2, 1]",6300,241.33920669555664,False,29.544518842335663,11,0.00107421875
1101010100,14751,"[0, 1, 3, 2]",465,241.35255813598633,True,29.544518842335663,11,0.00107421875
1101010100,14752,"[0, 3, 2, 1]",6300,241.37020111083984,False,29.544518842335663,11,0.00107421875
1101010100,14753,"[0, 1, 3, 2]",465,241.38379096984863,True,29.544518842335663,11,0.00107421875
1101010100,14754,"[0, 3, 2, 1]",6300,241.40310287475586,False,29.544518842335663,11,0.00107421875
1101010100,14755,"[0, 1, 3, 2]",465,241.41645431518555,True,29.544518842335663,11,0.00107421875
1101010100,14756,"[0, 3, 2, 1]",6300,241.43409729003906,False,29.544518842335663,11,0.00107421875
1101010100,14757,"[0, 1, 3, 2]",465,241.44697189331055,True,29.544518842335663,11,0.00107421875
1101010100,14758,"[0, 3, 2, 1]",6300,241.46437644958496,False,29.544518842335663,11,0.00107421875
1101010100,14759,"[0, 1, 3, 2]",465,241.47772789001465,True,29.544518842335663,11,0.00107421875
1101010100,14760,"[0, 3, 2, 1]",6300,241.49537086486816,False,29.544518842335663,11,0.00107421875
1101010100,14761,"[0, 1, 3, 2]",465,241.50848388671875,True,29.544518842335663,11,0.00107421875
1101010100,14762,"[0, 3, 2, 1]",6300,241.52565002441406,False,29.544518842335663,11,0.00107421875
1101010100,14763,"[0, 1, 3, 2]",465,241.53947830200195,True,29.544518842335663,11,0.00107421875
1101010100,14764,"[0, 3, 2, 1]",6300,241.55688285827637,False,29.544518842335663,11,0.00107421875
1101010100,14765,"[0, 1, 3, 2]",465,241.57071113586426,True,29.544518842335663,11,0.00107421875
0101110000,14766,"[2, 1, 0, 3]",600,241.58859252929688,False,15.783051269640659,11,0.00107421875
0101110000,14767,"[2, 1, 0, 3]",600,241.60289764404297,True,15.783051269640659,11,0.00107421875
0101110000,14768,"[2, 1, 0, 3]",600,241.6224479675293,False,15.783051269640659,11,0.00107421875
0101110000,14769,"[2, 1, 0, 3]",600,241.6360378265381,True,15.783051269640659,11,0.00107421875
0101110000,14770,"[2, 1, 0, 3]",600,241.6536808013916,False,15.783051269640659,11,0.00107421875
0101110000,14771,"[2, 1, 0, 3]",600,241.6667938232422,True,15.783051269640659,11,0.00107421875
0101110000,14772,"[2, 1, 0, 3]",600,241.6846752166748,False,15.783051269640659,11,0.00107421875
0101110000,14773,"[2, 1, 0, 3]",600,241.6977882385254,True,15.783051269640659,11,0.00107421875
0101110000,14774,"[2, 1, 0, 3]",600,241.71733856201172,False,15.783051269640659,11,0.00107421875
0101110000,14775,"[2, 1, 0, 3]",600,241.7304515838623,True,15.783051269640659,11,0.00107421875
0101110000,14776,"[2, 1, 0, 3]",600,241.74809455871582,False,15.783051269640659,11,0.00107421875
0101110000,14777,"[2, 1, 0, 3]",600,241.7609691619873,True,15.783051269640659,11,0.00107421875
0101110000,14778,"[2, 1, 0, 3]",600,241.77861213684082,False,15.783051269640659,11,0.00107421875
0101110000,14779,"[2, 1, 0, 3]",600,241.7914867401123,True,15.783051269640659,11,0.00107421875
0101110000,14780,"[2, 1, 0, 3]",600,241.80912971496582,False,15.783051269640659,11,0.00107421875
0101110000,14781,"[2, 1, 0, 3]",600,241.8224811553955,True,15.783051269640659,11,0.00107421875
0101110000,14782,"[2, 1, 0, 3]",600,241.84036254882812,False,15.783051269640659,11,0.00107421875
0101110000,14783,"[2, 1, 0, 3]",600,241.8532371520996,True,15.783051269640659,11,0.00107421875
0101110000,14784,"[2, 1, 0, 3]",600,241.87111854553223,False,15.783051269640659,11,0.00107421875
0101110000,14785,"[2, 1, 0, 3]",600,241.8844699859619,True,15.783051269640659,11,0.00107421875
0101110000,14786,"[2, 1, 0, 3]",600,241.90282821655273,False,15.783051269640659,11,0.00107421875
0101110000,14787,"[2, 1, 0, 3]",600,241.91617965698242,True,15.783051269640659,11,0.00107421875
0011001101,14788,"[3, 1, 2, 0]",9450,241.93620681762695,False,13.772648258957467,11,0.00107421875
0011001101,14789,"[3, 1, 0, 2]",900,241.94979667663574,True,13.772648258957467,11,0.00107421875
0011001101,14790,"[3, 1, 2, 0]",9450,241.96743965148926,False,13.772648258957467,11,0.00107421875
0011001101,14791,"[3, 1, 0, 2]",900,241.98079109191895,True,13.772648258957467,11,0.00107421875
0011001101,14792,"[3, 1, 2, 0]",9450,241.99867248535156,False,13.772648258957467,11,0.00107421875
0011001101,14793,"[3, 1, 0, 2]",900,242.01202392578125,True,13.772648258957467,11,0.00107421875
0011001101,14794,"[3, 1, 2, 0]",9450,242.03014373779297,False,13.772648258957467,11,0.00107421875
0011001101,14795,"[3, 1, 0, 2]",900,242.04349517822266,True,13.772648258957467,11,0.00107421875
0011001101,14796,"[3, 1, 2, 0]",9450,242.06304550170898,False,13.772648258957467,11,0.00107421875
0011001101,14797,"[3, 1, 0, 2]",900,242.07639694213867,True,13.772648258957467,11,0.00107421875
0011001101,14798,"[3, 1, 2, 0]",9450,242.0942783355713,False,13.772648258957467,11,0.00107421875
0011001101,14799,"[3, 1, 0, 2]",900,242.10762977600098,True,13.772648258957467,11,0.00107421875
0011001101,14800,"[3, 1, 2, 0]",9450,242.1257495880127,False,13.772648258957467,11,0.00107421875
0011001101,14801,"[3, 1, 0, 2]",900,242.13886260986328,True,13.772648258957467,11,0.00107421875
0011001101,14802,"[3, 1, 2, 0]",9450,242.1567440032959,False,13.772648258957467,11,0.00107421875
0011001101,14803,"[3, 1, 0, 2]",900,242.1700954437256,True,13.772648258957467,11,0.00107421875
0011001101,14804,"[3, 1, 2, 0]",9450,242.1877384185791,False,13.772648258957467,11,0.00107421875
0011001101,14805,"[3, 1, 0, 2]",900,242.2010898590088,True,13.772648258957467,11,0.00107421875
0011001101,14806,"[3, 1, 2, 0]",9450,242.2184944152832,False,13.772648258957467,11,0.00107421875
0011001101,14807,"[3, 1, 0, 2]",900,242.2316074371338,True,13.772648258957467,11,0.00107421875
0011001101,14808,"[3, 1, 2, 0]",9450,242.2494888305664,False,13.772648258957467,11,0.00107421875
0011001101,14809,"[3, 1, 0, 2]",900,242.262601852417,True,13.772648258957467,11,0.00107421875
1100011100,14810,"[3, 0, 2, 1]",6300,242.2807216644287,False,20.4105565813594,11,0.00107421875
1100011100,14811,"[3, 0, 1, 2]",750,242.2945499420166,True,20.4105565813594,11,0.00107421875
1100011100,14812,"[3, 0, 2, 1]",6300,242.31266975402832,False,20.4105565813594,11,0.00107421875
1100011100,14813,"[3, 0, 1, 2]",750,242.326021194458,True,20.4105565813594,11,0.00107421875
1100011100,14814,"[3, 0, 2, 1]",6300,242.34366416931152,False,20.4105565813594,11,0.00107421875
1100011100,14815,"[3, 0, 1, 2]",750,242.3572540283203,True,20.4105565813594,11,0.00107421875
1100011100,14816,"[3, 0, 2, 1]",6300,242.37656593322754,False,20.4105565813594,11,0.00107421875
1100011100,14817,"[3, 0, 1, 2]",750,242.38991737365723,True,20.4105565813594,11,0.00107421875
1100011100,14818,"[3, 0, 2, 1]",6300,242.40732192993164,False,20.4105565813594,11,0.00107421875
1100011100,14819,"[3, 0, 1, 2]",750,242.42043495178223,True,20.4105565813594,11,0.00107421875
1100011100,14820,"[3, 0, 2, 1]",6300,242.43807792663574,False,20.4105565813594,11,0.00107421875
1100011100,14821,"[3, 0, 1, 2]",750,242.45119094848633,True,20.4105565813594,11,0.00107421875
1100011100,14822,"[3, 0, 2, 1]",6300,242.46907234191895,False,20.4105565813594,11,0.00107421875
1100011100,14823,"[3, 0, 1, 2]",750,242.48242378234863,True,20.4105565813594,11,0.00107421875
1100011100,14824,"[3, 0, 2, 1]",6300,242.50006675720215,False,20.4105565813594,11,0.00107421875
1100011100,14825,"[3, 0, 1, 2]",750,242.51317977905273,True,20.4105565813594,11,0.00107421875
1100011100,14826,"[3, 0, 2, 1]",6300,242.53058433532715,False,20.4105565813594,11,0.00107421875
1100011100,14827,"[3, 0, 1, 2]",750,242.54345893859863,True,20.4105565813594,11,0.00107421875
1100011100,14828,"[3, 0, 2, 1]",6300,242.56110191345215,False,20.4105565813594,11,0.00107421875
1100011100,14829,"[3, 0, 1, 2]",750,242.57421493530273,True,20.4105565813594,11,0.00107421875
1100011100,14830,"[3, 0, 2, 1]",6300,242.59161949157715,False,20.4105565813594,11,0.00107421875
1100011100,14831,"[3, 0, 1, 2]",750,242.60449409484863,True,20.4105565813594,11,0.00107421875
0010101001,14832,"[3, 2, 1, 0]",9600,242.62237548828125,False,46.63603382345701,11,0.00107421875
0010101001,14833,"[3, 2, 1, 0]",9600,242.63572692871094,True,46.63603382345701,11,0.00107421875
0010101001,14834,"[3, 2, 1, 0]",9600,242.65360832214355,False,46.63603382345701,11,0.00107421875
0010101001,14835,"[3, 2, 1, 0]",9600,242.66695976257324,True,46.63603382345701,11,0.00107421875
0010101001,14836,"[3, 2, 1, 0]",9600,242.68627166748047,False,46.63603382345701,11,0.00107421875
0010101001,14837,"[3, 2, 1, 0]",9600,242.70033836364746,True,46.63603382345701,11,0.00107421875
0010101001,14838,"[3, 2, 1, 0]",9600,242.7198886871338,False,46.63603382345701,11,0.00107421875
0010101001,14839,"[3, 2, 1, 0]",9600,242.73347854614258,True,46.63603382345701,11,0.00107421875
0010101001,14840,"[3, 2, 1, 0]",9600,242.7511215209961,False,46.63603382345701,11,0.00107421875
0010101001,14841,"[3, 2, 1, 0]",9600,242.76423454284668,True,46.63603382345701,11,0.00107421875
0010101001,14842,"[3, 2, 1, 0]",9600,242.7816390991211,False,46.63603382345701,11,0.00107421875
0010101001,14843,"[3, 2, 1, 0]",9600,242.79475212097168,True,46.63603382345701,11,0.00107421875
0010101001,14844,"[3, 2, 1, 0]",9600,242.8121566772461,False,46.63603382345701,11,0.00107421875
0010101001,14845,"[3, 2, 1, 0]",9600,242.82479286193848,True,46.63603382345701,11,0.00107421875
0010101001,14846,"[3, 2, 1, 0]",9600,242.842435836792,False,46.63603382345701,11,0.00107421875
0010101001,14847,"[3, 2, 1, 0]",9600,242.85531044006348,True,46.63603382345701,11,0.00107421875
0010101001,14848,"[3, 2, 1, 0]",9600,242.872953414917,False,46.63603382345701,11,0.00107421875
0010101001,14849,"[3, 2, 1, 0]",9600,242.88558959960938,True,46.63603382345701,11,0.00107421875
0010101001,14850,"[3, 2, 1, 0]",9600,242.9032325744629,False,46.63603382345701,11,0.00107421875
0010101001,14851,"[3, 2, 1, 0]",9600,242.91563034057617,True,46.63603382345701,11,0.00107421875
0010101001,14852,"[3, 2, 1, 0]",9600,242.9337501525879,False,46.63603382345701,11,0.00107421875
0010101001,14853,"[3, 2, 1, 0]",9600,242.94614791870117,True,46.63603382345701,11,0.00107421875
1001101011,14854,"[3, 2, 0, 1]",6600,242.9637908935547,False,27.749132501524016,11,0.00107421875
1001101011,14855,"[3, 2, 0, 1]",6600,242.97666549682617,True,27.749132501524016,11,0.00107421875
1001101011,14856,"[3, 2, 0, 1]",6600,242.9943084716797,False,27.749132501524016,11,0.00107421875
1001101011,14857,"[3, 2, 0, 1]",6600,243.00742149353027,True,27.749132501524016,11,0.00107421875
1001101011,14858,"[3, 2, 0, 1]",6600,243.0262565612793,False,27.749132501524016,11,0.00107421875
1001101011,14859,"[3, 2, 0, 1]",6600,243.03936958312988,True,27.749132501524016,11,0.00107421875
1001101011,14860,"[3, 2, 0, 1]",6600,243.0570125579834,False,27.749132501524016,11,0.00107421875
1001101011,14861,"[3, 2, 0, 1]",6600,243.07012557983398,True,27.749132501524016,11,0.00107421875
1001101011,14862,"[3, 2, 0, 1]",6600,243.0880069732666,False,27.749132501524016,11,0.00107421875
1001101011,14863,"[3, 2, 0, 1]",6600,243.1011199951172,True,27.749132501524016,11,0.00107421875
1001101011,14864,"[3, 2, 0, 1]",6600,243.1187629699707,False,27.749132501524016,11,0.00107421875
1001101011,14865,"[3, 2, 0, 1]",6600,243.1316375732422,True,27.749132501524016,11,0.00107421875
1001101011,14866,"[3, 2, 0, 1]",6600,243.1488037109375,False,27.749132501524016,11,0.00107421875
1001101011,14867,"[3, 2, 0, 1]",6600,243.16143989562988,True,27.749132501524016,11,0.00107421875
1001101011,14868,"[3, 2, 0, 1]",6600,243.1788444519043,False,27.749132501524016,11,0.00107421875
1001101011,14869,"[3, 2, 0, 1]",6600,243.19148063659668,True,27.749132501524016,11,0.00107421875
1001101011,14870,"[3, 2, 0, 1]",6600,243.208646774292,False,27.749132501524016,11,0.00107421875
1001101011,14871,"[3, 2, 0, 1]",6600,243.22152137756348,True,27.749132501524016,11,0.00107421875
1001101011,14872,"[3, 2, 0, 1]",6600,243.2394027709961,False,27.749132501524016,11,0.00107421875
1001101011,14873,"[3, 2, 0, 1]",6600,243.25203895568848,True,27.749132501524016,11,0.00107421875
1001101011,14874,"[3, 2, 0, 1]",6600,243.269681930542,False,27.749132501524016,11,0.00107421875
1001101011,14875,"[3, 2, 0, 1]",6600,243.28279495239258,True,27.749132501524016,11,0.00107421875
1110101100,14876,"[3, 0, 2, 1]",6300,243.3004379272461,False,44.68064855291958,11,0.00107421875
1110101100,14877,"[3, 0, 1, 2]",750,243.31402778625488,True,44.68064855291958,11,0.00107421875
1110101100,14878,"[3, 0, 2, 1]",6300,243.3319091796875,False,44.68064855291958,11,0.00107421875
1110101100,14879,"[3, 0, 1, 2]",750,243.3457374572754,True,44.68064855291958,11,0.00107421875
1110101100,14880,"[3, 0, 2, 1]",6300,243.36552619934082,False,44.68064855291958,11,0.00107421875
1110101100,14881,"[3, 0, 1, 2]",750,243.3791160583496,True,44.68064855291958,11,0.00107421875
1110101100,14882,"[3, 0, 2, 1]",6300,243.39675903320312,False,44.68064855291958,11,0.00107421875
1110101100,14883,"[3, 0, 1, 2]",750,243.4101104736328,True,44.68064855291958,11,0.00107421875
1110101100,14884,"[3, 0, 2, 1]",6300,243.42799186706543,False,44.68064855291958,11,0.00107421875
1110101100,14885,"[3, 0, 1, 2]",750,243.44134330749512,True,44.68064855291958,11,0.00107421875
1110101100,14886,"[3, 0, 2, 1]",6300,243.45922470092773,False,44.68064855291958,11,0.00107421875
1110101100,14887,"[3, 0, 1, 2]",750,243.47352981567383,True,44.68064855291958,11,0.00107421875
1110101100,14888,"[3, 0, 2, 1]",6300,243.50762367248535,False,44.68064855291958,11,0.00107421875
1110101100,14889,"[3, 0, 1, 2]",750,243.52192878723145,True,44.68064855291958,11,0.00107421875
1110101100,14890,"[3, 0, 2, 1]",6300,243.55053901672363,False,44.68064855291958,11,0.00107421875
1110101100,14891,"[3, 0, 1, 2]",750,243.56460571289062,True,44.68064855291958,11,0.00107421875
1110101100,14892,"[3, 0, 2, 1]",6300,243.5929775238037,False,44.68064855291958,11,0.00107421875
1110101100,14893,"[3, 0, 1, 2]",750,243.6068058013916,True,44.68064855291958,11,0.00107421875
1110101100,14894,"[3, 0, 2, 1]",6300,243.63470077514648,False,44.68064855291958,11,0.00107421875
1110101100,14895,"[3, 0, 1, 2]",750,243.64852905273438,True,44.68064855291958,11,0.00107421875
1110101100,14896,"[3, 0, 2, 1]",6300,243.67618560791016,False,44.68064855291958,11,0.00107421875
1110101100,14897,"[3, 0, 1, 2]",750,243.68953704833984,True,44.68064855291958,11,0.00107421875
1011100110,14898,"[1, 2, 0, 3]",600,243.71790885925293,False,21.175666353837997,11,0.00107421875
1011100110,14899,"[1, 0, 2, 3]",315,243.7417507171631,True,21.175666353837997,11,0.00107421875
1011100110,14900,"[1, 2, 0, 3]",600,243.76368522644043,False,21.175666353837997,11,0.00107421875
1011100110,14901,"[1, 0, 2, 3]",315,243.77751350402832,True,21.175666353837997,11,0.00107421875
1011100110,14902,"[1, 2, 0, 3]",600,243.79539489746094,False,21.175666353837997,11,0.00107421875
1011100110,14903,"[1, 0, 2, 3]",315,243.80898475646973,True,21.175666353837997,11,0.00107421875
1011100110,14904,"[1, 2, 0, 3]",600,243.82662773132324,False,21.175666353837997,11,0.00107421875
1011100110,14905,"[1, 0, 2, 3]",315,243.84379386901855,True,21.175666353837997,11,0.00107421875
1011100110,14906,"[1, 2, 0, 3]",600,243.86215209960938,False,21.175666353837997,11,0.00107421875
1011100110,14907,"[1, 0, 2, 3]",315,243.89195442199707,True,21.175666353837997,11,0.00107421875
1011100110,14908,"[1, 2, 0, 3]",600,243.910551071167,False,21.175666353837997,11,0.00107421875
1011100110,14909,"[1, 0, 2, 3]",315,243.92437934875488,True,21.175666353837997,11,0.00107421875
1011100110,14910,"[1, 2, 0, 3]",600,243.9427375793457,False,21.175666353837997,11,0.00107421875
1011100110,14911,"[1, 0, 2, 3]",315,243.9565658569336,True,21.175666353837997,11,0.00107421875
1011100110,14912,"[1, 2, 0, 3]",600,243.97516250610352,False,21.175666353837997,11,0.00107421875
1011100110,14913,"[1, 0, 2, 3]",315,243.9887523651123,True,21.175666353837997,11,0.00107421875
1011100110,14914,"[1, 2, 0, 3]",600,244.00711059570312,False,21.175666353837997,11,0.00107421875
1011100110,14915,"[1, 0, 2, 3]",315,244.02093887329102,True,21.175666353837997,11,0.00107421875
1011100110,14916,"[1, 2, 0, 3]",600,244.03929710388184,False,21.175666353837997,11,0.00107421875
1011100110,14917,"[1, 0, 2, 3]",315,244.05312538146973,True,21.175666353837997,11,0.00107421875
1011100110,14918,"[1, 2, 0, 3]",600,244.07196044921875,False,21.175666353837997,11,0.00107421875
1011100110,14919,"[1, 0, 2, 3]",315,244.08626556396484,True,21.175666353837997,11,0.00107421875
1100101010,14920,"[0, 3, 2, 1]",6300,244.10510063171387,False,24.718124370008205,11,0.00107421875
1100101010,14921,"[0, 1, 3, 2]",465,244.11964416503906,True,24.718124370008205,11,0.00107421875
1100101010,14922,"[0, 3, 2, 1]",6300,244.1403865814209,False,24.718124370008205,11,0.00107421875
1100101010,14923,"[0, 1, 3, 2]",465,244.154691696167,True,24.718124370008205,11,0.00107421875
1100101010,14924,"[0, 3, 2, 1]",6300,244.17352676391602,False,24.718124370008205,11,0.00107421875
1100101010,14925,"[0, 1, 3, 2]",465,244.1873550415039,True,24.718124370008205,11,0.00107421875
1100101010,14926,"[0, 3, 2, 1]",6300,244.20595169067383,False,24.718124370008205,11,0.00107421875
1100101010,14927,"[0, 1, 3, 2]",465,244.22001838684082,True,24.718124370008205,11,0.00107421875
1100101010,14928,"[0, 3, 2, 1]",6300,244.23861503601074,False,24.718124370008205,11,0.00107421875
1100101010,14929,"[0, 1, 3, 2]",465,244.25268173217773,True,24.718124370008205,11,0.00107421875
1100101010,14930,"[0, 3, 2, 1]",6300,244.27080154418945,False,24.718124370008205,11,0.00107421875
1100101010,14931,"[0, 1, 3, 2]",465,244.28510665893555,True,24.718124370008205,11,0.00107421875
1100101010,14932,"[0, 3, 2, 1]",6300,244.30370330810547,False,24.718124370008205,11,0.00107421875
1100101010,14933,"[0, 1, 3, 2]",465,244.31848526000977,True,24.718124370008205,11,0.00107421875
1100101010,14934,"[0, 3, 2, 1]",6300,244.3368434906006,False,24.718124370008205,11,0.00107421875
1100101010,14935,"[0, 1, 3, 2]",465,244.35091018676758,True,24.718124370008205,11,0.00107421875
1100101010,14936,"[0, 3, 2, 1]",6300,244.3714141845703,False,24.718124370008205,11,0.00107421875
1100101010,14937,"[0, 1, 3, 2]",465,244.3859577178955,True,24.718124370008205,11,0.00107421875
1100101010,14938,"[0, 3, 2, 1]",6300,244.40646171569824,False,24.718124370008205,11,0.00107421875
1100101010,14939,"[0, 1, 3, 2]",465,244.42028999328613,True,24.718124370008205,11,0.00107421875
1100101010,14940,"[0, 3, 2, 1]",6300,244.43888664245605,False,24.718124370008205,11,0.00107421875
1100101010,14941,"[0, 1, 3, 2]",465,244.45271492004395,True,24.718124370008205,11,0.00107421875
1111011001,14942,"[1, 0, 3, 2]",465,244.47298049926758,False,23.482091381388685,11,0.00107421875
1111011001,14943,"[1, 0, 3, 2]",465,244.48704719543457,True,23.482091381388685,11,0.00107421875
1111011001,14944,"[1, 0, 3, 2]",465,244.5058822631836,False,23.482091381388685,11,0.00107421875
1111011001,14945,"[1, 0, 3, 2]",465,244.5201873779297,True,23.482091381388685,11,0.00107421875
1111011001,14946,"[1, 0, 3, 2]",465,244.5385456085205,False,23.482091381388685,11,0.00107421875
1111011001,14947,"[1, 0, 3, 2]",465,244.5526123046875,True,23.482091381388685,11,0.00107421875
1111011001,14948,"[1, 0, 3, 2]",465,244.57120895385742,False,23.482091381388685,11,0.00107421875
1111011001,14949,"[1, 0, 3, 2]",465,244.5850372314453,True,23.482091381388685,11,0.00107421875
1111011001,14950,"[1, 0, 3, 2]",465,244.60363388061523,False,23.482091381388685,11,0.00107421875
1111011001,14951,"[1, 0, 3, 2]",465,244.61770057678223,True,23.482091381388685,11,0.00107421875
1111011001,14952,"[1, 0, 3, 2]",465,244.63582038879395,False,23.482091381388685,11,0.00107421875
1111011001,14953,"[1, 0, 3, 2]",465,244.64964866638184,True,23.482091381388685,11,0.00107421875
1111011001,14954,"[1, 0, 3, 2]",465,244.66753005981445,False,23.482091381388685,11,0.00107421875
1111011001,14955,"[1, 0, 3, 2]",465,244.68135833740234,True,23.482091381388685,11,0.00107421875
1111011001,14956,"[1, 0, 3, 2]",465,244.69947814941406,False,23.482091381388685,11,0.00107421875
1111011001,14957,"[1, 0, 3, 2]",465,244.71306800842285,True,23.482091381388685,11,0.00107421875
1111011001,14958,"[1, 0, 3, 2]",465,244.73118782043457,False,23.482091381388685,11,0.00107421875
1111011001,14959,"[1, 0, 3, 2]",465,244.74477767944336,True,23.482091381388685,11,0.00107421875
1111011001,14960,"[1, 0, 3, 2]",465,244.76337432861328,False,23.482091381388685,11,0.00107421875
1111011001,14961,"[1, 0, 3, 2]",465,244.77720260620117,True,23.482091381388685,11,0.00107421875
1111011001,14962,"[1, 0, 3, 2]",465,244.7957992553711,False,23.482091381388685,11,0.00107421875
1111011001,14963,"[1, 0, 3, 2]",465,244.8098659515381,True,23.482091381388685,11,0.00107421875
1011111100,14964,"[3, 2, 1, 0]",9600,244.83013153076172,False,50.180552665792675,11,0.00107421875
1011111100,14965,"[3, 2, 1, 0]",9600,244.8444366455078,True,50.180552665792675,11,0.00107421875
1011111100,14966,"[3, 2, 1, 0]",9600,244.86279487609863,False,50.180552665792675,11,0.00107421875
1011111100,14967,"[3, 2, 1, 0]",9600,244.87638473510742,True,50.180552665792675,11,0.00107421875
1011111100,14968,"[3, 2, 1, 0]",9600,244.89498138427734,False,50.180552665792675,11,0.00107421875
1011111100,14969,"[3, 2, 1, 0]",9600,244.90857124328613,True,50.180552665792675,11,0.00107421875
1011111100,14970,"[3, 2, 1, 0]",9600,244.92669105529785,False,50.180552665792675,11,0.00107421875
1011111100,14971,"[3, 2, 1, 0]",9600,244.94028091430664,True,50.180552665792675,11,0.00107421875
1011111100,14972,"[3, 2, 1, 0]",9600,244.95816230773926,False,50.180552665792675,11,0.00107421875
1011111100,14973,"[3, 2, 1, 0]",9600,244.97199058532715,True,50.180552665792675,11,0.00107421875
1011111100,14974,"[3, 2, 1, 0]",9600,244.99034881591797,False,50.180552665792675,11,0.00107421875
1011111100,14975,"[3, 2, 1, 0]",9600,245.00417709350586,True,50.180552665792675,11,0.00107421875
1011111100,14976,"[3, 2, 1, 0]",9600,245.02253532409668,False,50.180552665792675,11,0.00107421875
1011111100,14977,"[3, 2, 1, 0]",9600,245.03636360168457,True,50.180552665792675,11,0.00107421875
1011111100,14978,"[3, 2, 1, 0]",9600,245.0549602508545,False,50.180552665792675,11,0.00107421875
1011111100,14979,"[3, 2, 1, 0]",9600,245.07880210876465,True,50.180552665792675,11,0.00107421875
1011111100,14980,"[3, 2, 1, 0]",9600,245.09644508361816,False,50.180552665792675,11,0.00107421875
1011111100,14981,"[3, 2, 1, 0]",9600,245.10908126831055,True,50.180552665792675,11,0.00107421875
1011111100,14982,"[3, 2, 1, 0]",9600,245.12648582458496,False,50.180552665792675,11,0.00107421875
1011111100,14983,"[3, 2, 1, 0]",9600,245.13959884643555,True,50.180552665792675,11,0.00107421875
1011111100,14984,"[3, 2, 1, 0]",9600,245.15938758850098,False,50.180552665792675,11,0.00107421875
1011111100,14985,"[3, 2, 1, 0]",9600,245.17250061035156,True,50.180552665792675,11,0.00107421875
1010101010,14986,"[3, 2, 1, 0]",9600,245.19038200378418,False,49.63603382345701,11,0.00107421875
1010101010,14987,"[3, 2, 1, 0]",9600,245.20373344421387,True,49.63603382345701,11,0.00107421875
1010101010,14988,"[3, 2, 1, 0]",9600,245.22161483764648,False,49.63603382345701,11,0.00107421875
1010101010,14989,"[3, 2, 1, 0]",9600,245.23496627807617,True,49.63603382345701,11,0.00107421875
1010101010,14990,"[3, 2, 1, 0]",9600,245.2545166015625,False,49.63603382345701,11,0.00107421875
1010101010,14991,"[3, 2, 1, 0]",9600,245.2678680419922,True,49.63603382345701,11,0.00107421875
1010101010,14992,"[3, 2, 1, 0]",9600,245.2855110168457,False,49.63603382345701,11,0.00107421875
1010101010,14993,"[3, 2, 1, 0]",9600,245.2986240386963,True,49.63603382345701,11,0.00107421875
1010101010,14994,"[3, 2, 1, 0]",9600,245.3162670135498,False,49.63603382345701,11,0.00107421875
1010101010,14995,"[3, 2, 1, 0]",9600,245.3291416168213,True,49.63603382345701,11,0.00107421875
1010101010,14996,"[3, 2, 1, 0]",9600,245.3467845916748,False,49.63603382345701,11,0.00107421875
1010101010,14997,"[3, 2, 1, 0]",9600,245.3598976135254,True,49.63603382345701,11,0.00107421875
1010101010,14998,"[3, 2, 1, 0]",9600,245.3773021697998,False,49.63603382345701,11,0.00107421875
1010101010,14999,"[3, 2, 1, 0]",9600,245.3901767730713,True,49.63603382345701,11,0.00107421875
1010101010,15000,"[3, 2, 1, 0]",9600,245.4078197479248,False,49.63603382345701,11,0.00107421875
1010101010,15001,"[3, 2, 1, 0]",9600,245.4211711883545,True,49.63603382345701,11,0.00107421875
1010101010,15002,"[3, 2, 1, 0]",9600,245.4385757446289,False,49.63603382345701,11,0.00107421875
1010101010,15003,"[3, 2, 1, 0]",9600,245.4519271850586,True,49.63603382345701,11,0.00107421875
1010101010,15004,"[3, 2, 1, 0]",9600,245.4695701599121,False,49.63603382345701,11,0.00107421875
1010101010,15005,"[3, 2, 1, 0]",9600,245.4829216003418,True,49.63603382345701,11,0.00107421875
1010101010,15006,"[3, 2, 1, 0]",9600,245.50247192382812,False,49.63603382345701,11,0.00107421875
1010101010,15007,"[3, 2, 1, 0]",9600,245.5153465270996,True,49.63603382345701,11,0.00107421875
1101000001,15008,"[0, 1, 3, 2]",465,245.53298950195312,False,6.383190649627178,11,0.00107421875
1101000001,15009,"[0, 1, 3, 2]",465,245.54681777954102,True,6.383190649627178,11,0.00107421875
1101000001,15010,"[0, 1, 3, 2]",465,245.56493759155273,False,6.383190649627178,11,0.00107421875
1101000001,15011,"[0, 1, 3, 2]",465,245.57781219482422,True,6.383190649627178,11,0.00107421875
1101000001,15012,"[0, 1, 3, 2]",465,245.59545516967773,False,6.383190649627178,11,0.00107421875
1101000001,15013,"[0, 1, 3, 2]",465,245.60856819152832,True,6.383190649627178,11,0.00107421875
1101000001,15014,"[0, 1, 3, 2]",465,245.62621116638184,False,6.383190649627178,11,0.00107421875
1101000001,15015,"[0, 1, 3, 2]",465,245.63932418823242,True,6.383190649627178,11,0.00107421875
1101000001,15016,"[0, 1, 3, 2]",465,245.65720558166504,False,6.383190649627178,11,0.00107421875
1101000001,15017,"[0, 1, 3, 2]",465,245.67008018493652,True,6.383190649627178,11,0.00107421875
1101000001,15018,"[0, 1, 3, 2]",465,245.68772315979004,False,6.383190649627178,11,0.00107421875
1101000001,15019,"[0, 1, 3, 2]",465,245.70059776306152,True,6.383190649627178,11,0.00107421875
1101000001,15020,"[0, 1, 3, 2]",465,245.71871757507324,False,6.383190649627178,11,0.00107421875
1101000001,15021,"[0, 1, 3, 2]",465,245.73159217834473,True,6.383190649627178,11,0.00107421875
1101000001,15022,"[0, 1, 3, 2]",465,245.74899673461914,False,6.383190649627178,11,0.00107421875
1101000001,15023,"[0, 1, 3, 2]",465,245.76163291931152,True,6.383190649627178,11,0.00107421875
1101000001,15024,"[0, 1, 3, 2]",465,245.77927589416504,False,6.383190649627178,11,0.00107421875
1101000001,15025,"[0, 1, 3, 2]",465,245.79286575317383,True,6.383190649627178,11,0.00107421875
1101000001,15026,"[0, 1, 3, 2]",465,245.81217765808105,False,6.383190649627178,11,0.00107421875
1101000001,15027,"[0, 1, 3, 2]",465,245.82552909851074,True,6.383190649627178,11,0.00107421875
1101000001,15028,"[0, 1, 3, 2]",465,245.84341049194336,False,6.383190649627178,11,0.00107421875
1101000001,15029,"[0, 1, 3, 2]",465,245.85652351379395,True,6.383190649627178,11,0.00107421875
0001110110,15030,"[2, 3, 1, 0]",9600,245.87392807006836,False,21.726652881746467,11,0.00107421875
0001110110,15031,"[2, 3, 1, 0]",9600,245.88727951049805,True,21.726652881746467,11,0.00107421875
0001110110,15032,"[2, 3, 1, 0]",9600,245.90539932250977,False,21.726652881746467,11,0.00107421875
0001110110,15033,"[2, 3, 1, 0]",9600,245.91851234436035,True,21.726652881746467,11,0.00107421875
0001110110,15034,"[2, 3, 1, 0]",9600,245.93639373779297,False,21.726652881746467,11,0.00107421875
0001110110,15035,"[2, 3, 1, 0]",9600,245.94902992248535,True,21.726652881746467,11,0.00107421875
0001110110,15036,"[2, 3, 1, 0]",9600,245.96667289733887,False,21.726652881746467,11,0.00107421875
0001110110,15037,"[2, 3, 1, 0]",9600,245.97978591918945,True,21.726652881746467,11,0.00107421875
0001110110,15038,"[2, 3, 1, 0]",9600,245.99790573120117,False,21.726652881746467,11,0.00107421875
0001110110,15039,"[2, 3, 1, 0]",9600,246.01078033447266,True,21.726652881746467,11,0.00107421875
0001110110,15040,"[2, 3, 1, 0]",9600,246.03033065795898,False,21.726652881746467,11,0.00107421875
0001110110,15041,"[2, 3, 1, 0]",9600,246.04320526123047,True,21.726652881746467,11,0.00107421875
0001110110,15042,"[2, 3, 1, 0]",9600,246.06060981750488,False,21.726652881746467,11,0.00107421875
0001110110,15043,"[2, 3, 1, 0]",9600,246.07324600219727,True,21.726652881746467,11,0.00107421875
0001110110,15044,"[2, 3, 1, 0]",9600,246.09088897705078,False,21.726652881746467,11,0.00107421875
0001110110,15045,"[2, 3, 1, 0]",9600,246.10352516174316,True,21.726652881746467,11,0.00107421875
0001110110,15046,"[2, 3, 1, 0]",9600,246.12116813659668,False,21.726652881746467,11,0.00107421875
0001110110,15047,"[2, 3, 1, 0]",9600,246.13356590270996,True,21.726652881746467,11,0.00107421875
0001110110,15048,"[2, 3, 1, 0]",9600,246.1531162261963,False,21.726652881746467,11,0.00107421875
0001110110,15049,"[2, 3, 1, 0]",9600,246.16599082946777,True,21.726652881746467,11,0.00107421875
0001110110,15050,"[2, 3, 1, 0]",9600,246.1836338043213,False,21.726652881746467,11,0.00107421875
0001110110,15051,"[2, 3, 1, 0]",9600,246.19650840759277,True,21.726652881746467,11,0.00107421875
0010010000,15052,"[1, 2, 3, 0]",9300,246.2141513824463,False,15.075869699244597,11,0.00107421875
0010010000,15053,"[1, 0, 2, 3]",315,246.22821807861328,True,15.075869699244597,11,0.00107421875
0010010000,15054,"[1, 2, 3, 0]",9300,246.2456226348877,False,15.075869699244597,11,0.00107421875
0010010000,15055,"[1, 0, 2, 3]",315,246.25921249389648,True,15.075869699244597,11,0.00107421875
0010010000,15056,"[1, 2, 3, 0]",9300,246.2766170501709,False,15.075869699244597,11,0.00107421875
0010010000,15057,"[1, 0, 2, 3]",315,246.28973007202148,True,15.075869699244597,11,0.00107421875
0010010000,15058,"[1, 2, 3, 0]",9300,246.3076114654541,False,15.075869699244597,11,0.00107421875
0010010000,15059,"[1, 0, 2, 3]",315,246.3204860687256,True,15.075869699244597,11,0.00107421875
0010010000,15060,"[1, 2, 3, 0]",9300,246.3381290435791,False,15.075869699244597,11,0.00107421875
0010010000,15061,"[1, 0, 2, 3]",315,246.3512420654297,True,15.075869699244597,11,0.00107421875
0010010000,15062,"[1, 2, 3, 0]",9300,246.3691234588623,False,15.075869699244597,11,0.00107421875
0010010000,15063,"[1, 0, 2, 3]",315,246.3819980621338,True,15.075869699244597,11,0.00107421875
0010010000,15064,"[1, 2, 3, 0]",9300,246.3998794555664,False,15.075869699244597,11,0.00107421875
0010010000,15065,"[1, 0, 2, 3]",315,246.4127540588379,True,15.075869699244597,11,0.00107421875
0010010000,15066,"[1, 2, 3, 0]",9300,246.4303970336914,False,15.075869699244597,11,0.00107421875
0010010000,15067,"[1, 0, 2, 3]",315,246.443510055542,True,15.075869699244597,11,0.00107421875
0010010000,15068,"[1, 2, 3, 0]",9300,246.46306037902832,False,15.075869699244597,11,0.00107421875
0010010000,15069,"[1, 0, 2, 3]",315,246.4761734008789,True,15.075869699244597,11,0.00107421875
0010010000,15070,"[1, 2, 3, 0]",9300,246.49381637573242,False,15.075869699244597,11,0.00107421875
0010010000,15071,"[1, 0, 2, 3]",315,246.5066909790039,True,15.075869699244597,11,0.00107421875
0010010000,15072,"[1, 2, 3, 0]",9300,246.52433395385742,False,15.075869699244597,11,0.00107421875
0010010000,15073,"[1, 0, 2, 3]",315,246.537446975708,True,15.075869699244597,11,0.00107421875
0110010100,15074,"[1, 3, 2, 0]",9450,246.55508995056152,False,19.657617520402667,11,0.00107421875
0110010100,15075,"[1, 0, 3, 2]",465,246.5684413909912,True,19.657617520402667,11,0.00107421875
0110010100,15076,"[1, 3, 2, 0]",9450,246.58632278442383,False,19.657617520402667,11,0.00107421875
0110010100,15077,"[1, 0, 3, 2]",465,246.5994358062744,True,19.657617520402667,11,0.00107421875
0110010100,15078,"[1, 3, 2, 0]",9450,246.61684036254883,False,19.657617520402667,11,0.00107421875
0110010100,15079,"[1, 0, 3, 2]",465,246.6294765472412,True,19.657617520402667,11,0.00107421875
0110010100,15080,"[1, 3, 2, 0]",9450,246.64688110351562,False,19.657617520402667,11,0.00107421875
0110010100,15081,"[1, 0, 3, 2]",465,246.6599941253662,True,19.657617520402667,11,0.00107421875
0110010100,15082,"[1, 3, 2, 0]",9450,246.67739868164062,False,19.657617520402667,11,0.00107421875
0110010100,15083,"[1, 0, 3, 2]",465,246.71459197998047,True,19.657617520402667,11,0.00107421875
0110010100,15084,"[1, 3, 2, 0]",9450,246.7327117919922,False,19.657617520402667,11,0.00107421875
0110010100,15085,"[1, 0, 3, 2]",465,246.74630165100098,True,19.657617520402667,11,0.00107421875
0110010100,15086,"[1, 3, 2, 0]",9450,246.7639446258545,False,19.657617520402667,11,0.00107421875
0110010100,15087,"[1, 0, 3, 2]",465,246.77705764770508,True,19.657617520402667,11,0.00107421875
0110010100,15088,"[1, 3, 2, 0]",9450,246.7973232269287,False,19.657617520402667,11,0.00107421875
0110010100,15089,"[1, 0, 3, 2]",465,246.8113899230957,True,19.657617520402667,11,0.00107421875
0110010100,15090,"[1, 3, 2, 0]",9450,246.83070182800293,False,19.657617520402667,11,0.00107421875
0110010100,15091,"[1, 0, 3, 2]",465,246.84429168701172,True,19.657617520402667,11,0.00107421875
0110010100,15092,"[1, 3, 2, 0]",9450,246.86217308044434,False,19.657617520402667,11,0.00107421875
0110010100,15093,"[1, 0, 3, 2]",465,246.87528610229492,True,19.657617520402667,11,0.00107421875
0110010100,15094,"[1, 3, 2, 0]",9450,246.89316749572754,False,19.657617520402667,11,0.00107421875
0110010100,15095,"[1, 0, 3, 2]",465,246.90628051757812,True,19.657617520402667,11,0.00107421875
0011000011,15096,"[1, 3, 2, 0]",9450,246.92416191101074,False,14.06201626303163,11,0.00107421875
0011000011,15097,"[1, 0, 3, 2]",465,246.93775177001953,True,14.06201626303163,11,0.00107421875
0011000011,15098,"[1, 3, 2, 0]",9450,246.95539474487305,False,14.06201626303163,11,0.00107421875
0011000011,15099,"[1, 0, 3, 2]",465,246.96922302246094,True,14.06201626303163,11,0.00107421875
0011000011,15100,"[1, 3, 2, 0]",9450,246.98662757873535,False,14.06201626303163,11,0.00107421875
0011000011,15101,"[1, 0, 3, 2]",465,247.00069427490234,True,14.06201626303163,11,0.00107421875
0011000011,15102,"[1, 3, 2, 0]",9450,247.01833724975586,False,14.06201626303163,11,0.00107421875
0011000011,15103,"[1, 0, 3, 2]",465,247.03192710876465,True,14.06201626303163,11,0.00107421875
0011000011,15104,"[1, 3, 2, 0]",9450,247.05123901367188,False,14.06201626303163,11,0.00107421875
0011000011,15105,"[1, 0, 3, 2]",465,247.06482887268066,True,14.06201626303163,11,0.00107421875
0011000011,15106,"[1, 3, 2, 0]",9450,247.08247184753418,False,14.06201626303163,11,0.00107421875
0011000011,15107,"[1, 0, 3, 2]",465,247.09606170654297,True,14.06201626303163,11,0.00107421875
0011000011,15108,"[1, 3, 2, 0]",9450,247.11346626281738,False,14.06201626303163,11,0.00107421875
0011000011,15109,"[1, 0, 3, 2]",465,247.12729454040527,True,14.06201626303163,11,0.00107421875
0011000011,15110,"[1, 3, 2, 0]",9450,247.1463680267334,False,14.06201626303163,11,0.00107421875
0011000011,15111,"[1, 0, 3, 2]",465,247.1597194671631,True,14.06201626303163,11,0.00107421875
0011000011,15112,"[1, 3, 2, 0]",9450,247.1771240234375,False,14.06201626303163,11,0.00107421875
0011000011,15113,"[1, 0, 3, 2]",465,247.1902370452881,True,14.06201626303163,11,0.00107421875
0011000011,15114,"[1, 3, 2, 0]",9450,247.2076416015625,False,14.06201626303163,11,0.00107421875
0011000011,15115,"[1, 0, 3, 2]",465,247.2209930419922,True,14.06201626303163,11,0.00107421875
0011000011,15116,"[1, 3, 2, 0]",9450,247.2381591796875,False,14.06201626303163,11,0.00107421875
0011000011,15117,"[1, 0, 3, 2]",465,247.25103378295898,True,14.06201626303163,11,0.00107421875
1011111101,15118,"[3, 2, 1, 0]",9600,247.2686767578125,False,45.272067646914024,11,0.00107421875
1011111101,15119,"[3, 2, 1, 0]",9600,247.2820281982422,True,45.272067646914024,11,0.00107421875
1011111101,15120,"[3, 2, 1, 0]",9600,247.2996711730957,False,45.272067646914024,11,0.00107421875
1011111101,15121,"[3, 2, 1, 0]",9600,247.3130226135254,True,45.272067646914024,11,0.00107421875
1011111101,15122,"[3, 2, 1, 0]",9600,247.3304271697998,False,45.272067646914024,11,0.00107421875
1011111101,15123,"[3, 2, 1, 0]",9600,247.3433017730713,True,45.272067646914024,11,0.00107421875
1011111101,15124,"[3, 2, 1, 0]",9600,247.361421585083,False,45.272067646914024,11,0.00107421875
1011111101,15125,"[3, 2, 1, 0]",9600,247.3742961883545,True,45.272067646914024,11,0.00107421875
1011111101,15126,"[3, 2, 1, 0]",9600,247.3917007446289,False,45.272067646914024,11,0.00107421875
1011111101,15127,"[3, 2, 1, 0]",9600,247.4043369293213,True,45.272067646914024,11,0.00107421875
1011111101,15128,"[3, 2, 1, 0]",9600,247.4219799041748,False,45.272067646914024,11,0.00107421875
1011111101,15129,"[3, 2, 1, 0]",9600,247.4346160888672,True,45.272067646914024,11,0.00107421875
1011111101,15130,"[3, 2, 1, 0]",9600,247.4524974822998,False,45.272067646914024,11,0.00107421875
1011111101,15131,"[3, 2, 1, 0]",9600,247.4653720855713,True,45.272067646914024,11,0.00107421875
1011111101,15132,"[3, 2, 1, 0]",9600,247.4842071533203,False,45.272067646914024,11,0.00107421875
1011111101,15133,"[3, 2, 1, 0]",9600,247.4973201751709,True,45.272067646914024,11,0.00107421875
1011111101,15134,"[3, 2, 1, 0]",9600,247.5147247314453,False,45.272067646914024,11,0.00107421875
1011111101,15135,"[3, 2, 1, 0]",9600,247.528076171875,True,45.272067646914024,11,0.00107421875
1011111101,15136,"[3, 2, 1, 0]",9600,247.5454807281494,False,45.272067646914024,11,0.00107421875
1011111101,15137,"[3, 2, 1, 0]",9600,247.55859375,True,45.272067646914024,11,0.00107421875
1011111101,15138,"[3, 2, 1, 0]",9600,247.57623672485352,False,45.272067646914024,11,0.00107421875
1011111101,15139,"[3, 2, 1, 0]",9600,247.5895881652832,True,45.272067646914024,11,0.00107421875
0010010101,15140,"[1, 3, 2, 0]",9450,247.60890007019043,False,14.545012518868091,11,0.00107421875
0010010101,15141,"[1, 0, 3, 2]",465,247.62272834777832,True,14.545012518868091,11,0.00107421875
0010010101,15142,"[1, 3, 2, 0]",9450,247.64084815979004,False,14.545012518868091,11,0.00107421875
0010010101,15143,"[1, 0, 3, 2]",465,247.65396118164062,True,14.545012518868091,11,0.00107421875
0010010101,15144,"[1, 3, 2, 0]",9450,247.67160415649414,False,14.545012518868091,11,0.00107421875
0010010101,15145,"[1, 0, 3, 2]",465,247.68471717834473,True,14.545012518868091,11,0.00107421875
0010010101,15146,"[1, 3, 2, 0]",9450,247.70283699035645,False,14.545012518868091,11,0.00107421875
0010010101,15147,"[1, 0, 3, 2]",465,247.71618843078613,True,14.545012518868091,11,0.00107421875
0010010101,15148,"[1, 3, 2, 0]",9450,247.73383140563965,False,14.545012518868091,11,0.00107421875
0010010101,15149,"[1, 0, 3, 2]",465,247.74718284606934,True,14.545012518868091,11,0.00107421875
0010010101,15150,"[1, 3, 2, 0]",9450,247.76482582092285,False,14.545012518868091,11,0.00107421875
0010010101,15151,"[1, 0, 3, 2]",465,247.77817726135254,True,14.545012518868091,11,0.00107421875
0010010101,15152,"[1, 3, 2, 0]",9450,247.79748916625977,False,14.545012518868091,11,0.00107421875
0010010101,15153,"[1, 0, 3, 2]",465,247.81036376953125,True,14.545012518868091,11,0.00107421875
0010010101,15154,"[1, 3, 2, 0]",9450,247.82824516296387,False,14.545012518868091,11,0.00107421875
0010010101,15155,"[1, 0, 3, 2]",465,247.84445762634277,True,14.545012518868091,11,0.00107421875
0010010101,15156,"[1, 3, 2, 0]",9450,247.8625774383545,False,14.545012518868091,11,0.00107421875
0010010101,15157,"[1, 0, 3, 2]",465,247.87592887878418,True,14.545012518868091,11,0.00107421875
0010010101,15158,"[1, 3, 2, 0]",9450,247.8935718536377,False,14.545012518868091,11,0.00107421875
0010010101,15159,"[1, 0, 3, 2]",465,247.90692329406738,True,14.545012518868091,11,0.00107421875
0010010101,15160,"[1, 3, 2, 0]",9450,247.9245662689209,False,14.545012518868091,11,0.00107421875
0010010101,15161,"[1, 0, 3, 2]",465,247.9381561279297,True,14.545012518868091,11,0.00107421875
1100110110,15162,"[2, 0, 3, 1]",6200,247.9560375213623,False,17.96710592039291,11,0.00107421875
1100110110,15163,"[2, 0, 1, 3]",500,247.9698657989502,True,17.96710592039291,11,0.00107421875
1100110110,15164,"[2, 0, 3, 1]",6200,247.9875087738037,False,17.96710592039291,11,0.00107421875
1100110110,15165,"[2, 0, 1, 3]",500,248.0013370513916,True,17.96710592039291,11,0.00107421875
1100110110,15166,"[2, 0, 3, 1]",6200,248.01874160766602,False,17.96710592039291,11,0.00107421875
1100110110,15167,"[2, 0, 1, 3]",500,248.0320930480957,True,17.96710592039291,11,0.00107421875
1100110110,15168,"[2, 0, 3, 1]",6200,248.04949760437012,False,17.96710592039291,11,0.00107421875
1100110110,15169,"[2, 0, 1, 3]",500,248.0626106262207,True,17.96710592039291,11,0.00107421875
1100110110,15170,"[2, 0, 3, 1]",6200,248.08025360107422,False,17.96710592039291,11,0.00107421875
1100110110,15171,"[2, 0, 1, 3]",500,248.0936050415039,True,17.96710592039291,11,0.00107421875
1100110110,15172,"[2, 0, 3, 1]",6200,248.11124801635742,False,17.96710592039291,11,0.00107421875
1100110110,15173,"[2, 0, 1, 3]",500,248.124361038208,True,17.96710592039291,11,0.00107421875
1100110110,15174,"[2, 0, 3, 1]",6200,248.14438819885254,False,17.96710592039291,11,0.00107421875
1100110110,15175,"[2, 0, 1, 3]",500,248.15726280212402,True,17.96710592039291,11,0.00107421875
1100110110,15176,"[2, 0, 3, 1]",6200,248.17538261413574,False,17.96710592039291,11,0.00107421875
1100110110,15177,"[2, 0, 1, 3]",500,248.18825721740723,True,17.96710592039291,11,0.00107421875
1100110110,15178,"[2, 0, 3, 1]",6200,248.20590019226074,False,17.96710592039291,11,0.00107421875
1100110110,15179,"[2, 0, 1, 3]",500,248.21901321411133,True,17.96710592039291,11,0.00107421875
1100110110,15180,"[2, 0, 3, 1]",6200,248.23641777038574,False,17.96710592039291,11,0.00107421875
1100110110,15181,"[2, 0, 1, 3]",500,248.24953079223633,True,17.96710592039291,11,0.00107421875
1100110110,15182,"[2, 0, 3, 1]",6200,248.26693534851074,False,17.96710592039291,11,0.00107421875
1100110110,15183,"[2, 0, 1, 3]",500,248.28004837036133,True,17.96710592039291,11,0.00107421875
1100000001,15184,"[0, 3, 2, 1]",6300,248.29745292663574,False,13.0,11,0.00107421875
1100000001,15185,"[0, 1, 3, 2]",465,248.31104278564453,True,13.0,11,0.00107421875
1100000001,15186,"[0, 3, 2, 1]",6300,248.32868576049805,False,13.0,11,0.00107421875
1100000001,15187,"[0, 1, 3, 2]",465,248.34156036376953,True,13.0,11,0.00107421875
1100000001,15188,"[0, 3, 2, 1]",6300,248.35968017578125,False,13.0,11,0.00107421875
1100000001,15189,"[0, 1, 3, 2]",465,248.37350845336914,True,13.0,11,0.00107421875
1100000001,15190,"[0, 3, 2, 1]",6300,248.39305877685547,False,13.0,11,0.00107421875
1100000001,15191,"[0, 1, 3, 2]",465,248.40688705444336,True,13.0,11,0.00107421875
1100000001,15192,"[0, 3, 2, 1]",6300,248.42429161071777,False,13.0,11,0.00107421875
1100000001,15193,"[0, 1, 3, 2]",465,248.43788146972656,True,13.0,11,0.00107421875
1100000001,15194,"[0, 3, 2, 1]",6300,248.4571933746338,False,13.0,11,0.00107421875
1100000001,15195,"[0, 1, 3, 2]",465,248.47078323364258,True,13.0,11,0.00107421875
1100000001,15196,"[0, 3, 2, 1]",6300,248.4884262084961,False,13.0,11,0.00107421875
1100000001,15197,"[0, 1, 3, 2]",465,248.50130081176758,True,13.0,11,0.00107421875
1100000001,15198,"[0, 3, 2, 1]",6300,248.518705368042,False,13.0,11,0.00107421875
1100000001,15199,"[0, 1, 3, 2]",465,248.53157997131348,True,13.0,11,0.00107421875
1100000001,15200,"[0, 3, 2, 1]",6300,248.5494613647461,False,13.0,11,0.00107421875
1100000001,15201,"[0, 1, 3, 2]",465,248.56257438659668,True,13.0,11,0.00107421875
1100000001,15202,"[0, 3, 2, 1]",6300,248.5802173614502,False,13.0,11,0.00107421875
1100000001,15203,"[0, 1, 3, 2]",465,248.59333038330078,True,13.0,11,0.00107421875
1100000001,15204,"[0, 3, 2, 1]",6300,248.6112117767334,False,13.0,11,0.00107421875
1100000001,15205,"[0, 1, 3, 2]",465,248.62408638000488,True,13.0,11,0.00107421875
1011011001,15206,"[1, 3, 0, 2]",900,248.6417293548584,False,25.52784887194936,11,0.00107421875
1011011001,15207,"[1, 0, 3, 2]",465,248.65484237670898,True,25.52784887194936,11,0.00107421875
1011011001,15208,"[1, 3, 0, 2]",900,248.6727237701416,False,25.52784887194936,11,0.00107421875
1011011001,15209,"[1, 0, 3, 2]",465,248.7013339996338,True,25.52784887194936,11,0.00107421875
1011011001,15210,"[1, 3, 0, 2]",900,248.7199306488037,False,25.52784887194936,11,0.00107421875
1011011001,15211,"[1, 0, 3, 2]",465,248.7335205078125,True,25.52784887194936,11,0.00107421875
1011011001,15212,"[1, 3, 0, 2]",900,248.75211715698242,False,25.52784887194936,11,0.00107421875
1011011001,15213,"[1, 0, 3, 2]",465,248.7657070159912,True,25.52784887194936,11,0.00107421875
1011011001,15214,"[1, 3, 0, 2]",900,248.78430366516113,False,25.52784887194936,11,0.00107421875
1011011001,15215,"[1, 0, 3, 2]",465,248.79860877990723,True,25.52784887194936,11,0.00107421875
1011011001,15216,"[1, 3, 0, 2]",900,248.81887435913086,False,25.52784887194936,11,0.00107421875
1011011001,15217,"[1, 0, 3, 2]",465,248.83294105529785,True,25.52784887194936,11,0.00107421875
1011011001,15218,"[1, 3, 0, 2]",900,248.85129928588867,False,25.52784887194936,11,0.00107421875
1011011001,15219,"[1, 0, 3, 2]",465,248.86488914489746,True,25.52784887194936,11,0.00107421875
1011011001,15220,"[1, 3, 0, 2]",900,248.88324737548828,False,25.52784887194936,11,0.00107421875
1011011001,15221,"[1, 0, 3, 2]",465,248.89683723449707,True,25.52784887194936,11,0.00107421875
1011011001,15222,"[1, 3, 0, 2]",900,248.9151954650879,False,25.52784887194936,11,0.00107421875
1011011001,15223,"[1, 0, 3, 2]",465,248.92902374267578,True,25.52784887194936,11,0.00107421875
1011011001,15224,"[1, 3, 0, 2]",900,248.9471435546875,False,25.52784887194936,11,0.00107421875
1011011001,15225,"[1, 0, 3, 2]",465,248.9607334136963,True,25.52784887194936,11,0.00107421875
1011011001,15226,"[1, 3, 0, 2]",900,248.9790916442871,False,25.52784887194936,11,0.00107421875
1011011001,15227,"[1, 0, 3, 2]",465,248.9926815032959,True,25.52784887194936,11,0.00107421875
0010011000,15228,"[3, 1, 2, 0]",9450,249.01151657104492,False,20.7322156928715,11,0.00107421875
0010011000,15229,"[3, 1, 0, 2]",900,249.0255832672119,True,20.7322156928715,11,0.00107421875
0010011000,15230,"[3, 1, 2, 0]",9450,249.04465675354004,False,20.7322156928715,11,0.00107421875
0010011000,15231,"[3, 1, 0, 2]",900,249.05872344970703,True,20.7322156928715,11,0.00107421875
0010011000,15232,"[3, 1, 2, 0]",9450,249.07755851745605,False,20.7322156928715,11,0.00107421875
0010011000,15233,"[3, 1, 0, 2]",900,249.09138679504395,True,20.7322156928715,11,0.00107421875
0010011000,15234,"[3, 1, 2, 0]",9450,249.10998344421387,False,20.7322156928715,11,0.00107421875
0010011000,15235,"[3, 1, 0, 2]",900,249.12405014038086,True,20.7322156928715,11,0.00107421875
0010011000,15236,"[3, 1, 2, 0]",9450,249.1445541381836,False,20.7322156928715,11,0.00107421875
0010011000,15237,"[3, 1, 0, 2]",900,249.15838241577148,True,20.7322156928715,11,0.00107421875
0010011000,15238,"[3, 1, 2, 0]",9450,249.1767406463623,False,20.7322156928715,11,0.00107421875
0010011000,15239,"[3, 1, 0, 2]",900,249.1910457611084,True,20.7322156928715,11,0.00107421875
0010011000,15240,"[3, 1, 2, 0]",9450,249.21011924743652,False,20.7322156928715,11,0.00107421875
0010011000,15241,"[3, 1, 0, 2]",900,249.22418594360352,True,20.7322156928715,11,0.00107421875
0010011000,15242,"[3, 1, 2, 0]",9450,249.24516677856445,False,20.7322156928715,11,0.00107421875
0010011000,15243,"[3, 1, 0, 2]",900,249.25947189331055,True,20.7322156928715,11,0.00107421875
0010011000,15244,"[3, 1, 2, 0]",9450,249.27806854248047,False,20.7322156928715,11,0.00107421875
0010011000,15245,"[3, 1, 0, 2]",900,249.29189682006836,True,20.7322156928715,11,0.00107421875
0010011000,15246,"[3, 1, 2, 0]",9450,249.31097030639648,False,20.7322156928715,11,0.00107421875
0010011000,15247,"[3, 1, 0, 2]",900,249.32503700256348,True,20.7322156928715,11,0.00107421875
0010011000,15248,"[3, 1, 2, 0]",9450,249.3433952331543,False,20.7322156928715,11,0.00107421875
0010011000,15249,"[3, 1, 0, 2]",900,249.3574619293213,True,20.7322156928715,11,0.00107421875
1110000101,15250,"[0, 1, 3, 2]",465,249.375581741333,False,12.917260368883131,11,0.00107421875
1110000101,15251,"[0, 1, 3, 2]",465,249.3896484375,True,12.917260368883131,11,0.00107421875
1110000101,15252,"[0, 1, 3, 2]",465,249.40824508666992,False,12.917260368883131,11,0.00107421875
1110000101,15253,"[0, 1, 3, 2]",465,249.4218349456787,True,12.917260368883131,11,0.00107421875
1110000101,15254,"[0, 1, 3, 2]",465,249.43995475769043,False,12.917260368883131,11,0.00107421875
1110000101,15255,"[0, 1, 3, 2]",465,249.45330619812012,True,12.917260368883131,11,0.00107421875
1110000101,15256,"[0, 1, 3, 2]",465,249.47190284729004,False,12.917260368883131,11,0.00107421875
1110000101,15257,"[0, 1, 3, 2]",465,249.48549270629883,True,12.917260368883131,11,0.00107421875
1110000101,15258,"[0, 1, 3, 2]",465,249.50599670410156,False,12.917260368883131,11,0.00107421875
1110000101,15259,"[0, 1, 3, 2]",465,249.51934814453125,True,12.917260368883131,11,0.00107421875
1110000101,15260,"[0, 1, 3, 2]",465,249.53794479370117,False,12.917260368883131,11,0.00107421875
1110000101,15261,"[0, 1, 3, 2]",465,249.55105781555176,True,12.917260368883131,11,0.00107421875
1110000101,15262,"[0, 1, 3, 2]",465,249.56917762756348,False,12.917260368883131,11,0.00107421875
1110000101,15263,"[0, 1, 3, 2]",465,249.58229064941406,True,12.917260368883131,11,0.00107421875
1110000101,15264,"[0, 1, 3, 2]",465,249.60064888000488,False,12.917260368883131,11,0.00107421875
1110000101,15265,"[0, 1, 3, 2]",465,249.61400032043457,True,12.917260368883131,11,0.00107421875
1110000101,15266,"[0, 1, 3, 2]",465,249.6318817138672,False,12.917260368883131,11,0.00107421875
1110000101,15267,"[0, 1, 3, 2]",465,249.64594841003418,True,12.917260368883131,11,0.00107421875
1110000101,15268,"[0, 1, 3, 2]",465,249.6640682220459,False,12.917260368883131,11,0.00107421875
1110000101,15269,"[0, 1, 3, 2]",465,249.6781349182129,True,12.917260368883131,11,0.00107421875
1110000101,15270,"[0, 1, 3, 2]",465,249.6962547302246,False,12.917260368883131,11,0.00107421875
1110000101,15271,"[0, 1, 3, 2]",465,249.7100830078125,True,12.917260368883131,11,0.00107421875
0011101000,15272,"[1, 3, 2, 0]",9450,249.72987174987793,False,31.019224473084186,10,0.0009765625
0011101000,15273,"[1, 0, 3, 2]",465,249.74465370178223,True,31.019224473084186,10,0.0009765625
0011101000,15274,"[1, 3, 2, 0]",9450,249.76301193237305,False,31.019224473084186,10,0.0009765625
0011101000,15275,"[1, 0, 3, 2]",465,249.77707862854004,True,31.019224473084186,10,0.0009765625
0011101000,15276,"[1, 3, 2, 0]",9450,249.79543685913086,False,31.019224473084186,10,0.0009765625
0011101000,15277,"[1, 0, 3, 2]",465,249.80950355529785,True,31.019224473084186,10,0.0009765625
0011101000,15278,"[1, 3, 2, 0]",9450,249.8304843902588,False,31.019224473084186,10,0.0009765625
0011101000,15279,"[1, 0, 3, 2]",465,249.84455108642578,True,31.019224473084186,10,0.0009765625
0011101000,15280,"[1, 3, 2, 0]",9450,249.8629093170166,False,31.019224473084186,10,0.0009765625
0011101000,15281,"[1, 0, 3, 2]",465,249.8767375946045,True,31.019224473084186,10,0.0009765625
0011101000,15282,"[1, 3, 2, 0]",9450,249.8950958251953,False,31.019224473084186,10,0.0009765625
0011101000,15283,"[1, 0, 3, 2]",465,249.9089241027832,True,31.019224473084186,10,0.0009765625
0011101000,15284,"[1, 3, 2, 0]",9450,249.9370574951172,False,31.019224473084186,10,0.0009765625
0011101000,15285,"[1, 0, 3, 2]",465,249.95017051696777,True,31.019224473084186,10,0.0009765625
0011101000,15286,"[1, 3, 2, 0]",9450,249.9675750732422,False,31.019224473084186,10,0.0009765625
0011101000,15287,"[1, 0, 3, 2]",465,249.98068809509277,True,31.019224473084186,10,0.0009765625
0011101000,15288,"[1, 3, 2, 0]",9450,249.9980926513672,False,31.019224473084186,10,0.0009765625
0011101000,15289,"[1, 0, 3, 2]",465,250.01096725463867,True,31.019224473084186,10,0.0009765625
0011101000,15290,"[1, 3, 2, 0]",9450,250.0288486480713,False,31.019224473084186,10,0.0009765625
0011101000,15291,"[1, 0, 3, 2]",465,250.04220008850098,True,31.019224473084186,10,0.0009765625
1010010101,15292,"[1, 0, 3, 2]",465,250.0617504119873,False,17.897195036979454,10,0.0009765625
1010010101,15293,"[1, 0, 3, 2]",465,250.0748634338379,True,17.897195036979454,10,0.0009765625
1010010101,15294,"[1, 0, 3, 2]",465,250.0927448272705,False,17.897195036979454,10,0.0009765625
1010010101,15295,"[1, 0, 3, 2]",465,250.1058578491211,True,17.897195036979454,10,0.0009765625
1010010101,15296,"[1, 0, 3, 2]",465,250.1232624053955,False,17.897195036979454,10,0.0009765625
1010010101,15297,"[1, 0, 3, 2]",465,250.136137008667,True,17.897195036979454,10,0.0009765625
1010010101,15298,"[1, 0, 3, 2]",465,250.1537799835205,False,17.897195036979454,10,0.0009765625
1010010101,15299,"[1, 0, 3, 2]",465,250.1668930053711,True,17.897195036979454,10,0.0009765625
1010010101,15300,"[1, 0, 3, 2]",465,250.18668174743652,False,17.897195036979454,10,0.0009765625
1010010101,15301,"[1, 0, 3, 2]",465,250.1997947692871,True,17.897195036979454,10,0.0009765625
1010010101,15302,"[1, 0, 3, 2]",465,250.21743774414062,False,17.897195036979454,10,0.0009765625
1010010101,15303,"[1, 0, 3, 2]",465,250.2307891845703,True,17.897195036979454,10,0.0009765625
1010010101,15304,"[1, 0, 3, 2]",465,250.24819374084473,False,17.897195036979454,10,0.0009765625
1010010101,15305,"[1, 0, 3, 2]",465,250.2610683441162,True,17.897195036979454,10,0.0009765625
1010010101,15306,"[1, 0, 3, 2]",465,250.27823448181152,False,17.897195036979454,10,0.0009765625
1010010101,15307,"[1, 0, 3, 2]",465,250.2913475036621,True,17.897195036979454,10,0.0009765625
1010010101,15308,"[1, 0, 3, 2]",465,250.30875205993652,False,17.897195036979454,10,0.0009765625
1010010101,15309,"[1, 0, 3, 2]",465,250.3218650817871,True,17.897195036979454,10,0.0009765625
1010010101,15310,"[1, 0, 3, 2]",465,250.33926963806152,False,17.897195036979454,10,0.0009765625
1010010101,15311,"[1, 0, 3, 2]",465,250.3526210784912,True,17.897195036979454,10,0.0009765625
0110101001,15312,"[3, 2, 1, 0]",9600,250.37026405334473,False,33.63603382345701,10,0.0009765625
0110101001,15313,"[3, 2, 1, 0]",9600,250.38385391235352,True,33.63603382345701,10,0.0009765625
0110101001,15314,"[3, 2, 1, 0]",9600,250.40149688720703,False,33.63603382345701,10,0.0009765625
0110101001,15315,"[3, 2, 1, 0]",9600,250.41484832763672,True,33.63603382345701,10,0.0009765625
0110101001,15316,"[3, 2, 1, 0]",9600,250.43225288391113,False,33.63603382345701,10,0.0009765625
0110101001,15317,"[3, 2, 1, 0]",9600,250.44512748718262,True,33.63603382345701,10,0.0009765625
0110101001,15318,"[3, 2, 1, 0]",9600,250.46277046203613,False,33.63603382345701,10,0.0009765625
0110101001,15319,"[3, 2, 1, 0]",9600,250.47588348388672,True,33.63603382345701,10,0.0009765625
0110101001,15320,"[3, 2, 1, 0]",9600,250.49543380737305,False,33.63603382345701,10,0.0009765625
0110101001,15321,"[3, 2, 1, 0]",9600,250.50830841064453,True,33.63603382345701,10,0.0009765625
0110101001,15322,"[3, 2, 1, 0]",9600,250.52595138549805,False,33.63603382345701,10,0.0009765625
0110101001,15323,"[3, 2, 1, 0]",9600,250.53858757019043,True,33.63603382345701,10,0.0009765625
0110101001,15324,"[3, 2, 1, 0]",9600,250.55623054504395,False,33.63603382345701,10,0.0009765625
0110101001,15325,"[3, 2, 1, 0]",9600,250.56886672973633,True,33.63603382345701,10,0.0009765625
0110101001,15326,"[3, 2, 1, 0]",9600,250.58650970458984,False,33.63603382345701,10,0.0009765625
0110101001,15327,"[3, 2, 1, 0]",9600,250.59938430786133,True,33.63603382345701,10,0.0009765625
0110101001,15328,"[3, 2, 1, 0]",9600,250.61702728271484,False,33.63603382345701,10,0.0009765625
0110101001,15329,"[3, 2, 1, 0]",9600,250.63014030456543,True,33.63603382345701,10,0.0009765625
0110101001,15330,"[3, 2, 1, 0]",9600,250.64778327941895,False,33.63603382345701,10,0.0009765625
0110101001,15331,"[3, 2, 1, 0]",9600,250.66065788269043,True,33.63603382345701,10,0.0009765625
0000010000,15332,"[2, 3, 1, 0]",9600,250.67806243896484,False,17.692679049617418,10,0.0009765625
0000010000,15333,"[2, 3, 1, 0]",9600,250.69141387939453,True,17.692679049617418,10,0.0009765625
0000010000,15334,"[2, 3, 1, 0]",9600,250.70858001708984,False,17.692679049617418,10,0.0009765625
0000010000,15335,"[2, 3, 1, 0]",9600,250.72145462036133,True,17.692679049617418,10,0.0009765625
0000010000,15336,"[2, 3, 1, 0]",9600,250.73885917663574,False,17.692679049617418,10,0.0009765625
0000010000,15337,"[2, 3, 1, 0]",9600,250.75149536132812,True,17.692679049617418,10,0.0009765625
0000010000,15338,"[2, 3, 1, 0]",9600,250.76913833618164,False,17.692679049617418,10,0.0009765625
0000010000,15339,"[2, 3, 1, 0]",9600,250.78129768371582,True,17.692679049617418,10,0.0009765625
0000010000,15340,"[2, 3, 1, 0]",9600,250.80108642578125,False,17.692679049617418,10,0.0009765625
0000010000,15341,"[2, 3, 1, 0]",9600,250.81443786621094,True,17.692679049617418,10,0.0009765625
0000010000,15342,"[2, 3, 1, 0]",9600,250.83398818969727,False,17.692679049617418,10,0.0009765625
0000010000,15343,"[2, 3, 1, 0]",9600,250.84662437438965,True,17.692679049617418,10,0.0009765625
0000010000,15344,"[2, 3, 1, 0]",9600,250.86426734924316,False,17.692679049617418,10,0.0009765625
0000010000,15345,"[2, 3, 1, 0]",9600,250.87714195251465,True,17.692679049617418,10,0.0009765625
0000010000,15346,"[2, 3, 1, 0]",9600,250.89454650878906,False,17.692679049617418,10,0.0009765625
0000010000,15347,"[2, 3, 1, 0]",9600,250.90718269348145,True,17.692679049617418,10,0.0009765625
0000010000,15348,"[2, 3, 1, 0]",9600,250.92506408691406,False,17.692679049617418,10,0.0009765625
0000010000,15349,"[2, 3, 1, 0]",9600,250.93746185302734,True,17.692679049617418,10,0.0009765625
0000010000,15350,"[2, 3, 1, 0]",9600,250.95486640930176,False,17.692679049617418,10,0.0009765625
0000010000,15351,"[2, 3, 1, 0]",9600,250.96750259399414,True,17.692679049617418,10,0.0009765625
1111011100,15352,"[3, 1, 0, 2]",900,250.98538398742676,False,41.89048051314043,10,0.0009765625
1111011100,15353,"[3, 1, 0, 2]",900,250.99921226501465,True,41.89048051314043,10,0.0009765625
1111011100,15354,"[3, 1, 0, 2]",900,251.01685523986816,False,41.89048051314043,10,0.0009765625
1111011100,15355,"[3, 1, 0, 2]",900,251.03044509887695,True,41.89048051314043,10,0.0009765625
1111011100,15356,"[3, 1, 0, 2]",900,251.04832649230957,False,41.89048051314043,10,0.0009765625
1111011100,15357,"[3, 1, 0, 2]",900,251.06167793273926,True,41.89048051314043,10,0.0009765625
1111011100,15358,"[3, 1, 0, 2]",900,251.07932090759277,False,41.89048051314043,10,0.0009765625
1111011100,15359,"[3, 1, 0, 2]",900,251.09267234802246,True,41.89048051314043,10,0.0009765625
1111011100,15360,"[3, 1, 0, 2]",900,251.11031532287598,False,41.89048051314043,10,0.0009765625
1111011100,15361,"[3, 1, 0, 2]",900,251.12390518188477,True,41.89048051314043,10,0.0009765625
1111011100,15362,"[3, 1, 0, 2]",900,251.143217086792,False,41.89048051314043,10,0.0009765625
1111011100,15363,"[3, 1, 0, 2]",900,251.15656852722168,True,41.89048051314043,10,0.0009765625
1111011100,15364,"[3, 1, 0, 2]",900,251.1744499206543,False,41.89048051314043,10,0.0009765625
1111011100,15365,"[3, 1, 0, 2]",900,251.18756294250488,True,41.89048051314043,10,0.0009765625
1111011100,15366,"[3, 1, 0, 2]",900,251.2054443359375,False,41.89048051314043,10,0.0009765625
1111011100,15367,"[3, 1, 0, 2]",900,251.2185573577881,True,41.89048051314043,10,0.0009765625
1111011100,15368,"[3, 1, 0, 2]",900,251.2366771697998,False,41.89048051314043,10,0.0009765625
1111011100,15369,"[3, 1, 0, 2]",900,251.2497901916504,True,41.89048051314043,10,0.0009765625
1111011100,15370,"[3, 1, 0, 2]",900,251.2679100036621,False,41.89048051314043,10,0.0009765625
1111011100,15371,"[3, 1, 0, 2]",900,251.2812614440918,True,41.89048051314043,10,0.0009765625
1100010100,15372,"[0, 3, 2, 1]",6300,251.2989044189453,False,17.274426870775493,10,0.0009765625
1100010100,15373,"[0, 1, 3, 2]",465,251.3127326965332,True,17.274426870775493,10,0.0009765625
1100010100,15374,"[0, 3, 2, 1]",6300,251.33037567138672,False,17.274426870775493,10,0.0009765625
1100010100,15375,"[0, 1, 3, 2]",465,251.3437271118164,True,17.274426870775493,10,0.0009765625
1100010100,15376,"[0, 3, 2, 1]",6300,251.36160850524902,False,17.274426870775493,10,0.0009765625
1100010100,15377,"[0, 1, 3, 2]",465,251.3747215270996,True,17.274426870775493,10,0.0009765625
1100010100,15378,"[0, 3, 2, 1]",6300,251.39236450195312,False,17.274426870775493,10,0.0009765625
1100010100,15379,"[0, 1, 3, 2]",465,251.4054775238037,True,17.274426870775493,10,0.0009765625
1100010100,15380,"[0, 3, 2, 1]",6300,251.42312049865723,False,17.274426870775493,10,0.0009765625
1100010100,15381,"[0, 1, 3, 2]",465,251.43671035766602,True,17.274426870775493,10,0.0009765625
1100010100,15382,"[0, 3, 2, 1]",6300,251.45435333251953,False,17.274426870775493,10,0.0009765625
1100010100,15383,"[0, 1, 3, 2]",465,251.46746635437012,True,17.274426870775493,10,0.0009765625
1100010100,15384,"[0, 3, 2, 1]",6300,251.48653984069824,False,17.274426870775493,10,0.0009765625
1100010100,15385,"[0, 1, 3, 2]",465,251.49965286254883,True,17.274426870775493,10,0.0009765625
1100010100,15386,"[0, 3, 2, 1]",6300,251.51705741882324,False,17.274426870775493,10,0.0009765625
1100010100,15387,"[0, 1, 3, 2]",465,251.53017044067383,True,17.274426870775493,10,0.0009765625
1100010100,15388,"[0, 3, 2, 1]",6300,251.54757499694824,False,17.274426870775493,10,0.0009765625
1100010100,15389,"[0, 1, 3, 2]",465,251.56044960021973,True,17.274426870775493,10,0.0009765625
1100010100,15390,"[0, 3, 2, 1]",6300,251.57809257507324,False,17.274426870775493,10,0.0009765625
1100010100,15391,"[0, 1, 3, 2]",465,251.59168243408203,True,17.274426870775493,10,0.0009765625
1000011111,15392,"[3, 0, 2, 1]",6300,251.61147117614746,False,15.343709070385504,10,0.0009765625
1000011111,15393,"[3, 0, 1, 2]",750,251.62506103515625,True,15.343709070385504,10,0.0009765625
1000011111,15394,"[3, 0, 2, 1]",6300,251.64294242858887,False,15.343709070385504,10,0.0009765625
1000011111,15395,"[3, 0, 1, 2]",750,251.65653228759766,True,15.343709070385504,10,0.0009765625
1000011111,15396,"[3, 0, 2, 1]",6300,251.67465209960938,False,15.343709070385504,10,0.0009765625
1000011111,15397,"[3, 0, 1, 2]",750,251.68752670288086,True,15.343709070385504,10,0.0009765625
1000011111,15398,"[3, 0, 2, 1]",6300,251.70540809631348,False,15.343709070385504,10,0.0009765625
1000011111,15399,"[3, 0, 1, 2]",750,251.71828269958496,True,15.343709070385504,10,0.0009765625
1000011111,15400,"[3, 0, 2, 1]",6300,251.73592567443848,False,15.343709070385504,10,0.0009765625
1000011111,15401,"[3, 0, 1, 2]",750,251.74903869628906,True,15.343709070385504,10,0.0009765625
1000011111,15402,"[3, 0, 2, 1]",6300,251.76668167114258,False,15.343709070385504,10,0.0009765625
1000011111,15403,"[3, 0, 1, 2]",750,251.78003311157227,True,15.343709070385504,10,0.0009765625
1000011111,15404,"[3, 0, 2, 1]",6300,251.7993450164795,False,15.343709070385504,10,0.0009765625
1000011111,15405,"[3, 0, 1, 2]",750,251.81245803833008,True,15.343709070385504,10,0.0009765625
1000011111,15406,"[3, 0, 2, 1]",6300,251.8301010131836,False,15.343709070385504,10,0.0009765625
1000011111,15407,"[3, 0, 1, 2]",750,251.8467903137207,True,15.343709070385504,10,0.0009765625
1000011111,15408,"[3, 0, 2, 1]",6300,251.86491012573242,False,15.343709070385504,10,0.0009765625
1000011111,15409,"[3, 0, 1, 2]",750,251.89471244812012,True,15.343709070385504,10,0.0009765625
1000011111,15410,"[3, 0, 2, 1]",6300,251.91330909729004,False,15.343709070385504,10,0.0009765625
1000011111,15411,"[3, 0, 1, 2]",750,251.92713737487793,True,15.343709070385504,10,0.0009765625
1011000011,15412,"[1, 0, 3, 2]",465,251.94573402404785,False,13.414198781142993,10,0.0009765625
1011000011,15413,"[1, 0, 3, 2]",465,251.96003913879395,True,13.414198781142993,10,0.0009765625
1011000011,15414,"[1, 0, 3, 2]",465,251.97815895080566,False,13.414198781142993,10,0.0009765625
1011000011,15415,"[1, 0, 3, 2]",465,251.99222564697266,True,13.414198781142993,10,0.0009765625
1011000011,15416,"[1, 0, 3, 2]",465,252.01082229614258,False,13.414198781142993,10,0.0009765625
1011000011,15417,"[1, 0, 3, 2]",465,252.02441215515137,True,13.414198781142993,10,0.0009765625
1011000011,15418,"[1, 0, 3, 2]",465,252.0432472229004,False,13.414198781142993,10,0.0009765625
1011000011,15419,"[1, 0, 3, 2]",465,252.05683708190918,True,13.414198781142993,10,0.0009765625
1011000011,15420,"[1, 0, 3, 2]",465,252.0754337310791,False,13.414198781142993,10,0.0009765625
1011000011,15421,"[1, 0, 3, 2]",465,252.0887851715088,True,13.414198781142993,10,0.0009765625
1011000011,15422,"[1, 0, 3, 2]",465,252.1071434020996,False,13.414198781142993,10,0.0009765625
1011000011,15423,"[1, 0, 3, 2]",465,252.1207332611084,True,13.414198781142993,10,0.0009765625
1011000011,15424,"[1, 0, 3, 2]",465,252.13932991027832,False,13.414198781142993,10,0.0009765625
1011000011,15425,"[1, 0, 3, 2]",465,252.1529197692871,True,13.414198781142993,10,0.0009765625
1011000011,15426,"[1, 0, 3, 2]",465,252.17294692993164,False,13.414198781142993,10,0.0009765625
1011000011,15427,"[1, 0, 3, 2]",465,252.18653678894043,True,13.414198781142993,10,0.0009765625
1011000011,15428,"[1, 0, 3, 2]",465,252.20489501953125,False,13.414198781142993,10,0.0009765625
1011000011,15429,"[1, 0, 3, 2]",465,252.21848487854004,True,13.414198781142993,10,0.0009765625
1011000011,15430,"[1, 0, 3, 2]",465,252.23660469055176,False,13.414198781142993,10,0.0009765625
1011000011,15431,"[1, 0, 3, 2]",465,252.2737979888916,True,13.414198781142993,10,0.0009765625
0010101101,15432,"[3, 2, 1, 0]",9600,252.29334831237793,False,33.86367851516228,10,0.0009765625
0010101101,15433,"[3, 2, 1, 0]",9600,252.30813026428223,True,33.86367851516228,10,0.0009765625
0010101101,15434,"[3, 2, 1, 0]",9600,252.32672691345215,False,33.86367851516228,10,0.0009765625
0010101101,15435,"[3, 2, 1, 0]",9600,252.34174728393555,True,33.86367851516228,10,0.0009765625
0010101101,15436,"[3, 2, 1, 0]",9600,252.36010551452637,False,33.86367851516228,10,0.0009765625
0010101101,15437,"[3, 2, 1, 0]",9600,252.37441062927246,True,33.86367851516228,10,0.0009765625
0010101101,15438,"[3, 2, 1, 0]",9600,252.39253044128418,False,33.86367851516228,10,0.0009765625
0010101101,15439,"[3, 2, 1, 0]",9600,252.40683555603027,True,33.86367851516228,10,0.0009765625
0010101101,15440,"[3, 2, 1, 0]",9600,252.4271011352539,False,33.86367851516228,10,0.0009765625
0010101101,15441,"[3, 2, 1, 0]",9600,252.4418830871582,True,33.86367851516228,10,0.0009765625
0010101101,15442,"[3, 2, 1, 0]",9600,252.46024131774902,False,33.86367851516228,10,0.0009765625
0010101101,15443,"[3, 2, 1, 0]",9600,252.47430801391602,True,33.86367851516228,10,0.0009765625
0010101101,15444,"[3, 2, 1, 0]",9600,252.49433517456055,False,33.86367851516228,10,0.0009765625
0010101101,15445,"[3, 2, 1, 0]",9600,252.50840187072754,True,33.86367851516228,10,0.0009765625
0010101101,15446,"[3, 2, 1, 0]",9600,252.52819061279297,False,33.86367851516228,10,0.0009765625
0010101101,15447,"[3, 2, 1, 0]",9600,252.54178047180176,True,33.86367851516228,10,0.0009765625
0010101101,15448,"[3, 2, 1, 0]",9600,252.56013870239258,False,33.86367851516228,10,0.0009765625
0010101101,15449,"[3, 2, 1, 0]",9600,252.57325172424316,True,33.86367851516228,10,0.0009765625
0010101101,15450,"[3, 2, 1, 0]",9600,252.5918483734131,False,33.86367851516228,10,0.0009765625
0010101101,15451,"[3, 2, 1, 0]",9600,252.61545181274414,True,33.86367851516228,10,0.0009765625
1001000011,15452,"[0, 1, 3, 2]",465,252.63333320617676,False,16.031008131515815,10,0.0009765625
1001000011,15453,"[0, 1, 3, 2]",465,252.64692306518555,True,16.031008131515815,10,0.0009765625
1001000011,15454,"[0, 1, 3, 2]",465,252.66480445861816,False,16.031008131515815,10,0.0009765625
1001000011,15455,"[0, 1, 3, 2]",465,252.67839431762695,True,16.031008131515815,10,0.0009765625
1001000011,15456,"[0, 1, 3, 2]",465,252.69579887390137,False,16.031008131515815,10,0.0009765625
1001000011,15457,"[0, 1, 3, 2]",465,252.70867347717285,True,16.031008131515815,10,0.0009765625
1001000011,15458,"[0, 1, 3, 2]",465,252.72607803344727,False,16.031008131515815,10,0.0009765625
1001000011,15459,"[0, 1, 3, 2]",465,252.73895263671875,True,16.031008131515815,10,0.0009765625
1001000011,15460,"[0, 1, 3, 2]",465,252.75635719299316,False,16.031008131515815,10,0.0009765625
1001000011,15461,"[0, 1, 3, 2]",465,252.76923179626465,True,16.031008131515815,10,0.0009765625
1001000011,15462,"[0, 1, 3, 2]",465,252.78639793395996,False,16.031008131515815,10,0.0009765625
1001000011,15463,"[0, 1, 3, 2]",465,252.79951095581055,True,16.031008131515815,10,0.0009765625
1001000011,15464,"[0, 1, 3, 2]",465,252.81691551208496,False,16.031008131515815,10,0.0009765625
1001000011,15465,"[0, 1, 3, 2]",465,252.83002853393555,True,16.031008131515815,10,0.0009765625
1001000011,15466,"[0, 1, 3, 2]",465,252.84814834594727,False,16.031008131515815,10,0.0009765625
1001000011,15467,"[0, 1, 3, 2]",465,252.86102294921875,True,16.031008131515815,10,0.0009765625
1001000011,15468,"[0, 1, 3, 2]",465,252.88033485412598,False,16.031008131515815,10,0.0009765625
1001000011,15469,"[0, 1, 3, 2]",465,252.89368629455566,True,16.031008131515815,10,0.0009765625
1001000011,15470,"[0, 1, 3, 2]",465,252.91109085083008,False,16.031008131515815,10,0.0009765625
1001000011,15471,"[0, 1, 3, 2]",465,252.92444229125977,True,16.031008131515815,10,0.0009765625
1000011100,15472,"[3, 0, 2, 1]",6300,252.94208526611328,False,17.854254080592117,10,0.0009765625
1000011100,15473,"[3, 0, 1, 2]",750,252.95567512512207,True,17.854254080592117,10,0.0009765625
1000011100,15474,"[3, 0, 2, 1]",6300,252.9733180999756,False,17.854254080592117,10,0.0009765625
1000011100,15475,"[3, 0, 1, 2]",750,252.98690795898438,True,17.854254080592117,10,0.0009765625
1000011100,15476,"[3, 0, 2, 1]",6300,253.004789352417,False,17.854254080592117,10,0.0009765625
1000011100,15477,"[3, 0, 1, 2]",750,253.01790237426758,True,17.854254080592117,10,0.0009765625
1000011100,15478,"[3, 0, 2, 1]",6300,253.0357837677002,False,17.854254080592117,10,0.0009765625
1000011100,15479,"[3, 0, 1, 2]",750,253.04865837097168,True,17.854254080592117,10,0.0009765625
1000011100,15480,"[3, 0, 2, 1]",6300,253.0667781829834,False,17.854254080592117,10,0.0009765625
1000011100,15481,"[3, 0, 1, 2]",750,253.07965278625488,True,17.854254080592117,10,0.0009765625
1000011100,15482,"[3, 0, 2, 1]",6300,253.0972957611084,False,17.854254080592117,10,0.0009765625
1000011100,15483,"[3, 0, 1, 2]",750,253.11040878295898,True,17.854254080592117,10,0.0009765625
1000011100,15484,"[3, 0, 2, 1]",6300,253.1280517578125,False,17.854254080592117,10,0.0009765625
1000011100,15485,"[3, 0, 1, 2]",750,253.1411647796631,True,17.854254080592117,10,0.0009765625
1000011100,15486,"[3, 0, 2, 1]",6300,253.1588077545166,False,17.854254080592117,10,0.0009765625
1000011100,15487,"[3, 0, 1, 2]",750,253.1721591949463,True,17.854254080592117,10,0.0009765625
1000011100,15488,"[3, 0, 2, 1]",6300,253.19337844848633,False,17.854254080592117,10,0.0009765625
1000011100,15489,"[3, 0, 1, 2]",750,253.2064914703369,True,17.854254080592117,10,0.0009765625
1000011100,15490,"[3, 0, 2, 1]",6300,253.22437286376953,False,17.854254080592117,10,0.0009765625
1000011100,15491,"[3, 0, 1, 2]",750,253.23796272277832,True,17.854254080592117,10,0.0009765625
0011110010,15492,"[2, 1, 3, 0]",9300,253.25632095336914,False,12.318016911728506,10,0.0009765625
0011110010,15493,"[2, 1, 0, 3]",600,253.27014923095703,True,12.318016911728506,10,0.0009765625
0011110010,15494,"[2, 1, 3, 0]",9300,253.28993797302246,False,12.318016911728506,10,0.0009765625
0011110010,15495,"[2, 1, 0, 3]",600,253.30400466918945,True,12.318016911728506,10,0.0009765625
0011110010,15496,"[2, 1, 3, 0]",9300,253.32188606262207,False,12.318016911728506,10,0.0009765625
0011110010,15497,"[2, 1, 0, 3]",600,253.33547592163086,True,12.318016911728506,10,0.0009765625
0011110010,15498,"[2, 1, 3, 0]",9300,253.35311889648438,False,12.318016911728506,10,0.0009765625
0011110010,15499,"[2, 1, 0, 3]",600,253.36647033691406,True,12.318016911728506,10,0.0009765625
0011110010,15500,"[2, 1, 3, 0]",9300,253.38411331176758,False,12.318016911728506,10,0.0009765625
0011110010,15501,"[2, 1, 0, 3]",600,253.39722633361816,True,12.318016911728506,10,0.0009765625
0011110010,15502,"[2, 1, 3, 0]",9300,253.41486930847168,False,12.318016911728506,10,0.0009765625
0011110010,15503,"[2, 1, 0, 3]",600,253.42822074890137,True,12.318016911728506,10,0.0009765625
0011110010,15504,"[2, 1, 3, 0]",9300,253.44586372375488,False,12.318016911728506,10,0.0009765625
0011110010,15505,"[2, 1, 0, 3]",600,253.45921516418457,True,12.318016911728506,10,0.0009765625
0011110010,15506,"[2, 1, 3, 0]",9300,253.4770965576172,False,12.318016911728506,10,0.0009765625
0011110010,15507,"[2, 1, 0, 3]",600,253.49044799804688,True,12.318016911728506,10,0.0009765625
0011110010,15508,"[2, 1, 3, 0]",9300,253.5083293914795,False,12.318016911728506,10,0.0009765625
0011110010,15509,"[2, 1, 0, 3]",600,253.52168083190918,True,12.318016911728506,10,0.0009765625
0011110010,15510,"[2, 1, 3, 0]",9300,253.5407543182373,False,12.318016911728506,10,0.0009765625
0011110010,15511,"[2, 1, 0, 3]",600,253.554105758667,True,12.318016911728506,10,0.0009765625
1110100010,15512,"[0, 2, 1, 3]",500,253.5719871520996,False,21.136129710583916,10,0.0009765625
1110100010,15513,"[0, 1, 2, 3]",315,253.5853385925293,True,21.136129710583916,10,0.0009765625
1110100010,15514,"[0, 2, 1, 3]",500,253.6029815673828,False,21.136129710583916,10,0.0009765625
1110100010,15515,"[0, 1, 2, 3]",315,253.6160945892334,True,21.136129710583916,10,0.0009765625
1110100010,15516,"[0, 2, 1, 3]",500,253.6337375640869,False,21.136129710583916,10,0.0009765625
1110100010,15517,"[0, 1, 2, 3]",315,253.6473274230957,True,21.136129710583916,10,0.0009765625
1110100010,15518,"[0, 2, 1, 3]",500,253.66497039794922,False,21.136129710583916,10,0.0009765625
1110100010,15519,"[0, 1, 2, 3]",315,253.6783218383789,True,21.136129710583916,10,0.0009765625
1110100010,15520,"[0, 2, 1, 3]",500,253.69596481323242,False,21.136129710583916,10,0.0009765625
1110100010,15521,"[0, 1, 2, 3]",315,253.709077835083,True,21.136129710583916,10,0.0009765625
1110100010,15522,"[0, 2, 1, 3]",500,253.72672080993652,False,21.136129710583916,10,0.0009765625
1110100010,15523,"[0, 1, 2, 3]",315,253.739595413208,True,21.136129710583916,10,0.0009765625
1110100010,15524,"[0, 2, 1, 3]",500,253.75723838806152,False,21.136129710583916,10,0.0009765625
1110100010,15525,"[0, 1, 2, 3]",315,253.7703514099121,True,21.136129710583916,10,0.0009765625
1110100010,15526,"[0, 2, 1, 3]",500,253.78775596618652,False,21.136129710583916,10,0.0009765625
1110100010,15527,"[0, 1, 2, 3]",315,253.800630569458,True,21.136129710583916,10,0.0009765625
1110100010,15528,"[0, 2, 1, 3]",500,253.81803512573242,False,21.136129710583916,10,0.0009765625
1110100010,15529,"[0, 1, 2, 3]",315,253.8313865661621,True,21.136129710583916,10,0.0009765625
1110100010,15530,"[0, 2, 1, 3]",500,253.85046005249023,False,21.136129710583916,10,0.0009765625
1110100010,15531,"[0, 1, 2, 3]",315,253.86333465576172,True,21.136129710583916,10,0.0009765625
1101001100,15532,"[3, 0, 1, 2]",750,253.88121604919434,False,19.482091381388685,10,0.0009765625
1101001100,15533,"[3, 0, 1, 2]",750,253.89456748962402,True,19.482091381388685,10,0.0009765625
1101001100,15534,"[3, 0, 1, 2]",750,253.91244888305664,False,19.482091381388685,10,0.0009765625
1101001100,15535,"[3, 0, 1, 2]",750,253.92556190490723,True,19.482091381388685,10,0.0009765625
1101001100,15536,"[3, 0, 1, 2]",750,253.94320487976074,False,19.482091381388685,10,0.0009765625
1101001100,15537,"[3, 0, 1, 2]",750,253.95655632019043,True,19.482091381388685,10,0.0009765625
1101001100,15538,"[3, 0, 1, 2]",750,253.97419929504395,False,19.482091381388685,10,0.0009765625
1101001100,15539,"[3, 0, 1, 2]",750,253.98731231689453,True,19.482091381388685,10,0.0009765625
1101001100,15540,"[3, 0, 1, 2]",750,254.00495529174805,False,19.482091381388685,10,0.0009765625
1101001100,15541,"[3, 0, 1, 2]",750,254.01806831359863,True,19.482091381388685,10,0.0009765625
1101001100,15542,"[3, 0, 1, 2]",750,254.03618812561035,False,19.482091381388685,10,0.0009765625
1101001100,15543,"[3, 0, 1, 2]",750,254.04882431030273,True,19.482091381388685,10,0.0009765625
1101001100,15544,"[3, 0, 1, 2]",750,254.06861305236816,False,19.482091381388685,10,0.0009765625
1101001100,15545,"[3, 0, 1, 2]",750,254.08196449279785,True,19.482091381388685,10,0.0009765625
1101001100,15546,"[3, 0, 1, 2]",750,254.09960746765137,False,19.482091381388685,10,0.0009765625
1101001100,15547,"[3, 0, 1, 2]",750,254.11295890808105,True,19.482091381388685,10,0.0009765625
1101001100,15548,"[3, 0, 1, 2]",750,254.13084030151367,False,19.482091381388685,10,0.0009765625
1101001100,15549,"[3, 0, 1, 2]",750,254.14419174194336,True,19.482091381388685,10,0.0009765625
1101001100,15550,"[3, 0, 1, 2]",750,254.16183471679688,False,19.482091381388685,10,0.0009765625
1101001100,15551,"[3, 0, 1, 2]",750,254.17494773864746,True,19.482091381388685,10,0.0009765625
1010001100,15552,"[3, 1, 0, 2]",900,254.1944980621338,False,29.527848871949352,10,0.0009765625
1010001100,15553,"[3, 1, 0, 2]",900,254.20784950256348,True,29.527848871949352,10,0.0009765625
1010001100,15554,"[3, 1, 0, 2]",900,254.225492477417,False,29.527848871949352,10,0.0009765625
1010001100,15555,"[3, 1, 0, 2]",900,254.23884391784668,True,29.527848871949352,10,0.0009765625
1010001100,15556,"[3, 1, 0, 2]",900,254.2567253112793,False,29.527848871949352,10,0.0009765625
1010001100,15557,"[3, 1, 0, 2]",900,254.26983833312988,True,29.527848871949352,10,0.0009765625
1010001100,15558,"[3, 1, 0, 2]",900,254.2874813079834,False,29.527848871949352,10,0.0009765625
1010001100,15559,"[3, 1, 0, 2]",900,254.30059432983398,True,29.527848871949352,10,0.0009765625
1010001100,15560,"[3, 1, 0, 2]",900,254.3182373046875,False,29.527848871949352,10,0.0009765625
1010001100,15561,"[3, 1, 0, 2]",900,254.3315887451172,True,29.527848871949352,10,0.0009765625
1010001100,15562,"[3, 1, 0, 2]",900,254.3492317199707,False,29.527848871949352,10,0.0009765625
1010001100,15563,"[3, 1, 0, 2]",900,254.3621063232422,True,29.527848871949352,10,0.0009765625
1010001100,15564,"[3, 1, 0, 2]",900,254.3797492980957,False,29.527848871949352,10,0.0009765625
1010001100,15565,"[3, 1, 0, 2]",900,254.3923854827881,True,29.527848871949352,10,0.0009765625
1010001100,15566,"[3, 1, 0, 2]",900,254.4102668762207,False,29.527848871949352,10,0.0009765625
1010001100,15567,"[3, 1, 0, 2]",900,254.4233798980713,True,29.527848871949352,10,0.0009765625
1010001100,15568,"[3, 1, 0, 2]",900,254.4410228729248,False,29.527848871949352,10,0.0009765625
1010001100,15569,"[3, 1, 0, 2]",900,254.4543743133545,True,29.527848871949352,10,0.0009765625
1010001100,15570,"[3, 1, 0, 2]",900,254.472017288208,False,29.527848871949352,10,0.0009765625
1010001100,15571,"[3, 1, 0, 2]",900,254.4853687286377,True,29.527848871949352,10,0.0009765625
0111100101,15572,"[1, 2, 3, 0]",9300,254.50611114501953,False,15.175666353837997,10,0.0009765625
0111100101,15573,"[1, 0, 2, 3]",315,254.52017784118652,True,15.175666353837997,10,0.0009765625
0111100101,15574,"[1, 2, 3, 0]",9300,254.53758239746094,False,15.175666353837997,10,0.0009765625
0111100101,15575,"[1, 0, 2, 3]",315,254.55141067504883,True,15.175666353837997,10,0.0009765625
0111100101,15576,"[1, 2, 3, 0]",9300,254.56929206848145,False,15.175666353837997,10,0.0009765625
0111100101,15577,"[1, 0, 2, 3]",315,254.58288192749023,True,15.175666353837997,10,0.0009765625
0111100101,15578,"[1, 2, 3, 0]",9300,254.60052490234375,False,15.175666353837997,10,0.0009765625
0111100101,15579,"[1, 0, 2, 3]",315,254.61411476135254,True,15.175666353837997,10,0.0009765625
0111100101,15580,"[1, 2, 3, 0]",9300,254.63175773620605,False,15.175666353837997,10,0.0009765625
0111100101,15581,"[1, 0, 2, 3]",315,254.64510917663574,True,15.175666353837997,10,0.0009765625
0111100101,15582,"[1, 2, 3, 0]",9300,254.66275215148926,False,15.175666353837997,10,0.0009765625
0111100101,15583,"[1, 0, 2, 3]",315,254.67610359191895,True,15.175666353837997,10,0.0009765625
0111100101,15584,"[1, 2, 3, 0]",9300,254.69350814819336,False,15.175666353837997,10,0.0009765625
0111100101,15585,"[1, 0, 2, 3]",315,254.70685958862305,True,15.175666353837997,10,0.0009765625
0111100101,15586,"[1, 2, 3, 0]",9300,254.72426414489746,False,15.175666353837997,10,0.0009765625
0111100101,15587,"[1, 0, 2, 3]",315,254.73761558532715,True,15.175666353837997,10,0.0009765625
0111100101,15588,"[1, 2, 3, 0]",9300,254.75525856018066,False,15.175666353837997,10,0.0009765625
0111100101,15589,"[1, 0, 2, 3]",315,254.76813316345215,True,15.175666353837997,10,0.0009765625
0111100101,15590,"[1, 2, 3, 0]",9300,254.78577613830566,False,15.175666353837997,10,0.0009765625
0111100101,15591,"[1, 0, 2, 3]",315,254.79865074157715,True,15.175666353837997,10,0.0009765625
1001001011,15592,"[3, 0, 1, 2]",750,254.81820106506348,False,18.212895332660406,10,0.0009765625
1001001011,15593,"[3, 0, 1, 2]",750,254.83226776123047,True,18.212895332660406,10,0.0009765625
1001001011,15594,"[3, 0, 1, 2]",750,254.8515796661377,False,18.212895332660406,10,0.0009765625
1001001011,15595,"[3, 0, 1, 2]",750,254.86469268798828,True,18.212895332660406,10,0.0009765625
1001001011,15596,"[3, 0, 1, 2]",750,254.8825740814209,False,18.212895332660406,10,0.0009765625
1001001011,15597,"[3, 0, 1, 2]",750,254.89544868469238,True,18.212895332660406,10,0.0009765625
1001001011,15598,"[3, 0, 1, 2]",750,254.9130916595459,False,18.212895332660406,10,0.0009765625
1001001011,15599,"[3, 0, 1, 2]",750,254.92620468139648,True,18.212895332660406,10,0.0009765625
1001001011,15600,"[3, 0, 1, 2]",750,254.9436092376709,False,18.212895332660406,10,0.0009765625
1001001011,15601,"[3, 0, 1, 2]",750,254.9569606781006,True,18.212895332660406,10,0.0009765625
1001001011,15602,"[3, 0, 1, 2]",750,254.9748420715332,False,18.212895332660406,10,0.0009765625
1001001011,15603,"[3, 0, 1, 2]",750,254.988431930542,True,18.212895332660406,10,0.0009765625
1001001011,15604,"[3, 0, 1, 2]",750,255.0060749053955,False,18.212895332660406,10,0.0009765625
1001001011,15605,"[3, 0, 1, 2]",750,255.0199031829834,True,18.212895332660406,10,0.0009765625
1001001011,15606,"[3, 0, 1, 2]",750,255.0375461578369,False,18.212895332660406,10,0.0009765625
1001001011,15607,"[3, 0, 1, 2]",750,255.0511360168457,True,18.212895332660406,10,0.0009765625
1001001011,15608,"[3, 0, 1, 2]",750,255.07187843322754,False,18.212895332660406,10,0.0009765625
1001001011,15609,"[3, 0, 1, 2]",750,255.08522987365723,True,18.212895332660406,10,0.0009765625
1001001011,15610,"[3, 0, 1, 2]",750,255.10287284851074,False,18.212895332660406,10,0.0009765625
1001001011,15611,"[3, 0, 1, 2]",750,255.11598587036133,True,18.212895332660406,10,0.0009765625
0110010000,15612,"[1, 2, 0, 3]",600,255.13362884521484,False,12.677929690572562,10,0.0009765625
0110010000,15613,"[1, 0, 2, 3]",315,255.14745712280273,True,12.677929690572562,10,0.0009765625
0110010000,15614,"[1, 2, 0, 3]",600,255.16653060913086,False,12.677929690572562,10,0.0009765625
0110010000,15615,"[1, 0, 2, 3]",315,255.18012046813965,True,12.677929690572562,10,0.0009765625
0110010000,15616,"[1, 2, 0, 3]",600,255.19800186157227,False,12.677929690572562,10,0.0009765625
0110010000,15617,"[1, 0, 2, 3]",315,255.21135330200195,True,12.677929690572562,10,0.0009765625
0110010000,15618,"[1, 2, 0, 3]",600,255.22923469543457,False,12.677929690572562,10,0.0009765625
0110010000,15619,"[1, 0, 2, 3]",315,255.24258613586426,True,12.677929690572562,10,0.0009765625
0110010000,15620,"[1, 2, 0, 3]",600,255.26022911071777,False,12.677929690572562,10,0.0009765625
0110010000,15621,"[1, 0, 2, 3]",315,255.27334213256836,True,12.677929690572562,10,0.0009765625
0110010000,15622,"[1, 2, 0, 3]",600,255.29074668884277,False,12.677929690572562,10,0.0009765625
0110010000,15623,"[1, 0, 2, 3]",315,255.30385971069336,True,12.677929690572562,10,0.0009765625
0110010000,15624,"[1, 2, 0, 3]",600,255.32150268554688,False,12.677929690572562,10,0.0009765625
0110010000,15625,"[1, 0, 2, 3]",315,255.33437728881836,True,12.677929690572562,10,0.0009765625
0110010000,15626,"[1, 2, 0, 3]",600,255.35202026367188,False,12.677929690572562,10,0.0009765625
0110010000,15627,"[1, 0, 2, 3]",315,255.36513328552246,True,12.677929690572562,10,0.0009765625
0110010000,15628,"[1, 2, 0, 3]",600,255.38277626037598,False,12.677929690572562,10,0.0009765625
0110010000,15629,"[1, 0, 2, 3]",315,255.39708137512207,True,12.677929690572562,10,0.0009765625
0110010000,15630,"[1, 2, 0, 3]",600,255.4152011871338,False,12.677929690572562,10,0.0009765625
0110010000,15631,"[1, 0, 2, 3]",315,255.42831420898438,True,12.677929690572562,10,0.0009765625
0010001111,15632,"[3, 1, 2, 0]",9450,255.4459571838379,False,18.960756307408655,10,0.0009765625
0010001111,15633,"[3, 1, 0, 2]",900,255.45978546142578,True,18.960756307408655,10,0.0009765625
0010001111,15634,"[3, 1, 2, 0]",9450,255.4779052734375,False,18.960756307408655,10,0.0009765625
0010001111,15635,"[3, 1, 0, 2]",900,255.4914951324463,True,18.960756307408655,10,0.0009765625
0010001111,15636,"[3, 1, 2, 0]",9450,255.51128387451172,False,18.960756307408655,10,0.0009765625
0010001111,15637,"[3, 1, 0, 2]",900,255.5246353149414,True,18.960756307408655,10,0.0009765625
0010001111,15638,"[3, 1, 2, 0]",9450,255.54227828979492,False,18.960756307408655,10,0.0009765625
0010001111,15639,"[3, 1, 0, 2]",900,255.5551528930664,True,18.960756307408655,10,0.0009765625
0010001111,15640,"[3, 1, 2, 0]",9450,255.57279586791992,False,18.960756307408655,10,0.0009765625
0010001111,15641,"[3, 1, 0, 2]",900,255.5863857269287,True,18.960756307408655,10,0.0009765625
0010001111,15642,"[3, 1, 2, 0]",9450,255.60450553894043,False,18.960756307408655,10,0.0009765625
0010001111,15643,"[3, 1, 0, 2]",900,255.61785697937012,True,18.960756307408655,10,0.0009765625
0010001111,15644,"[3, 1, 2, 0]",9450,255.63764572143555,False,18.960756307408655,10,0.0009765625
0010001111,15645,"[3, 1, 0, 2]",900,255.65099716186523,True,18.960756307408655,10,0.0009765625
0010001111,15646,"[3, 1, 2, 0]",9450,255.66887855529785,False,18.960756307408655,10,0.0009765625
0010001111,15647,"[3, 1, 0, 2]",900,255.68199157714844,True,18.960756307408655,10,0.0009765625
0010001111,15648,"[3, 1, 2, 0]",9450,255.70011138916016,False,18.960756307408655,10,0.0009765625
0010001111,15649,"[3, 1, 0, 2]",900,255.71298599243164,True,18.960756307408655,10,0.0009765625
0010001111,15650,"[3, 1, 2, 0]",9450,255.73086738586426,False,18.960756307408655,10,0.0009765625
0010001111,15651,"[3, 1, 0, 2]",900,255.74398040771484,True,18.960756307408655,10,0.0009765625
1010011001,15652,"[3, 1, 0, 2]",900,255.76162338256836,False,33.43658072909422,10,0.0009765625
1010011001,15653,"[3, 1, 0, 2]",900,255.77473640441895,True,33.43658072909422,10,0.0009765625
1010011001,15654,"[3, 1, 0, 2]",900,255.79214096069336,False,33.43658072909422,10,0.0009765625
1010011001,15655,"[3, 1, 0, 2]",900,255.80525398254395,True,33.43658072909422,10,0.0009765625
1010011001,15656,"[3, 1, 0, 2]",900,255.82551956176758,False,33.43658072909422,10,0.0009765625
1010011001,15657,"[3, 1, 0, 2]",900,255.83887100219727,True,33.43658072909422,10,0.0009765625
1010011001,15658,"[3, 1, 0, 2]",900,255.8600902557373,False,33.43658072909422,10,0.0009765625
1010011001,15659,"[3, 1, 0, 2]",900,255.873441696167,True,33.43658072909422,10,0.0009765625
1010011001,15660,"[3, 1, 0, 2]",900,255.8913230895996,False,33.43658072909422,10,0.0009765625
1010011001,15661,"[3, 1, 0, 2]",900,255.9044361114502,True,33.43658072909422,10,0.0009765625
1010011001,15662,"[3, 1, 0, 2]",900,255.9220790863037,False,33.43658072909422,10,0.0009765625
1010011001,15663,"[3, 1, 0, 2]",900,255.9354305267334,True,33.43658072909422,10,0.0009765625
1010011001,15664,"[3, 1, 0, 2]",900,255.9530735015869,False,33.43658072909422,10,0.0009765625
1010011001,15665,"[3, 1, 0, 2]",900,255.9666633605957,True,33.43658072909422,10,0.0009765625
1010011001,15666,"[3, 1, 0, 2]",900,255.98382949829102,False,33.43658072909422,10,0.0009765625
1010011001,15667,"[3, 1, 0, 2]",900,255.9971809387207,True,33.43658072909422,10,0.0009765625
1010011001,15668,"[3, 1, 0, 2]",900,256.0145854949951,False,33.43658072909422,10,0.0009765625
1010011001,15669,"[3, 1, 0, 2]",900,256.0274600982666,True,33.43658072909422,10,0.0009765625
1010011001,15670,"[3, 1, 0, 2]",900,256.044864654541,False,33.43658072909422,10,0.0009765625
1010011001,15671,"[3, 1, 0, 2]",900,256.0579776763916,True,33.43658072909422,10,0.0009765625
0110011101,15672,"[3, 1, 2, 0]",9450,256.0756206512451,False,18.75766101326228,10,0.0009765625
0110011101,15673,"[3, 1, 0, 2]",900,256.0887336730957,True,18.75766101326228,10,0.0009765625
0110011101,15674,"[3, 1, 2, 0]",9450,256.1061382293701,False,18.75766101326228,10,0.0009765625
0110011101,15675,"[3, 1, 0, 2]",900,256.1194896697998,True,18.75766101326228,10,0.0009765625
0110011101,15676,"[3, 1, 2, 0]",9450,256.1373710632324,False,18.75766101326228,10,0.0009765625
0110011101,15677,"[3, 1, 0, 2]",900,256.150484085083,True,18.75766101326228,10,0.0009765625
0110011101,15678,"[3, 1, 2, 0]",9450,256.16979598999023,False,18.75766101326228,10,0.0009765625
0110011101,15679,"[3, 1, 0, 2]",900,256.1826705932617,True,18.75766101326228,10,0.0009765625
0110011101,15680,"[3, 1, 2, 0]",9450,256.20031356811523,False,18.75766101326228,10,0.0009765625
0110011101,15681,"[3, 1, 0, 2]",900,256.2134265899658,True,18.75766101326228,10,0.0009765625
0110011101,15682,"[3, 1, 2, 0]",9450,256.23106956481934,False,18.75766101326228,10,0.0009765625
0110011101,15683,"[3, 1, 0, 2]",900,256.2441825866699,True,18.75766101326228,10,0.0009765625
0110011101,15684,"[3, 1, 2, 0]",9450,256.26158714294434,False,18.75766101326228,10,0.0009765625
0110011101,15685,"[3, 1, 0, 2]",900,256.2747001647949,True,18.75766101326228,10,0.0009765625
0110011101,15686,"[3, 1, 2, 0]",9450,256.29234313964844,False,18.75766101326228,10,0.0009765625
0110011101,15687,"[3, 1, 0, 2]",900,256.3052177429199,True,18.75766101326228,10,0.0009765625
0110011101,15688,"[3, 1, 2, 0]",9450,256.32262229919434,False,18.75766101326228,10,0.0009765625
0110011101,15689,"[3, 1, 0, 2]",900,256.335973739624,True,18.75766101326228,10,0.0009765625
0110011101,15690,"[3, 1, 2, 0]",9450,256.35385513305664,False,18.75766101326228,10,0.0009765625
0110011101,15691,"[3, 1, 0, 2]",900,256.3672065734863,True,18.75766101326228,10,0.0009765625
1001101010,15692,"[3, 2, 0, 1]",6600,256.38532638549805,False,27.10131501963538,10,0.0009765625
1001101010,15693,"[3, 2, 0, 1]",6600,256.39891624450684,True,27.10131501963538,10,0.0009765625
1001101010,15694,"[3, 2, 0, 1]",6600,256.41703605651855,False,27.10131501963538,10,0.0009765625
1001101010,15695,"[3, 2, 0, 1]",6600,256.42991065979004,True,27.10131501963538,10,0.0009765625
1001101010,15696,"[3, 2, 0, 1]",6600,256.44946098327637,False,27.10131501963538,10,0.0009765625
1001101010,15697,"[3, 2, 0, 1]",6600,256.46305084228516,True,27.10131501963538,10,0.0009765625
1001101010,15698,"[3, 2, 0, 1]",6600,256.4821243286133,False,27.10131501963538,10,0.0009765625
1001101010,15699,"[3, 2, 0, 1]",6600,256.49523735046387,True,27.10131501963538,10,0.0009765625
1001101010,15700,"[3, 2, 0, 1]",6600,256.5131187438965,False,27.10131501963538,10,0.0009765625
1001101010,15701,"[3, 2, 0, 1]",6600,256.52623176574707,True,27.10131501963538,10,0.0009765625
1001101010,15702,"[3, 2, 0, 1]",6600,256.5441131591797,False,27.10131501963538,10,0.0009765625
1001101010,15703,"[3, 2, 0, 1]",6600,256.5569877624512,True,27.10131501963538,10,0.0009765625
1001101010,15704,"[3, 2, 0, 1]",6600,256.5748691558838,False,27.10131501963538,10,0.0009765625
1001101010,15705,"[3, 2, 0, 1]",6600,256.5877437591553,True,27.10131501963538,10,0.0009765625
1001101010,15706,"[3, 2, 0, 1]",6600,256.6051483154297,False,27.10131501963538,10,0.0009765625
1001101010,15707,"[3, 2, 0, 1]",6600,256.61754608154297,True,27.10131501963538,10,0.0009765625
1001101010,15708,"[3, 2, 0, 1]",6600,256.6356658935547,False,27.10131501963538,10,0.0009765625
1001101010,15709,"[3, 2, 0, 1]",6600,256.64830207824707,True,27.10131501963538,10,0.0009765625
1001101010,15710,"[3, 2, 0, 1]",6600,256.6657066345215,False,27.10131501963538,10,0.0009765625
1001101010,15711,"[3, 2, 0, 1]",6600,256.67858123779297,True,27.10131501963538,10,0.0009765625
0001111011,15712,"[2, 3, 1, 0]",9600,256.6962242126465,False,15.343709070385508,10,0.0009765625
0001111011,15713,"[2, 3, 1, 0]",9600,256.70933723449707,True,15.343709070385508,10,0.0009765625
0001111011,15714,"[2, 3, 1, 0]",9600,256.7269802093506,False,15.343709070385508,10,0.0009765625
0001111011,15715,"[2, 3, 1, 0]",9600,256.7403316497803,True,15.343709070385508,10,0.0009765625
0001111011,15716,"[2, 3, 1, 0]",9600,256.7574977874756,False,15.343709070385508,10,0.0009765625
0001111011,15717,"[2, 3, 1, 0]",9600,256.7706108093262,True,15.343709070385508,10,0.0009765625
0001111011,15718,"[2, 3, 1, 0]",9600,256.7880153656006,False,15.343709070385508,10,0.0009765625
0001111011,15719,"[2, 3, 1, 0]",9600,256.8011283874512,True,15.343709070385508,10,0.0009765625
0001111011,15720,"[2, 3, 1, 0]",9600,256.8202018737793,False,15.343709070385508,10,0.0009765625
0001111011,15721,"[2, 3, 1, 0]",9600,256.8330764770508,True,15.343709070385508,10,0.0009765625
0001111011,15722,"[2, 3, 1, 0]",9600,256.8502426147461,False,15.343709070385508,10,0.0009765625
0001111011,15723,"[2, 3, 1, 0]",9600,256.8631172180176,True,15.343709070385508,10,0.0009765625
0001111011,15724,"[2, 3, 1, 0]",9600,256.880521774292,False,15.343709070385508,10,0.0009765625
0001111011,15725,"[2, 3, 1, 0]",9600,256.8933963775635,True,15.343709070385508,10,0.0009765625
0001111011,15726,"[2, 3, 1, 0]",9600,256.9108009338379,False,15.343709070385508,10,0.0009765625
0001111011,15727,"[2, 3, 1, 0]",9600,256.9236755371094,True,15.343709070385508,10,0.0009765625
0001111011,15728,"[2, 3, 1, 0]",9600,256.9410800933838,False,15.343709070385508,10,0.0009765625
0001111011,15729,"[2, 3, 1, 0]",9600,256.95347785949707,True,15.343709070385508,10,0.0009765625
0001111011,15730,"[2, 3, 1, 0]",9600,256.9706439971924,False,15.343709070385508,10,0.0009765625
0001111011,15731,"[2, 3, 1, 0]",9600,256.98328018188477,True,15.343709070385508,10,0.0009765625
1000000100,15732,"[0, 3, 2, 1]",6300,257.0006847381592,False,15.18188720114459,9,0.00087890625
1000000100,15733,"[0, 1, 3, 2]",465,257.01403617858887,True,15.18188720114459,9,0.00087890625
1000000100,15734,"[0, 3, 2, 1]",6300,257.0316791534424,False,15.18188720114459,9,0.00087890625
1000000100,15735,"[0, 1, 3, 2]",465,257.04455375671387,True,15.18188720114459,9,0.00087890625
1000000100,15736,"[0, 3, 2, 1]",6300,257.0626735687256,False,15.18188720114459,9,0.00087890625
1000000100,15737,"[0, 1, 3, 2]",465,257.07554817199707,True,15.18188720114459,9,0.00087890625
1000000100,15738,"[0, 3, 2, 1]",6300,257.0931911468506,False,15.18188720114459,9,0.00087890625
1000000100,15739,"[0, 1, 3, 2]",465,257.1067810058594,True,15.18188720114459,9,0.00087890625
1000000100,15740,"[0, 3, 2, 1]",6300,257.1263313293457,False,15.18188720114459,9,0.00087890625
1000000100,15741,"[0, 1, 3, 2]",465,257.1394443511963,True,15.18188720114459,9,0.00087890625
1000000100,15742,"[0, 3, 2, 1]",6300,257.1568489074707,False,15.18188720114459,9,0.00087890625
1000000100,15743,"[0, 1, 3, 2]",465,257.1702003479004,True,15.18188720114459,9,0.00087890625
1000000100,15744,"[0, 3, 2, 1]",6300,257.1883201599121,False,15.18188720114459,9,0.00087890625
1000000100,15745,"[0, 1, 3, 2]",465,257.2014331817627,True,15.18188720114459,9,0.00087890625
1000000100,15746,"[0, 3, 2, 1]",6300,257.220983505249,False,15.18188720114459,9,0.00087890625
1000000100,15747,"[0, 1, 3, 2]",465,257.2340965270996,True,15.18188720114459,9,0.00087890625
1000000100,15748,"[0, 3, 2, 1]",6300,257.2519779205322,False,15.18188720114459,9,0.00087890625
1000000100,15749,"[0, 1, 3, 2]",465,257.2648525238037,True,15.18188720114459,9,0.00087890625
1000010010,15750,"[0, 2, 3, 1]",6200,257.2824954986572,False,15.69267904961742,9,0.00087890625
1000010010,15751,"[0, 1, 2, 3]",315,257.2956085205078,True,15.69267904961742,9,0.00087890625
1000010010,15752,"[0, 2, 3, 1]",6200,257.3130130767822,False,15.69267904961742,9,0.00087890625
1000010010,15753,"[0, 1, 2, 3]",315,257.3256492614746,True,15.69267904961742,9,0.00087890625
1000010010,15754,"[0, 2, 3, 1]",6200,257.343053817749,False,15.69267904961742,9,0.00087890625
1000010010,15755,"[0, 1, 2, 3]",315,257.3564052581787,True,15.69267904961742,9,0.00087890625
1000010010,15756,"[0, 2, 3, 1]",6200,257.3740482330322,False,15.69267904961742,9,0.00087890625
1000010010,15757,"[0, 1, 2, 3]",315,257.3869228363037,True,15.69267904961742,9,0.00087890625
1000010010,15758,"[0, 2, 3, 1]",6200,257.4043273925781,False,15.69267904961742,9,0.00087890625
1000010010,15759,"[0, 1, 2, 3]",315,257.4174404144287,True,15.69267904961742,9,0.00087890625
1000010010,15760,"[0, 2, 3, 1]",6200,257.4353218078613,False,15.69267904961742,9,0.00087890625
1000010010,15761,"[0, 1, 2, 3]",315,257.4489116668701,True,15.69267904961742,9,0.00087890625
1000010010,15762,"[0, 2, 3, 1]",6200,257.48181343078613,False,15.69267904961742,9,0.00087890625
1000010010,15763,"[0, 1, 2, 3]",315,257.4954032897949,True,15.69267904961742,9,0.00087890625
1000010010,15764,"[0, 2, 3, 1]",6200,257.5235366821289,False,15.69267904961742,9,0.00087890625
1000010010,15765,"[0, 1, 2, 3]",315,257.5368881225586,True,15.69267904961742,9,0.00087890625
1000010010,15766,"[0, 2, 3, 1]",6200,257.5650215148926,False,15.69267904961742,9,0.00087890625
1000010010,15767,"[0, 1, 2, 3]",315,257.57837295532227,True,15.69267904961742,9,0.00087890625
0101111000,15768,"[2, 3, 1, 0]",9600,257.60602951049805,False,21.80849659003144,9,0.00087890625
0101111000,15769,"[2, 3, 1, 0]",9600,257.61985778808594,True,21.80849659003144,9,0.00087890625
0101111000,15770,"[2, 3, 1, 0]",9600,257.6475143432617,False,21.80849659003144,9,0.00087890625
0101111000,15771,"[2, 3, 1, 0]",9600,257.6756477355957,True,21.80849659003144,9,0.00087890625
0101111000,15772,"[2, 3, 1, 0]",9600,257.7033042907715,False,21.80849659003144,9,0.00087890625
0101111000,15773,"[2, 3, 1, 0]",9600,257.7388286590576,True,21.80849659003144,9,0.00087890625
0101111000,15774,"[2, 3, 1, 0]",9600,257.7688694000244,False,21.80849659003144,9,0.00087890625
0101111000,15775,"[2, 3, 1, 0]",9600,257.7953338623047,True,21.80849659003144,9,0.00087890625
0101111000,15776,"[2, 3, 1, 0]",9600,257.8153610229492,False,21.80849659003144,9,0.00087890625
0101111000,15777,"[2, 3, 1, 0]",9600,257.8287124633789,True,21.80849659003144,9,0.00087890625
0101111000,15778,"[2, 3, 1, 0]",9600,257.8465938568115,False,21.80849659003144,9,0.00087890625
0101111000,15779,"[2, 3, 1, 0]",9600,257.88354873657227,True,21.80849659003144,9,0.00087890625
0101111000,15780,"[2, 3, 1, 0]",9600,257.9021453857422,False,21.80849659003144,9,0.00087890625
0101111000,15781,"[2, 3, 1, 0]",9600,257.9154968261719,True,21.80849659003144,9,0.00087890625
0101111000,15782,"[2, 3, 1, 0]",9600,257.9352855682373,False,21.80849659003144,9,0.00087890625
0101111000,15783,"[2, 3, 1, 0]",9600,257.9481601715088,True,21.80849659003144,9,0.00087890625
0101111000,15784,"[2, 3, 1, 0]",9600,257.9660415649414,False,21.80849659003144,9,0.00087890625
0101111000,15785,"[2, 3, 1, 0]",9600,257.979154586792,True,21.80849659003144,9,0.00087890625
0111010000,15786,"[1, 2, 0, 3]",600,257.9967975616455,False,15.473562869650419,9,0.00087890625
0111010000,15787,"[1, 0, 2, 3]",315,258.0106258392334,True,15.473562869650419,9,0.00087890625
0111010000,15788,"[1, 2, 0, 3]",600,258.0287456512451,False,15.473562869650419,9,0.00087890625
0111010000,15789,"[1, 0, 2, 3]",315,258.0423355102539,True,15.473562869650419,9,0.00087890625
0111010000,15790,"[1, 2, 0, 3]",600,258.0602169036865,False,15.473562869650419,9,0.00087890625
0111010000,15791,"[1, 0, 2, 3]",315,258.0738067626953,True,15.473562869650419,9,0.00087890625
0111010000,15792,"[1, 2, 0, 3]",600,258.09168815612793,False,15.473562869650419,9,0.00087890625
0111010000,15793,"[1, 0, 2, 3]",315,258.1055164337158,True,15.473562869650419,9,0.00087890625
0111010000,15794,"[1, 2, 0, 3]",600,258.12363624572754,False,15.473562869650419,9,0.00087890625
0111010000,15795,"[1, 0, 2, 3]",315,258.13746452331543,True,15.473562869650419,9,0.00087890625
0111010000,15796,"[1, 2, 0, 3]",600,258.15725326538086,False,15.473562869650419,9,0.00087890625
0111010000,15797,"[1, 0, 2, 3]",315,258.17060470581055,True,15.473562869650419,9,0.00087890625
0111010000,15798,"[1, 2, 0, 3]",600,258.18800926208496,False,15.473562869650419,9,0.00087890625
0111010000,15799,"[1, 0, 2, 3]",315,258.20136070251465,True,15.473562869650419,9,0.00087890625
0111010000,15800,"[1, 2, 0, 3]",600,258.21900367736816,False,15.473562869650419,9,0.00087890625
0111010000,15801,"[1, 0, 2, 3]",315,258.23211669921875,True,15.473562869650419,9,0.00087890625
0111010000,15802,"[1, 2, 0, 3]",600,258.24999809265137,False,15.473562869650419,9,0.00087890625
0111010000,15803,"[1, 0, 2, 3]",315,258.26287269592285,True,15.473562869650419,9,0.00087890625
0001010000,15804,"[2, 1, 3, 0]",9300,258.2821846008301,False,16.136129710583916,9,0.00087890625
0001010000,15805,"[2, 1, 0, 3]",600,258.29601287841797,True,16.136129710583916,9,0.00087890625
0001010000,15806,"[2, 1, 3, 0]",9300,258.3138942718506,False,16.136129710583916,9,0.00087890625
0001010000,15807,"[2, 1, 0, 3]",600,258.3274841308594,True,16.136129710583916,9,0.00087890625
0001010000,15808,"[2, 1, 3, 0]",9300,258.345365524292,False,16.136129710583916,9,0.00087890625
0001010000,15809,"[2, 1, 0, 3]",600,258.3587169647217,True,16.136129710583916,9,0.00087890625
0001010000,15810,"[2, 1, 3, 0]",9300,258.3763599395752,False,16.136129710583916,9,0.00087890625
0001010000,15811,"[2, 1, 0, 3]",600,258.389949798584,True,16.136129710583916,9,0.00087890625
0001010000,15812,"[2, 1, 3, 0]",9300,258.4078311920166,False,16.136129710583916,9,0.00087890625
0001010000,15813,"[2, 1, 0, 3]",600,258.4211826324463,True,16.136129710583916,9,0.00087890625
0001010000,15814,"[2, 1, 3, 0]",9300,258.4388256072998,False,16.136129710583916,9,0.00087890625
0001010000,15815,"[2, 1, 0, 3]",600,258.4521770477295,True,16.136129710583916,9,0.00087890625
0001010000,15816,"[2, 1, 3, 0]",9300,258.469820022583,False,16.136129710583916,9,0.00087890625
0001010000,15817,"[2, 1, 0, 3]",600,258.4829330444336,True,16.136129710583916,9,0.00087890625
0001010000,15818,"[2, 1, 3, 0]",9300,258.5005760192871,False,16.136129710583916,9,0.00087890625
0001010000,15819,"[2, 1, 0, 3]",600,258.5141658782959,True,16.136129710583916,9,0.00087890625
0001010000,15820,"[2, 1, 3, 0]",9300,258.5320472717285,False,16.136129710583916,9,0.00087890625
0001010000,15821,"[2, 1, 0, 3]",600,258.5453987121582,True,16.136129710583916,9,0.00087890625
1010010111,15822,"[1, 0, 3, 2]",465,258.5632801055908,False,14.545012518868091,9,0.00087890625
1010010111,15823,"[1, 0, 3, 2]",465,258.5771083831787,True,14.545012518868091,9,0.00087890625
1010010111,15824,"[1, 0, 3, 2]",465,258.59642028808594,False,14.545012518868091,9,0.00087890625
1010010111,15825,"[1, 0, 3, 2]",465,258.6102485656738,True,14.545012518868091,9,0.00087890625
1010010111,15826,"[1, 0, 3, 2]",465,258.62765312194824,False,14.545012518868091,9,0.00087890625
1010010111,15827,"[1, 0, 3, 2]",465,258.6407661437988,True,14.545012518868091,9,0.00087890625
1010010111,15828,"[1, 0, 3, 2]",465,258.65817070007324,False,14.545012518868091,9,0.00087890625
1010010111,15829,"[1, 0, 3, 2]",465,258.6712837219238,True,14.545012518868091,9,0.00087890625
1010010111,15830,"[1, 0, 3, 2]",465,258.68868827819824,False,14.545012518868091,9,0.00087890625
1010010111,15831,"[1, 0, 3, 2]",465,258.7015628814697,True,14.545012518868091,9,0.00087890625
1010010111,15832,"[1, 0, 3, 2]",465,258.71920585632324,False,14.545012518868091,9,0.00087890625
1010010111,15833,"[1, 0, 3, 2]",465,258.7318420410156,True,14.545012518868091,9,0.00087890625
1010010111,15834,"[1, 0, 3, 2]",465,258.74972343444824,False,14.545012518868091,9,0.00087890625
1010010111,15835,"[1, 0, 3, 2]",465,258.7623596191406,True,14.545012518868091,9,0.00087890625
1010010111,15836,"[1, 0, 3, 2]",465,258.78024101257324,False,14.545012518868091,9,0.00087890625
1010010111,15837,"[1, 0, 3, 2]",465,258.7931156158447,True,14.545012518868091,9,0.00087890625
1010010111,15838,"[1, 0, 3, 2]",465,258.81075859069824,False,14.545012518868091,9,0.00087890625
1010010111,15839,"[1, 0, 3, 2]",465,258.8236331939697,True,14.545012518868091,9,0.00087890625
0111000110,15840,"[1, 3, 0, 2]",900,258.84127616882324,False,17.37696980232058,9,0.00087890625
0111000110,15841,"[1, 0, 3, 2]",465,258.8543891906738,True,17.37696980232058,9,0.00087890625
0111000110,15842,"[1, 3, 0, 2]",900,258.87203216552734,False,17.37696980232058,9,0.00087890625
0111000110,15843,"[1, 0, 3, 2]",465,258.88514518737793,True,17.37696980232058,9,0.00087890625
0111000110,15844,"[1, 3, 0, 2]",900,258.90469551086426,False,17.37696980232058,9,0.00087890625
0111000110,15845,"[1, 0, 3, 2]",465,258.91852378845215,True,17.37696980232058,9,0.00087890625
0111000110,15846,"[1, 3, 0, 2]",900,258.9380741119385,False,17.37696980232058,9,0.00087890625
0111000110,15847,"[1, 0, 3, 2]",465,258.95142555236816,True,17.37696980232058,9,0.00087890625
0111000110,15848,"[1, 3, 0, 2]",900,258.9693069458008,False,17.37696980232058,9,0.00087890625
0111000110,15849,"[1, 0, 3, 2]",465,258.98289680480957,True,17.37696980232058,9,0.00087890625
0111000110,15850,"[1, 3, 0, 2]",900,259.0005397796631,False,17.37696980232058,9,0.00087890625
0111000110,15851,"[1, 0, 3, 2]",465,259.0138912200928,True,17.37696980232058,9,0.00087890625
0111000110,15852,"[1, 3, 0, 2]",900,259.0315341949463,False,17.37696980232058,9,0.00087890625
0111000110,15853,"[1, 0, 3, 2]",465,259.0451240539551,True,17.37696980232058,9,0.00087890625
0111000110,15854,"[1, 3, 0, 2]",900,259.0625286102295,False,17.37696980232058,9,0.00087890625
0111000110,15855,"[1, 0, 3, 2]",465,259.0756416320801,True,17.37696980232058,9,0.00087890625
0111000110,15856,"[1, 3, 0, 2]",900,259.0930461883545,False,17.37696980232058,9,0.00087890625
0111000110,15857,"[1, 0, 3, 2]",465,259.1061592102051,True,17.37696980232058,9,0.00087890625
0001001111,15858,"[3, 1, 2, 0]",9450,259.1238021850586,False,12.960756307408655,9,0.00087890625
0001001111,15859,"[3, 1, 0, 2]",900,259.1371536254883,True,12.960756307408655,9,0.00087890625
0001001111,15860,"[3, 1, 2, 0]",9450,259.1550350189209,False,12.960756307408655,9,0.00087890625
0001001111,15861,"[3, 1, 0, 2]",900,259.1683864593506,True,12.960756307408655,9,0.00087890625
0001001111,15862,"[3, 1, 2, 0]",9450,259.1862678527832,False,12.960756307408655,9,0.00087890625
0001001111,15863,"[3, 1, 0, 2]",900,259.1996192932129,True,12.960756307408655,9,0.00087890625
0001001111,15864,"[3, 1, 2, 0]",9450,259.2175006866455,False,12.960756307408655,9,0.00087890625
0001001111,15865,"[3, 1, 0, 2]",900,259.2310905456543,True,12.960756307408655,9,0.00087890625
0001001111,15866,"[3, 1, 2, 0]",9450,259.2506408691406,False,12.960756307408655,9,0.00087890625
0001001111,15867,"[3, 1, 0, 2]",900,259.2639923095703,True,12.960756307408655,9,0.00087890625
0001001111,15868,"[3, 1, 2, 0]",9450,259.28211212158203,False,12.960756307408655,9,0.00087890625
0001001111,15869,"[3, 1, 0, 2]",900,259.2952251434326,True,12.960756307408655,9,0.00087890625
0001001111,15870,"[3, 1, 2, 0]",9450,259.31286811828613,False,12.960756307408655,9,0.00087890625
0001001111,15871,"[3, 1, 0, 2]",900,259.3257427215576,True,12.960756307408655,9,0.00087890625
0001001111,15872,"[3, 1, 2, 0]",9450,259.34386253356934,False,12.960756307408655,9,0.00087890625
0001001111,15873,"[3, 1, 0, 2]",900,259.3564987182617,True,12.960756307408655,9,0.00087890625
0001001111,15874,"[3, 1, 2, 0]",9450,259.37461853027344,False,12.960756307408655,9,0.00087890625
0001001111,15875,"[3, 1, 0, 2]",900,259.3874931335449,True,12.960756307408655,9,0.00087890625
1111100011,15876,"[1, 0, 2, 3]",315,259.40537452697754,False,13.519320360211097,9,0.00087890625
1111100011,15877,"[1, 0, 2, 3]",315,259.4187259674072,True,13.519320360211097,9,0.00087890625
1111100011,15878,"[1, 0, 2, 3]",315,259.43708419799805,False,13.519320360211097,9,0.00087890625
1111100011,15879,"[1, 0, 2, 3]",315,259.45043563842773,True,13.519320360211097,9,0.00087890625
1111100011,15880,"[1, 0, 2, 3]",315,259.46879386901855,False,13.519320360211097,9,0.00087890625
1111100011,15881,"[1, 0, 2, 3]",315,259.48166847229004,True,13.519320360211097,9,0.00087890625
1111100011,15882,"[1, 0, 2, 3]",315,259.49931144714355,False,13.519320360211097,9,0.00087890625
1111100011,15883,"[1, 0, 2, 3]",315,259.51266288757324,True,13.519320360211097,9,0.00087890625
1111100011,15884,"[1, 0, 2, 3]",315,259.53030586242676,False,13.519320360211097,9,0.00087890625
1111100011,15885,"[1, 0, 2, 3]",315,259.54365730285645,True,13.519320360211097,9,0.00087890625
1111100011,15886,"[1, 0, 2, 3]",315,259.56130027770996,False,13.519320360211097,9,0.00087890625
1111100011,15887,"[1, 0, 2, 3]",315,259.57465171813965,True,13.519320360211097,9,0.00087890625
1111100011,15888,"[1, 0, 2, 3]",315,259.5944404602051,False,13.519320360211097,9,0.00087890625
1111100011,15889,"[1, 0, 2, 3]",315,259.60755348205566,True,13.519320360211097,9,0.00087890625
1111100011,15890,"[1, 0, 2, 3]",315,259.6251964569092,False,13.519320360211097,9,0.00087890625
1111100011,15891,"[1, 0, 2, 3]",315,259.63807106018066,True,13.519320360211097,9,0.00087890625
1111100011,15892,"[1, 0, 2, 3]",315,259.6559524536133,False,13.519320360211097,9,0.00087890625
1111100011,15893,"[1, 0, 2, 3]",315,259.66882705688477,True,13.519320360211097,9,0.00087890625
1110101000,15894,"[0, 3, 2, 1]",6300,259.6871852874756,False,47.54451884233566,9,0.00087890625
1110101000,15895,"[0, 1, 3, 2]",465,259.7012519836426,True,47.54451884233566,9,0.00087890625
1110101000,15896,"[0, 3, 2, 1]",6300,259.7208023071289,False,47.54451884233566,9,0.00087890625
1110101000,15897,"[0, 1, 3, 2]",465,259.7346305847168,True,47.54451884233566,9,0.00087890625
1110101000,15898,"[0, 3, 2, 1]",6300,259.7522735595703,False,47.54451884233566,9,0.00087890625
1110101000,15899,"[0, 1, 3, 2]",465,259.765625,True,47.54451884233566,9,0.00087890625
1110101000,15900,"[0, 3, 2, 1]",6300,259.7835063934326,False,47.54451884233566,9,0.00087890625
1110101000,15901,"[0, 1, 3, 2]",465,259.7963809967041,True,47.54451884233566,9,0.00087890625
1110101000,15902,"[0, 3, 2, 1]",6300,259.8140239715576,False,47.54451884233566,9,0.00087890625
1110101000,15903,"[0, 1, 3, 2]",465,259.8271369934082,True,47.54451884233566,9,0.00087890625
1110101000,15904,"[0, 3, 2, 1]",6300,259.86456871032715,False,47.54451884233566,9,0.00087890625
1110101000,15905,"[0, 1, 3, 2]",465,259.89460945129395,True,47.54451884233566,9,0.00087890625
1110101000,15906,"[0, 3, 2, 1]",6300,259.91368293762207,False,47.54451884233566,9,0.00087890625
1110101000,15907,"[0, 1, 3, 2]",465,259.92798805236816,True,47.54451884233566,9,0.00087890625
1110101000,15908,"[0, 3, 2, 1]",6300,259.9484920501709,False,47.54451884233566,9,0.00087890625
1110101000,15909,"[0, 1, 3, 2]",465,259.9625587463379,True,47.54451884233566,9,0.00087890625
1110101000,15910,"[0, 3, 2, 1]",6300,259.9809169769287,False,47.54451884233566,9,0.00087890625
1110101000,15911,"[0, 1, 3, 2]",465,259.9945068359375,True,47.54451884233566,9,0.00087890625
0110000101,15912,"[1, 3, 0, 2]",900,260.0131034851074,False,11.565077850771768,9,0.00087890625
0110000101,15913,"[1, 0, 3, 2]",465,260.0274085998535,True,11.565077850771768,9,0.00087890625
0110000101,15914,"[1, 3, 0, 2]",900,260.04552841186523,False,11.565077850771768,9,0.00087890625
0110000101,15915,"[1, 0, 3, 2]",465,260.0595951080322,True,11.565077850771768,9,0.00087890625
0110000101,15916,"[1, 3, 0, 2]",900,260.07795333862305,False,11.565077850771768,9,0.00087890625
0110000101,15917,"[1, 0, 3, 2]",465,260.09178161621094,True,11.565077850771768,9,0.00087890625
0110000101,15918,"[1, 3, 0, 2]",900,260.11061668395996,False,11.565077850771768,9,0.00087890625
0110000101,15919,"[1, 0, 3, 2]",465,260.12396812438965,True,11.565077850771768,9,0.00087890625
0110000101,15920,"[1, 3, 0, 2]",900,260.14256477355957,False,11.565077850771768,9,0.00087890625
0110000101,15921,"[1, 0, 3, 2]",465,260.15639305114746,True,11.565077850771768,9,0.00087890625
0110000101,15922,"[1, 3, 0, 2]",900,260.1747512817383,False,11.565077850771768,9,0.00087890625
0110000101,15923,"[1, 0, 3, 2]",465,260.18810272216797,True,11.565077850771768,9,0.00087890625
0110000101,15924,"[1, 3, 0, 2]",900,260.2066993713379,False,11.565077850771768,9,0.00087890625
0110000101,15925,"[1, 0, 3, 2]",465,260.2202892303467,True,11.565077850771768,9,0.00087890625
0110000101,15926,"[1, 3, 0, 2]",900,260.2384090423584,False,11.565077850771768,9,0.00087890625
0110000101,15927,"[1, 0, 3, 2]",465,260.2522373199463,True,11.565077850771768,9,0.00087890625
0110000101,15928,"[1, 3, 0, 2]",900,260.2708339691162,False,11.565077850771768,9,0.00087890625
0110000101,15929,"[1, 0, 3, 2]",465,260.2846622467041,True,11.565077850771768,9,0.00087890625
0010001001,15930,"[3, 1, 2, 0]",9450,260.3154182434082,False,34.03953664325408,9,0.00087890625
0010001001,15931,"[3, 1, 0, 2]",900,260.3287696838379,True,34.03953664325408,9,0.00087890625
0010001001,15932,"[3, 1, 2, 0]",9450,260.3468894958496,False,34.03953664325408,9,0.00087890625
0010001001,15933,"[3, 1, 0, 2]",900,260.3600025177002,True,34.03953664325408,9,0.00087890625
0010001001,15934,"[3, 1, 2, 0]",9450,260.3778839111328,False,34.03953664325408,9,0.00087890625
0010001001,15935,"[3, 1, 0, 2]",900,260.3912353515625,True,34.03953664325408,9,0.00087890625
0010001001,15936,"[3, 1, 2, 0]",9450,260.4093551635742,False,34.03953664325408,9,0.00087890625
0010001001,15937,"[3, 1, 0, 2]",900,260.4231834411621,True,34.03953664325408,9,0.00087890625
0010001001,15938,"[3, 1, 2, 0]",9450,260.4408264160156,False,34.03953664325408,9,0.00087890625
0010001001,15939,"[3, 1, 0, 2]",900,260.4551315307617,True,34.03953664325408,9,0.00087890625
0010001001,15940,"[3, 1, 2, 0]",9450,260.47277450561523,False,34.03953664325408,9,0.00087890625
0010001001,15941,"[3, 1, 0, 2]",900,260.4870796203613,True,34.03953664325408,9,0.00087890625
0010001001,15942,"[3, 1, 2, 0]",9450,260.50472259521484,False,34.03953664325408,9,0.00087890625
0010001001,15943,"[3, 1, 0, 2]",900,260.51831245422363,True,34.03953664325408,9,0.00087890625
0010001001,15944,"[3, 1, 2, 0]",9450,260.53786277770996,False,34.03953664325408,9,0.00087890625
0010001001,15945,"[3, 1, 0, 2]",900,260.55169105529785,True,34.03953664325408,9,0.00087890625
0010001001,15946,"[3, 1, 2, 0]",9450,260.5724334716797,False,34.03953664325408,9,0.00087890625
0010001001,15947,"[3, 1, 0, 2]",900,260.5862617492676,True,34.03953664325408,9,0.00087890625
0011110100,15948,"[2, 1, 3, 0]",9300,260.6041431427002,False,21.772163534040928,9,0.00087890625
0011110100,15949,"[2, 1, 0, 3]",600,260.6179714202881,True,21.772163534040928,9,0.00087890625
0011110100,15950,"[2, 1, 3, 0]",9300,260.6372833251953,False,21.772163534040928,9,0.00087890625
0011110100,15951,"[2, 1, 0, 3]",600,260.6508731842041,True,21.772163534040928,9,0.00087890625
0011110100,15952,"[2, 1, 3, 0]",9300,260.6687545776367,False,21.772163534040928,9,0.00087890625
0011110100,15953,"[2, 1, 0, 3]",600,260.6821060180664,True,21.772163534040928,9,0.00087890625
0011110100,15954,"[2, 1, 3, 0]",9300,260.6997489929199,False,21.772163534040928,9,0.00087890625
0011110100,15955,"[2, 1, 0, 3]",600,260.7131004333496,True,21.772163534040928,9,0.00087890625
0011110100,15956,"[2, 1, 3, 0]",9300,260.7307434082031,False,21.772163534040928,9,0.00087890625
0011110100,15957,"[2, 1, 0, 3]",600,260.7443332672119,True,21.772163534040928,9,0.00087890625
0011110100,15958,"[2, 1, 3, 0]",9300,260.76221466064453,False,21.772163534040928,9,0.00087890625
0011110100,15959,"[2, 1, 0, 3]",600,260.7758045196533,True,21.772163534040928,9,0.00087890625
0011110100,15960,"[2, 1, 3, 0]",9300,260.79344749450684,False,21.772163534040928,9,0.00087890625
0011110100,15961,"[2, 1, 0, 3]",600,260.8070373535156,True,21.772163534040928,9,0.00087890625
0011110100,15962,"[2, 1, 3, 0]",9300,260.82491874694824,False,21.772163534040928,9,0.00087890625
0011110100,15963,"[2, 1, 0, 3]",600,260.83850860595703,True,21.772163534040928,9,0.00087890625
0011110100,15964,"[2, 1, 3, 0]",9300,260.85638999938965,False,21.772163534040928,9,0.00087890625
0011110100,15965,"[2, 1, 0, 3]",600,260.86974143981934,True,21.772163534040928,9,0.00087890625
1111110110,15966,"[2, 1, 0, 3]",600,260.88738441467285,False,34.68064855291958,9,0.00087890625
1111110110,15967,"[2, 1, 0, 3]",600,260.90097427368164,True,34.68064855291958,9,0.00087890625
1111110110,15968,"[2, 1, 0, 3]",600,260.91861724853516,False,34.68064855291958,9,0.00087890625
1111110110,15969,"[2, 1, 0, 3]",600,260.93196868896484,True,34.68064855291958,9,0.00087890625
1111110110,15970,"[2, 1, 0, 3]",600,260.94985008239746,False,34.68064855291958,9,0.00087890625
1111110110,15971,"[2, 1, 0, 3]",600,260.96343994140625,True,34.68064855291958,9,0.00087890625
1111110110,15972,"[2, 1, 0, 3]",600,260.9829902648926,False,34.68064855291958,9,0.00087890625
1111110110,15973,"[2, 1, 0, 3]",600,260.99634170532227,True,34.68064855291958,9,0.00087890625
1111110110,15974,"[2, 1, 0, 3]",600,261.0139846801758,False,34.68064855291958,9,0.00087890625
1111110110,15975,"[2, 1, 0, 3]",600,261.02709770202637,True,34.68064855291958,9,0.00087890625
1111110110,15976,"[2, 1, 0, 3]",600,261.0452175140381,False,34.68064855291958,9,0.00087890625
1111110110,15977,"[2, 1, 0, 3]",600,261.0583305358887,True,34.68064855291958,9,0.00087890625
1111110110,15978,"[2, 1, 0, 3]",600,261.0762119293213,False,34.68064855291958,9,0.00087890625
1111110110,15979,"[2, 1, 0, 3]",600,261.0890865325928,True,34.68064855291958,9,0.00087890625
1111110110,15980,"[2, 1, 0, 3]",600,261.1072063446045,False,34.68064855291958,9,0.00087890625
1111110110,15981,"[2, 1, 0, 3]",600,261.1198425292969,True,34.68064855291958,9,0.00087890625
1111110110,15982,"[2, 1, 0, 3]",600,261.1374855041504,False,34.68064855291958,9,0.00087890625
1111110110,15983,"[2, 1, 0, 3]",600,261.1508369445801,True,34.68064855291958,9,0.00087890625
0111010101,15984,"[1, 3, 2, 0]",9450,261.1682415008545,False,21.019224473084194,9,0.00087890625
0111010101,15985,"[1, 0, 3, 2]",465,261.1818313598633,True,21.019224473084194,9,0.00087890625
0111010101,15986,"[1, 3, 2, 0]",9450,261.1997127532959,False,21.019224473084194,9,0.00087890625
0111010101,15987,"[1, 0, 3, 2]",465,261.2130641937256,True,21.019224473084194,9,0.00087890625
0111010101,15988,"[1, 3, 2, 0]",9450,261.2309455871582,False,21.019224473084194,9,0.00087890625
0111010101,15989,"[1, 0, 3, 2]",465,261.244535446167,True,21.019224473084194,9,0.00087890625
0111010101,15990,"[1, 3, 2, 0]",9450,261.2621784210205,False,21.019224473084194,9,0.00087890625
0111010101,15991,"[1, 0, 3, 2]",465,261.2760066986084,True,21.019224473084194,9,0.00087890625
0111010101,15992,"[1, 3, 2, 0]",9450,261.2957954406738,False,21.019224473084194,9,0.00087890625
0111010101,15993,"[1, 0, 3, 2]",465,261.3096237182617,True,21.019224473084194,9,0.00087890625
0111010101,15994,"[1, 3, 2, 0]",9450,261.32726669311523,False,21.019224473084194,9,0.00087890625
0111010101,15995,"[1, 0, 3, 2]",465,261.3410949707031,True,21.019224473084194,9,0.00087890625
0111010101,15996,"[1, 3, 2, 0]",9450,261.35873794555664,False,21.019224473084194,9,0.00087890625
0111010101,15997,"[1, 0, 3, 2]",465,261.37256622314453,True,21.019224473084194,9,0.00087890625
0111010101,15998,"[1, 3, 2, 0]",9450,261.39187812805176,False,21.019224473084194,9,0.00087890625
0111010101,15999,"[1, 0, 3, 2]",465,261.40499114990234,True,21.019224473084194,9,0.00087890625
0111010101,16000,"[1, 3, 2, 0]",9450,261.42287254333496,False,21.019224473084194,9,0.00087890625
0111010101,16001,"[1, 0, 3, 2]",465,261.43598556518555,True,21.019224473084194,9,0.00087890625
0111011111,16002,"[3, 1, 2, 0]",9450,261.45362854003906,False,22.369145439160405,9,0.00087890625
0111011111,16003,"[3, 1, 0, 2]",900,261.46697998046875,True,22.369145439160405,9,0.00087890625
0111011111,16004,"[3, 1, 2, 0]",9450,261.48486137390137,False,22.369145439160405,9,0.00087890625
0111011111,16005,"[3, 1, 0, 2]",900,261.49821281433105,True,22.369145439160405,9,0.00087890625
0111011111,16006,"[3, 1, 2, 0]",9450,261.51537895202637,False,22.369145439160405,9,0.00087890625
0111011111,16007,"[3, 1, 0, 2]",900,261.52873039245605,True,22.369145439160405,9,0.00087890625
0111011111,16008,"[3, 1, 2, 0]",9450,261.54637336730957,False,22.369145439160405,9,0.00087890625
0111011111,16009,"[3, 1, 0, 2]",900,261.55972480773926,True,22.369145439160405,9,0.00087890625
0111011111,16010,"[3, 1, 2, 0]",9450,261.57689094543457,False,22.369145439160405,9,0.00087890625
0111011111,16011,"[3, 1, 0, 2]",900,261.59000396728516,True,22.369145439160405,9,0.00087890625
0111011111,16012,"[3, 1, 2, 0]",9450,261.6078853607178,False,22.369145439160405,9,0.00087890625
0111011111,16013,"[3, 1, 0, 2]",900,261.62123680114746,True,22.369145439160405,9,0.00087890625
0111011111,16014,"[3, 1, 2, 0]",9450,261.6405487060547,False,22.369145439160405,9,0.00087890625
0111011111,16015,"[3, 1, 0, 2]",900,261.6539001464844,True,22.369145439160405,9,0.00087890625
0111011111,16016,"[3, 1, 2, 0]",9450,261.671781539917,False,22.369145439160405,9,0.00087890625
0111011111,16017,"[3, 1, 0, 2]",900,261.6851329803467,True,22.369145439160405,9,0.00087890625
0111011111,16018,"[3, 1, 2, 0]",9450,261.7027759552002,False,22.369145439160405,9,0.00087890625
0111011111,16019,"[3, 1, 0, 2]",900,261.716365814209,True,22.369145439160405,9,0.00087890625
1010100111,16020,"[2, 1, 0, 3]",600,261.7342472076416,False,26.36377440228918,9,0.00087890625
1010100111,16021,"[2, 1, 0, 3]",600,261.7475986480713,True,26.36377440228918,9,0.00087890625
1010100111,16022,"[2, 1, 0, 3]",600,261.7652416229248,False,26.36377440228918,9,0.00087890625
1010100111,16023,"[2, 1, 0, 3]",600,261.7785930633545,True,26.36377440228918,9,0.00087890625
1010100111,16024,"[2, 1, 0, 3]",600,261.7959976196289,False,26.36377440228918,9,0.00087890625
1010100111,16025,"[2, 1, 0, 3]",600,261.8091106414795,True,26.36377440228918,9,0.00087890625
1010100111,16026,"[2, 1, 0, 3]",600,261.826753616333,False,26.36377440228918,9,0.00087890625
1010100111,16027,"[2, 1, 0, 3]",600,261.8398666381836,True,26.36377440228918,9,0.00087890625
1010100111,16028,"[2, 1, 0, 3]",600,261.8575096130371,False,26.36377440228918,9,0.00087890625
1010100111,16029,"[2, 1, 0, 3]",600,261.8703842163086,True,26.36377440228918,9,0.00087890625
1010100111,16030,"[2, 1, 0, 3]",600,261.8882656097412,False,26.36377440228918,9,0.00087890625
1010100111,16031,"[2, 1, 0, 3]",600,261.9011402130127,True,26.36377440228918,9,0.00087890625
1010100111,16032,"[2, 1, 0, 3]",600,261.9185447692871,False,26.36377440228918,9,0.00087890625
1010100111,16033,"[2, 1, 0, 3]",600,261.9318962097168,True,26.36377440228918,9,0.00087890625
1010100111,16034,"[2, 1, 0, 3]",600,261.9516849517822,False,26.36377440228918,9,0.00087890625
1010100111,16035,"[2, 1, 0, 3]",600,261.9647979736328,True,26.36377440228918,9,0.00087890625
1010100111,16036,"[2, 1, 0, 3]",600,261.9824409484863,False,26.36377440228918,9,0.00087890625
1010100111,16037,"[2, 1, 0, 3]",600,261.9950771331787,True,26.36377440228918,9,0.00087890625
1000100101,16038,"[2, 0, 3, 1]",6200,262.0127201080322,False,21.522383732650646,9,0.00087890625
1000100101,16039,"[2, 0, 1, 3]",500,262.026309967041,True,21.522383732650646,9,0.00087890625
1000100101,16040,"[2, 0, 3, 1]",6200,262.04395294189453,False,21.522383732650646,9,0.00087890625
1000100101,16041,"[2, 0, 1, 3]",500,262.0573043823242,True,21.522383732650646,9,0.00087890625
1000100101,16042,"[2, 0, 3, 1]",6200,262.07518577575684,False,21.522383732650646,9,0.00087890625
1000100101,16043,"[2, 0, 1, 3]",500,262.0882987976074,True,21.522383732650646,9,0.00087890625
1000100101,16044,"[2, 0, 3, 1]",6200,262.10594177246094,False,21.522383732650646,9,0.00087890625
1000100101,16045,"[2, 0, 1, 3]",500,262.1192932128906,True,21.522383732650646,9,0.00087890625
1000100101,16046,"[2, 0, 3, 1]",6200,262.13741302490234,False,21.522383732650646,9,0.00087890625
1000100101,16047,"[2, 0, 1, 3]",500,262.15100288391113,True,21.522383732650646,9,0.00087890625
1000100101,16048,"[2, 0, 3, 1]",6200,262.17055320739746,False,21.522383732650646,9,0.00087890625
1000100101,16049,"[2, 0, 1, 3]",500,262.18390464782715,True,21.522383732650646,9,0.00087890625
1000100101,16050,"[2, 0, 3, 1]",6200,262.20154762268066,False,21.522383732650646,9,0.00087890625
1000100101,16051,"[2, 0, 1, 3]",500,262.21489906311035,True,21.522383732650646,9,0.00087890625
1000100101,16052,"[2, 0, 3, 1]",6200,262.23254203796387,False,21.522383732650646,9,0.00087890625
1000100101,16053,"[2, 0, 1, 3]",500,262.24565505981445,True,21.522383732650646,9,0.00087890625
1000100101,16054,"[2, 0, 3, 1]",6200,262.26353645324707,False,21.522383732650646,9,0.00087890625
1000100101,16055,"[2, 0, 1, 3]",500,262.27617263793945,True,21.522383732650646,9,0.00087890625
0111100010,16056,"[1, 2, 0, 3]",600,262.296199798584,False,12.917260368883131,9,0.00087890625
0111100010,16057,"[1, 0, 2, 3]",315,262.3095512390137,True,12.917260368883131,9,0.00087890625
0111100010,16058,"[1, 2, 0, 3]",600,262.3274326324463,False,12.917260368883131,9,0.00087890625
0111100010,16059,"[1, 0, 2, 3]",315,262.3405456542969,True,12.917260368883131,9,0.00087890625
0111100010,16060,"[1, 2, 0, 3]",600,262.3584270477295,False,12.917260368883131,9,0.00087890625
0111100010,16061,"[1, 0, 2, 3]",315,262.3715400695801,True,12.917260368883131,9,0.00087890625
0111100010,16062,"[1, 2, 0, 3]",600,262.3891830444336,False,12.917260368883131,9,0.00087890625
0111100010,16063,"[1, 0, 2, 3]",315,262.4022960662842,True,12.917260368883131,9,0.00087890625
0111100010,16064,"[1, 2, 0, 3]",600,262.4197006225586,False,12.917260368883131,9,0.00087890625
0111100010,16065,"[1, 0, 2, 3]",315,262.4325752258301,True,12.917260368883131,9,0.00087890625
0111100010,16066,"[1, 2, 0, 3]",600,262.4499797821045,False,12.917260368883131,9,0.00087890625
0111100010,16067,"[1, 0, 2, 3]",315,262.462854385376,True,12.917260368883131,9,0.00087890625
0111100010,16068,"[1, 2, 0, 3]",600,262.4804973602295,False,12.917260368883131,9,0.00087890625
0111100010,16069,"[1, 0, 2, 3]",315,262.493371963501,True,12.917260368883131,9,0.00087890625
0111100010,16070,"[1, 2, 0, 3]",600,262.5107765197754,False,12.917260368883131,9,0.00087890625
0111100010,16071,"[1, 0, 2, 3]",315,262.5236511230469,True,12.917260368883131,9,0.00087890625
0111100010,16072,"[1, 2, 0, 3]",600,262.5410556793213,False,12.917260368883131,9,0.00087890625
0111100010,16073,"[1, 0, 2, 3]",315,262.5541687011719,True,12.917260368883131,9,0.00087890625
0100111000,16074,"[2, 3, 0, 1]",6600,262.5715732574463,False,17.012863410953585,9,0.00087890625
0100111000,16075,"[2, 3, 0, 1]",6600,262.5858783721924,True,17.012863410953585,9,0.00087890625
0100111000,16076,"[2, 3, 0, 1]",6600,262.6049518585205,False,17.012863410953585,9,0.00087890625
0100111000,16077,"[2, 3, 0, 1]",6600,262.6185417175293,True,17.012863410953585,9,0.00087890625
0100111000,16078,"[2, 3, 0, 1]",6600,262.6364231109619,False,17.012863410953585,9,0.00087890625
0100111000,16079,"[2, 3, 0, 1]",6600,262.6490592956543,True,17.012863410953585,9,0.00087890625
0100111000,16080,"[2, 3, 0, 1]",6600,262.6664638519287,False,17.012863410953585,9,0.00087890625
0100111000,16081,"[2, 3, 0, 1]",6600,262.6791000366211,True,17.012863410953585,9,0.00087890625
0100111000,16082,"[2, 3, 0, 1]",6600,262.6962661743164,False,17.012863410953585,9,0.00087890625
0100111000,16083,"[2, 3, 0, 1]",6600,262.7086639404297,True,17.012863410953585,9,0.00087890625
0100111000,16084,"[2, 3, 0, 1]",6600,262.7263069152832,False,17.012863410953585,9,0.00087890625
0100111000,16085,"[2, 3, 0, 1]",6600,262.7389430999756,True,17.012863410953585,9,0.00087890625
0100111000,16086,"[2, 3, 0, 1]",6600,262.75634765625,False,17.012863410953585,9,0.00087890625
0100111000,16087,"[2, 3, 0, 1]",6600,262.7687454223633,True,17.012863410953585,9,0.00087890625
0100111000,16088,"[2, 3, 0, 1]",6600,262.7861499786377,False,17.012863410953585,9,0.00087890625
0100111000,16089,"[2, 3, 0, 1]",6600,262.798547744751,True,17.012863410953585,9,0.00087890625
0100111000,16090,"[2, 3, 0, 1]",6600,262.8157138824463,False,17.012863410953585,9,0.00087890625
0100111000,16091,"[2, 3, 0, 1]",6600,262.82811164855957,True,17.012863410953585,9,0.00087890625
0000010110,16092,"[3, 2, 1, 0]",9600,262.845516204834,False,22.718124370008205,9,0.00087890625
0000010110,16093,"[3, 2, 1, 0]",9600,262.85815238952637,True,22.718124370008205,9,0.00087890625
0000010110,16094,"[3, 2, 1, 0]",9600,262.8755569458008,False,22.718124370008205,9,0.00087890625
0000010110,16095,"[3, 2, 1, 0]",9600,262.88843154907227,True,22.718124370008205,9,0.00087890625
0000010110,16096,"[3, 2, 1, 0]",9600,262.9072666168213,False,22.718124370008205,9,0.00087890625
0000010110,16097,"[3, 2, 1, 0]",9600,262.9210948944092,True,22.718124370008205,9,0.00087890625
0000010110,16098,"[3, 2, 1, 0]",9600,262.9411220550537,False,22.718124370008205,9,0.00087890625
0000010110,16099,"[3, 2, 1, 0]",9600,262.9544734954834,True,22.718124370008205,9,0.00087890625
0000010110,16100,"[3, 2, 1, 0]",9600,262.9718780517578,False,22.718124370008205,9,0.00087890625
0000010110,16101,"[3, 2, 1, 0]",9600,262.9847526550293,True,22.718124370008205,9,0.00087890625
0000010110,16102,"[3, 2, 1, 0]",9600,263.0023956298828,False,22.718124370008205,9,0.00087890625
0000010110,16103,"[3, 2, 1, 0]",9600,263.0150318145752,True,22.718124370008205,9,0.00087890625
0000010110,16104,"[3, 2, 1, 0]",9600,263.0324363708496,False,22.718124370008205,9,0.00087890625
0000010110,16105,"[3, 2, 1, 0]",9600,263.0455493927002,True,22.718124370008205,9,0.00087890625
0000010110,16106,"[3, 2, 1, 0]",9600,263.0629539489746,False,22.718124370008205,9,0.00087890625
0000010110,16107,"[3, 2, 1, 0]",9600,263.0760669708252,True,22.718124370008205,9,0.00087890625
0000010110,16108,"[3, 2, 1, 0]",9600,263.0934715270996,False,22.718124370008205,9,0.00087890625
0000010110,16109,"[3, 2, 1, 0]",9600,263.1068229675293,True,22.718124370008205,9,0.00087890625
1000011001,16110,"[3, 0, 2, 1]",6300,263.1247043609619,False,22.22674876887337,9,0.00087890625
1000011001,16111,"[3, 0, 1, 2]",750,263.1385326385498,True,22.22674876887337,9,0.00087890625
1000011001,16112,"[3, 0, 2, 1]",6300,263.15760612487793,False,22.22674876887337,9,0.00087890625
1000011001,16113,"[3, 0, 1, 2]",750,263.1711959838867,True,22.22674876887337,9,0.00087890625
1000011001,16114,"[3, 0, 2, 1]",6300,263.18883895874023,False,22.22674876887337,9,0.00087890625
1000011001,16115,"[3, 0, 1, 2]",750,263.2021903991699,True,22.22674876887337,9,0.00087890625
1000011001,16116,"[3, 0, 2, 1]",6300,263.22007179260254,False,22.22674876887337,9,0.00087890625
1000011001,16117,"[3, 0, 1, 2]",750,263.2336616516113,True,22.22674876887337,9,0.00087890625
1000011001,16118,"[3, 0, 2, 1]",6300,263.25321197509766,False,22.22674876887337,9,0.00087890625
1000011001,16119,"[3, 0, 1, 2]",750,263.26656341552734,True,22.22674876887337,9,0.00087890625
1000011001,16120,"[3, 0, 2, 1]",6300,263.28420639038086,False,22.22674876887337,9,0.00087890625
1000011001,16121,"[3, 0, 1, 2]",750,263.29755783081055,True,22.22674876887337,9,0.00087890625
1000011001,16122,"[3, 0, 2, 1]",6300,263.31520080566406,False,22.22674876887337,9,0.00087890625
1000011001,16123,"[3, 0, 1, 2]",750,263.32831382751465,True,22.22674876887337,9,0.00087890625
1000011001,16124,"[3, 0, 2, 1]",6300,263.34619522094727,False,22.22674876887337,9,0.00087890625
1000011001,16125,"[3, 0, 1, 2]",750,263.35930824279785,True,22.22674876887337,9,0.00087890625
1000011001,16126,"[3, 0, 2, 1]",6300,263.37695121765137,False,22.22674876887337,9,0.00087890625
1000011001,16127,"[3, 0, 1, 2]",750,263.4141445159912,True,22.22674876887337,9,0.00087890625
1100001000,16128,"[0, 3, 2, 1]",6300,263.43226432800293,False,17.136129710583916,9,0.00087890625
1100001000,16129,"[0, 1, 3, 2]",465,263.4463310241699,True,17.136129710583916,9,0.00087890625
1100001000,16130,"[0, 3, 2, 1]",6300,263.46421241760254,False,17.136129710583916,9,0.00087890625
1100001000,16131,"[0, 1, 3, 2]",465,263.4775638580322,True,17.136129710583916,9,0.00087890625
1100001000,16132,"[0, 3, 2, 1]",6300,263.49544525146484,False,17.136129710583916,9,0.00087890625
1100001000,16133,"[0, 1, 3, 2]",465,263.50855827331543,True,17.136129710583916,9,0.00087890625
1100001000,16134,"[0, 3, 2, 1]",6300,263.52572441101074,False,17.136129710583916,9,0.00087890625
1100001000,16135,"[0, 1, 3, 2]",465,263.5388374328613,True,17.136129710583916,9,0.00087890625
1100001000,16136,"[0, 3, 2, 1]",6300,263.55624198913574,False,17.136129710583916,9,0.00087890625
1100001000,16137,"[0, 1, 3, 2]",465,263.5693550109863,True,17.136129710583916,9,0.00087890625
1100001000,16138,"[0, 3, 2, 1]",6300,263.58723640441895,False,17.136129710583916,9,0.00087890625
1100001000,16139,"[0, 1, 3, 2]",465,263.60034942626953,True,17.136129710583916,9,0.00087890625
1100001000,16140,"[0, 3, 2, 1]",6300,263.61942291259766,False,17.136129710583916,9,0.00087890625
1100001000,16141,"[0, 1, 3, 2]",465,263.63253593444824,True,17.136129710583916,9,0.00087890625
1100001000,16142,"[0, 3, 2, 1]",6300,263.65017890930176,False,17.136129710583916,9,0.00087890625
1100001000,16143,"[0, 1, 3, 2]",465,263.66305351257324,True,17.136129710583916,9,0.00087890625
1100001000,16144,"[0, 3, 2, 1]",6300,263.68045806884766,False,17.136129710583916,9,0.00087890625
1100001000,16145,"[0, 1, 3, 2]",465,263.69285583496094,True,17.136129710583916,9,0.00087890625
1010110110,16146,"[2, 1, 0, 3]",600,263.71121406555176,False,21.854254080592113,9,0.00087890625
1010110110,16147,"[2, 1, 0, 3]",600,263.72504234313965,True,21.854254080592113,9,0.00087890625
1010110110,16148,"[2, 1, 0, 3]",600,263.7457847595215,False,21.854254080592113,9,0.00087890625
1010110110,16149,"[2, 1, 0, 3]",600,263.7593746185303,True,21.854254080592113,9,0.00087890625
1010110110,16150,"[2, 1, 0, 3]",600,263.7767791748047,False,21.854254080592113,9,0.00087890625
1010110110,16151,"[2, 1, 0, 3]",600,263.7898921966553,True,21.854254080592113,9,0.00087890625
1010110110,16152,"[2, 1, 0, 3]",600,263.8072967529297,False,21.854254080592113,9,0.00087890625
1010110110,16153,"[2, 1, 0, 3]",600,263.8206481933594,True,21.854254080592113,9,0.00087890625
1010110110,16154,"[2, 1, 0, 3]",600,263.8380527496338,False,21.854254080592113,9,0.00087890625
1010110110,16155,"[2, 1, 0, 3]",600,263.85498046875,True,21.854254080592113,9,0.00087890625
1010110110,16156,"[2, 1, 0, 3]",600,263.8731002807617,False,21.854254080592113,9,0.00087890625
1010110110,16157,"[2, 1, 0, 3]",600,263.8864517211914,True,21.854254080592113,9,0.00087890625
1010110110,16158,"[2, 1, 0, 3]",600,263.9038562774658,False,21.854254080592113,9,0.00087890625
1010110110,16159,"[2, 1, 0, 3]",600,263.9174461364746,True,21.854254080592113,9,0.00087890625
1010110110,16160,"[2, 1, 0, 3]",600,263.93651962280273,False,21.854254080592113,9,0.00087890625
1010110110,16161,"[2, 1, 0, 3]",600,263.9493942260742,True,21.854254080592113,9,0.00087890625
1010110110,16162,"[2, 1, 0, 3]",600,263.96703720092773,False,21.854254080592113,9,0.00087890625
1010110110,16163,"[2, 1, 0, 3]",600,263.9801502227783,True,21.854254080592113,9,0.00087890625
0010111111,16164,"[3, 2, 1, 0]",9600,263.99779319763184,False,23.889370673819272,9,0.00087890625
0010111111,16165,"[3, 2, 1, 0]",9600,264.0111446380615,True,23.889370673819272,9,0.00087890625
0010111111,16166,"[3, 2, 1, 0]",9600,264.02902603149414,False,23.889370673819272,9,0.00087890625
0010111111,16167,"[3, 2, 1, 0]",9600,264.0423774719238,True,23.889370673819272,9,0.00087890625
0010111111,16168,"[3, 2, 1, 0]",9600,264.06025886535645,False,23.889370673819272,9,0.00087890625
0010111111,16169,"[3, 2, 1, 0]",9600,264.07313346862793,True,23.889370673819272,9,0.00087890625
0010111111,16170,"[3, 2, 1, 0]",9600,264.09053802490234,False,23.889370673819272,9,0.00087890625
0010111111,16171,"[3, 2, 1, 0]",9600,264.1034126281738,True,23.889370673819272,9,0.00087890625
0010111111,16172,"[3, 2, 1, 0]",9600,264.12105560302734,False,23.889370673819272,9,0.00087890625
0010111111,16173,"[3, 2, 1, 0]",9600,264.1336917877197,True,23.889370673819272,9,0.00087890625
0010111111,16174,"[3, 2, 1, 0]",9600,264.15109634399414,False,23.889370673819272,9,0.00087890625
0010111111,16175,"[3, 2, 1, 0]",9600,264.1642093658447,True,23.889370673819272,9,0.00087890625
0010111111,16176,"[3, 2, 1, 0]",9600,264.18209075927734,False,23.889370673819272,9,0.00087890625
0010111111,16177,"[3, 2, 1, 0]",9600,264.1949653625488,True,23.889370673819272,9,0.00087890625
0010111111,16178,"[3, 2, 1, 0]",9600,264.21260833740234,False,23.889370673819272,9,0.00087890625
0010111111,16179,"[3, 2, 1, 0]",9600,264.22572135925293,True,23.889370673819272,9,0.00087890625
0010111111,16180,"[3, 2, 1, 0]",9600,264.24384117126465,False,23.889370673819272,9,0.00087890625
0010111111,16181,"[3, 2, 1, 0]",9600,264.25695419311523,True,23.889370673819272,9,0.00087890625
1000001101,16182,"[3, 0, 2, 1]",6300,264.27650451660156,False,20.36377440228918,9,0.00087890625
1000001101,16183,"[3, 0, 1, 2]",750,264.28985595703125,True,20.36377440228918,9,0.00087890625
1000001101,16184,"[3, 0, 2, 1]",6300,264.30773735046387,False,20.36377440228918,9,0.00087890625
1000001101,16185,"[3, 0, 1, 2]",750,264.32108879089355,True,20.36377440228918,9,0.00087890625
1000001101,16186,"[3, 0, 2, 1]",6300,264.3392086029053,False,20.36377440228918,9,0.00087890625
1000001101,16187,"[3, 0, 1, 2]",750,264.35208320617676,True,20.36377440228918,9,0.00087890625
1000001101,16188,"[3, 0, 2, 1]",6300,264.3702030181885,False,20.36377440228918,9,0.00087890625
1000001101,16189,"[3, 0, 1, 2]",750,264.38283920288086,True,20.36377440228918,9,0.00087890625
1000001101,16190,"[3, 0, 2, 1]",6300,264.4007205963135,False,20.36377440228918,9,0.00087890625
1000001101,16191,"[3, 0, 1, 2]",750,264.41359519958496,True,20.36377440228918,9,0.00087890625
1000001101,16192,"[3, 0, 2, 1]",6300,264.4312381744385,False,20.36377440228918,9,0.00087890625
1000001101,16193,"[3, 0, 1, 2]",750,264.44411277770996,True,20.36377440228918,9,0.00087890625
1000001101,16194,"[3, 0, 2, 1]",6300,264.4617557525635,False,20.36377440228918,9,0.00087890625
1000001101,16195,"[3, 0, 1, 2]",750,264.47486877441406,True,20.36377440228918,9,0.00087890625
1000001101,16196,"[3, 0, 2, 1]",6300,264.4927501678467,False,20.36377440228918,9,0.00087890625
1000001101,16197,"[3, 0, 1, 2]",750,264.50634002685547,True,20.36377440228918,9,0.00087890625
1000001101,16198,"[3, 0, 2, 1]",6300,264.5256519317627,False,20.36377440228918,9,0.00087890625
1000001101,16199,"[3, 0, 1, 2]",750,264.5390033721924,True,20.36377440228918,9,0.00087890625
1000101011,16200,"[3, 2, 0, 1]",6600,264.556884765625,False,40.718124370008205,9,0.00087890625
1000101011,16201,"[3, 2, 0, 1]",6600,264.5702362060547,True,40.718124370008205,9,0.00087890625
1000101011,16202,"[3, 2, 0, 1]",6600,264.589786529541,False,40.718124370008205,9,0.00087890625
1000101011,16203,"[3, 2, 0, 1]",6600,264.6028995513916,True,40.718124370008205,9,0.00087890625
1000101011,16204,"[3, 2, 0, 1]",6600,264.6207809448242,False,40.718124370008205,9,0.00087890625
1000101011,16205,"[3, 2, 0, 1]",6600,264.6334171295166,True,40.718124370008205,9,0.00087890625
1000101011,16206,"[3, 2, 0, 1]",6600,264.6510601043701,False,40.718124370008205,9,0.00087890625
1000101011,16207,"[3, 2, 0, 1]",6600,264.6641731262207,True,40.718124370008205,9,0.00087890625
1000101011,16208,"[3, 2, 0, 1]",6600,264.6815776824951,False,40.718124370008205,9,0.00087890625
1000101011,16209,"[3, 2, 0, 1]",6600,264.6946907043457,True,40.718124370008205,9,0.00087890625
1000101011,16210,"[3, 2, 0, 1]",6600,264.7120952606201,False,40.718124370008205,9,0.00087890625
1000101011,16211,"[3, 2, 0, 1]",6600,264.7249698638916,True,40.718124370008205,9,0.00087890625
1000101011,16212,"[3, 2, 0, 1]",6600,264.7426128387451,False,40.718124370008205,9,0.00087890625
1000101011,16213,"[3, 2, 0, 1]",6600,264.7552490234375,True,40.718124370008205,9,0.00087890625
1000101011,16214,"[3, 2, 0, 1]",6600,264.7724151611328,False,40.718124370008205,9,0.00087890625
1000101011,16215,"[3, 2, 0, 1]",6600,264.7852897644043,True,40.718124370008205,9,0.00087890625
1000101011,16216,"[3, 2, 0, 1]",6600,264.8026943206787,False,40.718124370008205,9,0.00087890625
1000101011,16217,"[3, 2, 0, 1]",6600,264.8155689239502,True,40.718124370008205,9,0.00087890625
0010101011,16218,"[3, 2, 1, 0]",9600,264.8332118988037,False,41.72754880457836,9,0.00087890625
0010101011,16219,"[3, 2, 1, 0]",9600,264.8460865020752,True,41.72754880457836,9,0.00087890625
0010101011,16220,"[3, 2, 1, 0]",9600,264.8637294769287,False,41.72754880457836,9,0.00087890625
0010101011,16221,"[3, 2, 1, 0]",9600,264.8763656616211,True,41.72754880457836,9,0.00087890625
0010101011,16222,"[3, 2, 1, 0]",9600,264.8940086364746,False,41.72754880457836,9,0.00087890625
0010101011,16223,"[3, 2, 1, 0]",9600,264.9068832397461,True,41.72754880457836,9,0.00087890625
0010101011,16224,"[3, 2, 1, 0]",9600,264.9264335632324,False,41.72754880457836,9,0.00087890625
0010101011,16225,"[3, 2, 1, 0]",9600,264.939546585083,True,41.72754880457836,9,0.00087890625
0010101011,16226,"[3, 2, 1, 0]",9600,264.9571895599365,False,41.72754880457836,9,0.00087890625
0010101011,16227,"[3, 2, 1, 0]",9600,264.9698257446289,True,41.72754880457836,9,0.00087890625
0010101011,16228,"[3, 2, 1, 0]",9600,264.9874687194824,False,41.72754880457836,9,0.00087890625
0010101011,16229,"[3, 2, 1, 0]",9600,265.0003433227539,True,41.72754880457836,9,0.00087890625
0010101011,16230,"[3, 2, 1, 0]",9600,265.0179862976074,False,41.72754880457836,9,0.00087890625
0010101011,16231,"[3, 2, 1, 0]",9600,265.031099319458,True,41.72754880457836,9,0.00087890625
0010101011,16232,"[3, 2, 1, 0]",9600,265.0487422943115,False,41.72754880457836,9,0.00087890625
0010101011,16233,"[3, 2, 1, 0]",9600,265.0618553161621,True,41.72754880457836,9,0.00087890625
0010101011,16234,"[3, 2, 1, 0]",9600,265.0792598724365,False,41.72754880457836,9,0.00087890625
0010101011,16235,"[3, 2, 1, 0]",9600,265.0918960571289,True,41.72754880457836,9,0.00087890625
0100110110,16236,"[2, 3, 0, 1]",6600,265.1097774505615,False,20.365045929064948,9,0.00087890625
0100110110,16237,"[2, 3, 0, 1]",6600,265.122652053833,True,20.365045929064948,9,0.00087890625
0100110110,16238,"[2, 3, 0, 1]",6600,265.1398181915283,False,20.365045929064948,9,0.00087890625
0100110110,16239,"[2, 3, 0, 1]",6600,265.1526927947998,True,20.365045929064948,9,0.00087890625
0100110110,16240,"[2, 3, 0, 1]",6600,265.1703357696533,False,20.365045929064948,9,0.00087890625
0100110110,16241,"[2, 3, 0, 1]",6600,265.1832103729248,True,20.365045929064948,9,0.00087890625
0100110110,16242,"[2, 3, 0, 1]",6600,265.2013301849365,False,20.365045929064948,9,0.00087890625
0100110110,16243,"[2, 3, 0, 1]",6600,265.214204788208,True,20.365045929064948,9,0.00087890625
0100110110,16244,"[2, 3, 0, 1]",6600,265.23327827453613,False,20.365045929064948,9,0.00087890625
0100110110,16245,"[2, 3, 0, 1]",6600,265.2461528778076,True,20.365045929064948,9,0.00087890625
0100110110,16246,"[2, 3, 0, 1]",6600,265.26355743408203,False,20.365045929064948,9,0.00087890625
0100110110,16247,"[2, 3, 0, 1]",6600,265.2764320373535,True,20.365045929064948,9,0.00087890625
0100110110,16248,"[2, 3, 0, 1]",6600,265.29431343078613,False,20.365045929064948,9,0.00087890625
0100110110,16249,"[2, 3, 0, 1]",6600,265.3071880340576,True,20.365045929064948,9,0.00087890625
0100110110,16250,"[2, 3, 0, 1]",6600,265.32649993896484,False,20.365045929064948,9,0.00087890625
0100110110,16251,"[2, 3, 0, 1]",6600,265.33961296081543,True,20.365045929064948,9,0.00087890625
0100110110,16252,"[2, 3, 0, 1]",6600,265.35725593566895,False,20.365045929064948,9,0.00087890625
0100110110,16253,"[2, 3, 0, 1]",6600,265.37036895751953,True,20.365045929064948,9,0.00087890625
0011001000,16254,"[1, 3, 2, 0]",9450,265.38777351379395,False,18.422727292881255,9,0.00087890625
0011001000,16255,"[1, 0, 3, 2]",465,265.40184020996094,True,18.422727292881255,9,0.00087890625
0011001000,16256,"[1, 3, 2, 0]",9450,265.41948318481445,False,18.422727292881255,9,0.00087890625
0011001000,16257,"[1, 0, 3, 2]",465,265.43331146240234,True,18.422727292881255,9,0.00087890625
0011001000,16258,"[1, 3, 2, 0]",9450,265.45095443725586,False,18.422727292881255,9,0.00087890625
0011001000,16259,"[1, 0, 3, 2]",465,265.46454429626465,True,18.422727292881255,9,0.00087890625
0011001000,16260,"[1, 3, 2, 0]",9450,265.48218727111816,False,18.422727292881255,9,0.00087890625
0011001000,16261,"[1, 0, 3, 2]",465,265.49553871154785,True,18.422727292881255,9,0.00087890625
0011001000,16262,"[1, 3, 2, 0]",9450,265.51294326782227,False,18.422727292881255,9,0.00087890625
0011001000,16263,"[1, 0, 3, 2]",465,265.52581787109375,True,18.422727292881255,9,0.00087890625
0011001000,16264,"[1, 3, 2, 0]",9450,265.5444145202637,False,18.422727292881255,9,0.00087890625
0011001000,16265,"[1, 0, 3, 2]",465,265.55776596069336,True,18.422727292881255,9,0.00087890625
0011001000,16266,"[1, 3, 2, 0]",9450,265.5768394470215,False,18.422727292881255,9,0.00087890625
0011001000,16267,"[1, 0, 3, 2]",465,265.5901908874512,True,18.422727292881255,9,0.00087890625
0011001000,16268,"[1, 3, 2, 0]",9450,265.6078338623047,False,18.422727292881255,9,0.00087890625
0011001000,16269,"[1, 0, 3, 2]",465,265.6209468841553,True,18.422727292881255,9,0.00087890625
0011001000,16270,"[1, 3, 2, 0]",9450,265.6383514404297,False,18.422727292881255,9,0.00087890625
0011001000,16271,"[1, 0, 3, 2]",465,265.6512260437012,True,18.422727292881255,9,0.00087890625
0111000011,16272,"[1, 0, 3, 2]",465,265.6691074371338,False,7.414198781142993,9,0.00087890625
0111000011,16273,"[1, 0, 3, 2]",465,265.6819820404053,True,7.414198781142993,9,0.00087890625
0111000011,16274,"[1, 0, 3, 2]",465,265.6998634338379,False,7.414198781142993,9,0.00087890625
0111000011,16275,"[1, 0, 3, 2]",465,265.7132148742676,True,7.414198781142993,9,0.00087890625
0111000011,16276,"[1, 0, 3, 2]",465,265.7313346862793,False,7.414198781142993,9,0.00087890625
0111000011,16277,"[1, 0, 3, 2]",465,265.744686126709,True,7.414198781142993,9,0.00087890625
0111000011,16278,"[1, 0, 3, 2]",465,265.7625675201416,False,7.414198781142993,9,0.00087890625
0111000011,16279,"[1, 0, 3, 2]",465,265.7759189605713,True,7.414198781142993,9,0.00087890625
0111000011,16280,"[1, 0, 3, 2]",465,265.7952308654785,False,7.414198781142993,9,0.00087890625
0111000011,16281,"[1, 0, 3, 2]",465,265.8085823059082,True,7.414198781142993,9,0.00087890625
0111000011,16282,"[1, 0, 3, 2]",465,265.8259868621826,False,7.414198781142993,9,0.00087890625
0111000011,16283,"[1, 0, 3, 2]",465,265.8388614654541,True,7.414198781142993,9,0.00087890625
0111000011,16284,"[1, 0, 3, 2]",465,265.8565044403076,False,7.414198781142993,9,0.00087890625
0111000011,16285,"[1, 0, 3, 2]",465,265.8696174621582,True,7.414198781142993,9,0.00087890625
0111000011,16286,"[1, 0, 3, 2]",465,265.88892936706543,False,7.414198781142993,9,0.00087890625
0111000011,16287,"[1, 0, 3, 2]",465,265.9173011779785,True,7.414198781142993,9,0.00087890625
0111000011,16288,"[1, 0, 3, 2]",465,265.93542098999023,False,7.414198781142993,9,0.00087890625
0111000011,16289,"[1, 0, 3, 2]",465,265.949010848999,True,7.414198781142993,9,0.00087890625
0111010010,16290,"[1, 2, 0, 3]",600,265.96736907958984,False,16.121380351539056,9,0.00087890625
0111010010,16291,"[1, 0, 2, 3]",315,265.98119735717773,True,16.121380351539056,9,0.00087890625
0111010010,16292,"[1, 2, 0, 3]",600,265.99955558776855,False,16.121380351539056,9,0.00087890625
0111010010,16293,"[1, 0, 2, 3]",315,266.01290702819824,True,16.121380351539056,9,0.00087890625
0111010010,16294,"[1, 2, 0, 3]",600,266.03150367736816,False,16.121380351539056,9,0.00087890625
0111010010,16295,"[1, 0, 2, 3]",315,266.04485511779785,True,16.121380351539056,9,0.00087890625
0111010010,16296,"[1, 2, 0, 3]",600,266.0632133483887,False,16.121380351539056,9,0.00087890625
0111010010,16297,"[1, 0, 2, 3]",315,266.07680320739746,True,16.121380351539056,9,0.00087890625
0111010010,16298,"[1, 2, 0, 3]",600,266.0951614379883,False,16.121380351539056,9,0.00087890625
0111010010,16299,"[1, 0, 2, 3]",315,266.10875129699707,True,16.121380351539056,9,0.00087890625
0111010010,16300,"[1, 2, 0, 3]",600,266.1287784576416,False,16.121380351539056,9,0.00087890625
0111010010,16301,"[1, 0, 2, 3]",315,266.1423683166504,True,16.121380351539056,9,0.00087890625
0111010010,16302,"[1, 2, 0, 3]",600,266.1609649658203,False,16.121380351539056,9,0.00087890625
0111010010,16303,"[1, 0, 2, 3]",315,266.1745548248291,True,16.121380351539056,9,0.00087890625
0111010010,16304,"[1, 2, 0, 3]",600,266.193151473999,False,16.121380351539056,9,0.00087890625
0111010010,16305,"[1, 0, 2, 3]",315,266.2069797515869,True,16.121380351539056,9,0.00087890625
0111010010,16306,"[1, 2, 0, 3]",600,266.22533798217773,False,16.121380351539056,9,0.00087890625
0111010010,16307,"[1, 0, 2, 3]",315,266.2391662597656,True,16.121380351539056,9,0.00087890625
0011101010,16308,"[1, 3, 2, 0]",9450,266.25943183898926,False,26.110739454205536,9,0.00087890625
0011101010,16309,"[1, 0, 3, 2]",465,266.27373695373535,True,26.110739454205536,9,0.00087890625
0011101010,16310,"[1, 3, 2, 0]",9450,266.2920951843262,False,26.110739454205536,9,0.00087890625
0011101010,16311,"[1, 0, 3, 2]",465,266.30640029907227,True,26.110739454205536,9,0.00087890625
0011101010,16312,"[1, 3, 2, 0]",9450,266.3249969482422,False,26.110739454205536,9,0.00087890625
0011101010,16313,"[1, 0, 3, 2]",465,266.3388252258301,True,26.110739454205536,9,0.00087890625
0011101010,16314,"[1, 3, 2, 0]",9450,266.3571834564209,False,26.110739454205536,9,0.00087890625
0011101010,16315,"[1, 0, 3, 2]",465,266.3707733154297,True,26.110739454205536,9,0.00087890625
0011101010,16316,"[1, 3, 2, 0]",9450,266.3891315460205,False,26.110739454205536,9,0.00087890625
0011101010,16317,"[1, 0, 3, 2]",465,266.4027214050293,True,26.110739454205536,9,0.00087890625
0011101010,16318,"[1, 3, 2, 0]",9450,266.4210796356201,False,26.110739454205536,9,0.00087890625
0011101010,16319,"[1, 0, 3, 2]",465,266.4346694946289,True,26.110739454205536,9,0.00087890625
0011101010,16320,"[1, 3, 2, 0]",9450,266.4532661437988,False,26.110739454205536,9,0.00087890625
0011101010,16321,"[1, 0, 3, 2]",465,266.4666175842285,True,26.110739454205536,9,0.00087890625
0011101010,16322,"[1, 3, 2, 0]",9450,266.48497581481934,False,26.110739454205536,9,0.00087890625
0011101010,16323,"[1, 0, 3, 2]",465,266.4988040924072,True,26.110739454205536,9,0.00087890625
0011101010,16324,"[1, 3, 2, 0]",9450,266.51692390441895,False,26.110739454205536,9,0.00087890625
0011101010,16325,"[1, 0, 3, 2]",465,266.53051376342773,True,26.110739454205536,9,0.00087890625
1000101001,16326,"[3, 2, 0, 1]",6600,266.54863357543945,False,45.27442687077549,9,0.00087890625
1000101001,16327,"[3, 2, 0, 1]",6600,266.56270027160645,True,45.27442687077549,9,0.00087890625
1000101001,16328,"[3, 2, 0, 1]",6600,266.5829658508301,False,45.27442687077549,9,0.00087890625
1000101001,16329,"[3, 2, 0, 1]",6600,266.59655570983887,True,45.27442687077549,9,0.00087890625
1000101001,16330,"[3, 2, 0, 1]",6600,266.6149139404297,False,45.27442687077549,9,0.00087890625
1000101001,16331,"[3, 2, 0, 1]",6600,266.6287422180176,True,45.27442687077549,9,0.00087890625
1000101001,16332,"[3, 2, 0, 1]",6600,266.6466236114502,False,45.27442687077549,9,0.00087890625
1000101001,16333,"[3, 2, 0, 1]",6600,266.6604518890381,True,45.27442687077549,9,0.00087890625
1000101001,16334,"[3, 2, 0, 1]",6600,266.68834686279297,False,45.27442687077549,9,0.00087890625
1000101001,16335,"[3, 2, 0, 1]",6600,266.70145988464355,True,45.27442687077549,9,0.00087890625
1000101001,16336,"[3, 2, 0, 1]",6600,266.71910285949707,False,45.27442687077549,9,0.00087890625
1000101001,16337,"[3, 2, 0, 1]",6600,266.73221588134766,True,45.27442687077549,9,0.00087890625
1000101001,16338,"[3, 2, 0, 1]",6600,266.74938201904297,False,45.27442687077549,9,0.00087890625
1000101001,16339,"[3, 2, 0, 1]",6600,266.76225662231445,True,45.27442687077549,9,0.00087890625
1000101001,16340,"[3, 2, 0, 1]",6600,266.77966117858887,False,45.27442687077549,9,0.00087890625
1000101001,16341,"[3, 2, 0, 1]",6600,266.79205894470215,True,45.27442687077549,9,0.00087890625
1000101001,16342,"[3, 2, 0, 1]",6600,266.80946350097656,False,45.27442687077549,9,0.00087890625
1000101001,16343,"[3, 2, 0, 1]",6600,266.82209968566895,True,45.27442687077549,9,0.00087890625
0111110100,16344,"[2, 1, 3, 0]",9300,266.83974266052246,False,32.68064855291958,9,0.00087890625
0111110100,16345,"[2, 1, 0, 3]",600,266.85333251953125,True,32.68064855291958,9,0.00087890625
0111110100,16346,"[2, 1, 3, 0]",9300,266.87097549438477,False,32.68064855291958,9,0.00087890625
0111110100,16347,"[2, 1, 0, 3]",600,266.88432693481445,True,32.68064855291958,9,0.00087890625
0111110100,16348,"[2, 1, 3, 0]",9300,266.9038772583008,False,32.68064855291958,9,0.00087890625
0111110100,16349,"[2, 1, 0, 3]",600,266.9177055358887,True,32.68064855291958,9,0.00087890625
0111110100,16350,"[2, 1, 3, 0]",9300,266.9384479522705,False,32.68064855291958,9,0.00087890625
0111110100,16351,"[2, 1, 0, 3]",600,266.9520378112793,True,32.68064855291958,9,0.00087890625
0111110100,16352,"[2, 1, 3, 0]",9300,266.9699192047119,False,32.68064855291958,9,0.00087890625
0111110100,16353,"[2, 1, 0, 3]",600,266.9827938079834,True,32.68064855291958,9,0.00087890625
0111110100,16354,"[2, 1, 3, 0]",9300,267.000675201416,False,32.68064855291958,9,0.00087890625
0111110100,16355,"[2, 1, 0, 3]",600,267.0137882232666,True,32.68064855291958,9,0.00087890625
0111110100,16356,"[2, 1, 3, 0]",9300,267.0314311981201,False,32.68064855291958,9,0.00087890625
0111110100,16357,"[2, 1, 0, 3]",600,267.0445442199707,True,32.68064855291958,9,0.00087890625
0111110100,16358,"[2, 1, 3, 0]",9300,267.0624256134033,False,32.68064855291958,9,0.00087890625
0111110100,16359,"[2, 1, 0, 3]",600,267.0755386352539,True,32.68064855291958,9,0.00087890625
0111110100,16360,"[2, 1, 3, 0]",9300,267.0931816101074,False,32.68064855291958,9,0.00087890625
0111110100,16361,"[2, 1, 0, 3]",600,267.1065330505371,True,32.68064855291958,9,0.00087890625
1101111010,16362,"[2, 0, 3, 1]",6200,267.1244144439697,False,25.808496590031453,9,0.00087890625
1101111010,16363,"[2, 0, 1, 3]",500,267.1382427215576,True,25.808496590031453,9,0.00087890625
1101111010,16364,"[2, 0, 3, 1]",6200,267.15588569641113,False,25.808496590031453,9,0.00087890625
1101111010,16365,"[2, 0, 1, 3]",500,267.1694755554199,True,25.808496590031453,9,0.00087890625
1101111010,16366,"[2, 0, 3, 1]",6200,267.18711853027344,False,25.808496590031453,9,0.00087890625
1101111010,16367,"[2, 0, 1, 3]",500,267.2007083892822,True,25.808496590031453,9,0.00087890625
1101111010,16368,"[2, 0, 3, 1]",6200,267.21835136413574,False,25.808496590031453,9,0.00087890625
1101111010,16369,"[2, 0, 1, 3]",500,267.23194122314453,True,25.808496590031453,9,0.00087890625
1101111010,16370,"[2, 0, 3, 1]",6200,267.25172996520996,False,25.808496590031453,9,0.00087890625
1101111010,16371,"[2, 0, 1, 3]",500,267.26484298706055,True,25.808496590031453,9,0.00087890625
1101111010,16372,"[2, 0, 3, 1]",6200,267.28296279907227,False,25.808496590031453,9,0.00087890625
1101111010,16373,"[2, 0, 1, 3]",500,267.29583740234375,True,25.808496590031453,9,0.00087890625
1101111010,16374,"[2, 0, 3, 1]",6200,267.31348037719727,False,25.808496590031453,9,0.00087890625
1101111010,16375,"[2, 0, 1, 3]",500,267.32659339904785,True,25.808496590031453,9,0.00087890625
1101111010,16376,"[2, 0, 3, 1]",6200,267.34447479248047,False,25.808496590031453,9,0.00087890625
1101111010,16377,"[2, 0, 1, 3]",500,267.35758781433105,True,25.808496590031453,9,0.00087890625
1101111010,16378,"[2, 0, 3, 1]",6200,267.37499237060547,False,25.808496590031453,9,0.00087890625
1101111010,16379,"[2, 0, 1, 3]",500,267.38810539245605,True,25.808496590031453,9,0.00087890625
0101111111,16380,"[3, 2, 1, 0]",9600,267.4059867858887,False,24.797855692697922,9,0.00087890625
0101111111,16381,"[3, 2, 1, 0]",9600,267.41933822631836,True,24.797855692697922,9,0.00087890625
0101111111,16382,"[3, 2, 1, 0]",9600,267.4369812011719,False,24.797855692697922,9,0.00087890625
0101111111,16383,"[3, 2, 1, 0]",9600,267.44985580444336,True,24.797855692697922,9,0.00087890625
0101111111,16384,"[3, 2, 1, 0]",9600,267.4674987792969,False,24.797855692697922,9,0.00087890625
0101111111,16385,"[3, 2, 1, 0]",9600,267.48085021972656,True,24.797855692697922,9,0.00087890625
0101111111,16386,"[3, 2, 1, 0]",9600,267.4984931945801,False,24.797855692697922,9,0.00087890625
0101111111,16387,"[3, 2, 1, 0]",9600,267.51136779785156,True,24.797855692697922,9,0.00087890625
0101111111,16388,"[3, 2, 1, 0]",9600,267.528772354126,False,24.797855692697922,9,0.00087890625
0101111111,16389,"[3, 2, 1, 0]",9600,267.54164695739746,True,24.797855692697922,9,0.00087890625
0101111111,16390,"[3, 2, 1, 0]",9600,267.5595283508301,False,24.797855692697922,9,0.00087890625
0101111111,16391,"[3, 2, 1, 0]",9600,267.57264137268066,True,24.797855692697922,9,0.00087890625
0101111111,16392,"[3, 2, 1, 0]",9600,267.592191696167,False,24.797855692697922,9,0.00087890625
0101111111,16393,"[3, 2, 1, 0]",9600,267.6050662994385,True,24.797855692697922,9,0.00087890625
0101111111,16394,"[3, 2, 1, 0]",9600,267.6224708557129,False,24.797855692697922,9,0.00087890625
0101111111,16395,"[3, 2, 1, 0]",9600,267.6353454589844,True,24.797855692697922,9,0.00087890625
0101111111,16396,"[3, 2, 1, 0]",9600,267.6529884338379,False,24.797855692697922,9,0.00087890625
0101111111,16397,"[3, 2, 1, 0]",9600,267.6658630371094,True,24.797855692697922,9,0.00087890625
1101101110,16398,"[3, 0, 2, 1]",6300,267.683744430542,False,27.064086040812967,9,0.00087890625
1101101110,16399,"[3, 0, 1, 2]",750,267.6975727081299,True,27.064086040812967,9,0.00087890625
1101101110,16400,"[3, 0, 2, 1]",6300,267.72046089172363,False,27.064086040812967,9,0.00087890625
1101101110,16401,"[3, 0, 1, 2]",750,267.7338123321533,True,27.064086040812967,9,0.00087890625
1101101110,16402,"[3, 0, 2, 1]",6300,267.75193214416504,False,27.064086040812967,9,0.00087890625
1101101110,16403,"[3, 0, 1, 2]",750,267.7650451660156,True,27.064086040812967,9,0.00087890625
1101101110,16404,"[3, 0, 2, 1]",6300,267.78340339660645,False,27.064086040812967,9,0.00087890625
1101101110,16405,"[3, 0, 1, 2]",750,267.79627799987793,True,27.064086040812967,9,0.00087890625
1101101110,16406,"[3, 0, 2, 1]",6300,267.81415939331055,False,27.064086040812967,9,0.00087890625
1101101110,16407,"[3, 0, 1, 2]",750,267.82703399658203,True,27.064086040812967,9,0.00087890625
1101101110,16408,"[3, 0, 2, 1]",6300,267.84801483154297,False,27.064086040812967,9,0.00087890625
1101101110,16409,"[3, 0, 1, 2]",750,267.86160469055176,True,27.064086040812967,9,0.00087890625
1101101110,16410,"[3, 0, 2, 1]",6300,267.8792476654053,False,27.064086040812967,9,0.00087890625
1101101110,16411,"[3, 0, 1, 2]",750,267.89283752441406,True,27.064086040812967,9,0.00087890625
1101101110,16412,"[3, 0, 2, 1]",6300,267.9126262664795,False,27.064086040812967,9,0.00087890625
1101101110,16413,"[3, 0, 1, 2]",750,267.9262161254883,True,27.064086040812967,9,0.00087890625
1101101110,16414,"[3, 0, 2, 1]",6300,267.9438591003418,False,27.064086040812967,9,0.00087890625
1101101110,16415,"[3, 0, 1, 2]",750,267.9572105407715,True,27.064086040812967,9,0.00087890625
1101001110,16416,"[3, 0, 1, 2]",750,267.974853515625,False,17.52784887194936,9,0.00087890625
1101001110,16417,"[3, 0, 1, 2]",750,267.9882049560547,True,17.52784887194936,9,0.00087890625
1101001110,16418,"[3, 0, 1, 2]",750,268.0056095123291,False,17.52784887194936,9,0.00087890625
1101001110,16419,"[3, 0, 1, 2]",750,268.0189609527588,True,17.52784887194936,9,0.00087890625
1101001110,16420,"[3, 0, 1, 2]",750,268.0363655090332,False,17.52784887194936,9,0.00087890625
1101001110,16421,"[3, 0, 1, 2]",750,268.0494785308838,True,17.52784887194936,9,0.00087890625
1101001110,16422,"[3, 0, 1, 2]",750,268.0668830871582,False,17.52784887194936,9,0.00087890625
1101001110,16423,"[3, 0, 1, 2]",750,268.0799961090088,True,17.52784887194936,9,0.00087890625
1101001110,16424,"[3, 0, 1, 2]",750,268.0974006652832,False,17.52784887194936,9,0.00087890625
1101001110,16425,"[3, 0, 1, 2]",750,268.1105136871338,True,17.52784887194936,9,0.00087890625
1101001110,16426,"[3, 0, 1, 2]",750,268.1279182434082,False,17.52784887194936,9,0.00087890625
1101001110,16427,"[3, 0, 1, 2]",750,268.1410312652588,True,17.52784887194936,9,0.00087890625
1101001110,16428,"[3, 0, 1, 2]",750,268.1584358215332,False,17.52784887194936,9,0.00087890625
1101001110,16429,"[3, 0, 1, 2]",750,268.1710720062256,True,17.52784887194936,9,0.00087890625
1101001110,16430,"[3, 0, 1, 2]",750,268.1889533996582,False,17.52784887194936,9,0.00087890625
1101001110,16431,"[3, 0, 1, 2]",750,268.2018280029297,True,17.52784887194936,9,0.00087890625
1101001110,16432,"[3, 0, 1, 2]",750,268.2197093963623,False,17.52784887194936,9,0.00087890625
1101001110,16433,"[3, 0, 1, 2]",750,268.2325839996338,True,17.52784887194936,9,0.00087890625
1010110100,16434,"[2, 1, 0, 3]",600,268.251895904541,False,27.80849659003144,9,0.00087890625
1010110100,16435,"[2, 1, 0, 3]",600,268.2654857635498,True,27.80849659003144,9,0.00087890625
1010110100,16436,"[2, 1, 0, 3]",600,268.2831287384033,False,27.80849659003144,9,0.00087890625
1010110100,16437,"[2, 1, 0, 3]",600,268.2960033416748,True,27.80849659003144,9,0.00087890625
1010110100,16438,"[2, 1, 0, 3]",600,268.3134078979492,False,27.80849659003144,9,0.00087890625
1010110100,16439,"[2, 1, 0, 3]",600,268.326997756958,True,27.80849659003144,9,0.00087890625
1010110100,16440,"[2, 1, 0, 3]",600,268.3446407318115,False,27.80849659003144,9,0.00087890625
1010110100,16441,"[2, 1, 0, 3]",600,268.3584690093994,True,27.80849659003144,9,0.00087890625
1010110100,16442,"[2, 1, 0, 3]",600,268.3758735656738,False,27.80849659003144,9,0.00087890625
1010110100,16443,"[2, 1, 0, 3]",600,268.3897018432617,True,27.80849659003144,9,0.00087890625
1010110100,16444,"[2, 1, 0, 3]",600,268.40710639953613,False,27.80849659003144,9,0.00087890625
1010110100,16445,"[2, 1, 0, 3]",600,268.420934677124,True,27.80849659003144,9,0.00087890625
1010110100,16446,"[2, 1, 0, 3]",600,268.43857765197754,False,27.80849659003144,9,0.00087890625
1010110100,16447,"[2, 1, 0, 3]",600,268.4519290924072,True,27.80849659003144,9,0.00087890625
1010110100,16448,"[2, 1, 0, 3]",600,268.47124099731445,False,27.80849659003144,9,0.00087890625
1010110100,16449,"[2, 1, 0, 3]",600,268.48530769348145,True,27.80849659003144,9,0.00087890625
1010110100,16450,"[2, 1, 0, 3]",600,268.50438117980957,False,27.80849659003144,9,0.00087890625
1010110100,16451,"[2, 1, 0, 3]",600,268.51797103881836,True,27.80849659003144,9,0.00087890625
1111001000,16452,"[1, 0, 3, 2]",465,268.5360908508301,False,24.081334838543306,9,0.00087890625
1111001000,16453,"[1, 0, 3, 2]",465,268.54968070983887,True,24.081334838543306,9,0.00087890625
1111001000,16454,"[1, 0, 3, 2]",465,268.5689926147461,False,24.081334838543306,9,0.00087890625
1111001000,16455,"[1, 0, 3, 2]",465,268.5823440551758,True,24.081334838543306,9,0.00087890625
1111001000,16456,"[1, 0, 3, 2]",465,268.6002254486084,False,24.081334838543306,9,0.00087890625
1111001000,16457,"[1, 0, 3, 2]",465,268.613338470459,True,24.081334838543306,9,0.00087890625
1111001000,16458,"[1, 0, 3, 2]",465,268.6307430267334,False,24.081334838543306,9,0.00087890625
1111001000,16459,"[1, 0, 3, 2]",465,268.643856048584,True,24.081334838543306,9,0.00087890625
1111001000,16460,"[1, 0, 3, 2]",465,268.6614990234375,False,24.081334838543306,9,0.00087890625
1111001000,16461,"[1, 0, 3, 2]",465,268.6741352081299,True,24.081334838543306,9,0.00087890625
1111001000,16462,"[1, 0, 3, 2]",465,268.6917781829834,False,24.081334838543306,9,0.00087890625
1111001000,16463,"[1, 0, 3, 2]",465,268.704891204834,True,24.081334838543306,9,0.00087890625
1111001000,16464,"[1, 0, 3, 2]",465,268.7220573425293,False,24.081334838543306,9,0.00087890625
1111001000,16465,"[1, 0, 3, 2]",465,268.7351703643799,True,24.081334838543306,9,0.00087890625
1111001000,16466,"[1, 0, 3, 2]",465,268.7528133392334,False,24.081334838543306,9,0.00087890625
1111001000,16467,"[1, 0, 3, 2]",465,268.765926361084,True,24.081334838543306,9,0.00087890625
1111001000,16468,"[1, 0, 3, 2]",465,268.7833309173584,False,24.081334838543306,9,0.00087890625
1111001000,16469,"[1, 0, 3, 2]",465,268.796443939209,True,24.081334838543306,9,0.00087890625
1100011110,16470,"[3, 0, 2, 1]",6300,268.8138484954834,False,18.456314071920076,9,0.00087890625
1100011110,16471,"[3, 0, 1, 2]",750,268.8271999359131,True,18.456314071920076,9,0.00087890625
1100011110,16472,"[3, 0, 2, 1]",6300,268.8450813293457,False,18.456314071920076,9,0.00087890625
1100011110,16473,"[3, 0, 1, 2]",750,268.8584327697754,True,18.456314071920076,9,0.00087890625
1100011110,16474,"[3, 0, 2, 1]",6300,268.876314163208,False,18.456314071920076,9,0.00087890625
1100011110,16475,"[3, 0, 1, 2]",750,268.91183853149414,True,18.456314071920076,9,0.00087890625
1100011110,16476,"[3, 0, 2, 1]",6300,268.9318656921387,False,18.456314071920076,9,0.00087890625
1100011110,16477,"[3, 0, 1, 2]",750,268.94521713256836,True,18.456314071920076,9,0.00087890625
1100011110,16478,"[3, 0, 2, 1]",6300,268.963098526001,False,18.456314071920076,9,0.00087890625
1100011110,16479,"[3, 0, 1, 2]",750,268.97621154785156,True,18.456314071920076,9,0.00087890625
1100011110,16480,"[3, 0, 2, 1]",6300,268.9938545227051,False,18.456314071920076,9,0.00087890625
1100011110,16481,"[3, 0, 1, 2]",750,269.00672912597656,True,18.456314071920076,9,0.00087890625
1100011110,16482,"[3, 0, 2, 1]",6300,269.0246105194092,False,18.456314071920076,9,0.00087890625
1100011110,16483,"[3, 0, 1, 2]",750,269.03772354125977,True,18.456314071920076,9,0.00087890625
1100011110,16484,"[3, 0, 2, 1]",6300,269.0556049346924,False,18.456314071920076,9,0.00087890625
1100011110,16485,"[3, 0, 1, 2]",750,269.06895637512207,True,18.456314071920076,9,0.00087890625
1100011110,16486,"[3, 0, 2, 1]",6300,269.0865993499756,False,18.456314071920076,9,0.00087890625
1100011110,16487,"[3, 0, 1, 2]",750,269.0997123718262,True,18.456314071920076,9,0.00087890625
1101011001,16488,"[0, 3, 2, 1]",6300,269.118070602417,False,14.272259421167831,9,0.00087890625
1101011001,16489,"[0, 1, 3, 2]",465,269.1316604614258,True,14.272259421167831,9,0.00087890625
1101011001,16490,"[0, 3, 2, 1]",6300,269.1490650177002,False,14.272259421167831,9,0.00087890625
1101011001,16491,"[0, 1, 3, 2]",465,269.1621780395508,True,14.272259421167831,9,0.00087890625
1101011001,16492,"[0, 3, 2, 1]",6300,269.1798210144043,False,14.272259421167831,9,0.00087890625
1101011001,16493,"[0, 1, 3, 2]",465,269.1929340362549,True,14.272259421167831,9,0.00087890625
1101011001,16494,"[0, 3, 2, 1]",6300,269.2105770111084,False,14.272259421167831,9,0.00087890625
1101011001,16495,"[0, 1, 3, 2]",465,269.2239284515381,True,14.272259421167831,9,0.00087890625
1101011001,16496,"[0, 3, 2, 1]",6300,269.2432403564453,False,14.272259421167831,9,0.00087890625
1101011001,16497,"[0, 1, 3, 2]",465,269.2568302154541,True,14.272259421167831,9,0.00087890625
1101011001,16498,"[0, 3, 2, 1]",6300,269.2742347717285,False,14.272259421167831,9,0.00087890625
1101011001,16499,"[0, 1, 3, 2]",465,269.2880630493164,True,14.272259421167831,9,0.00087890625
1101011001,16500,"[0, 3, 2, 1]",6300,269.305944442749,False,14.272259421167831,9,0.00087890625
1101011001,16501,"[0, 1, 3, 2]",465,269.3195343017578,True,14.272259421167831,9,0.00087890625
1101011001,16502,"[0, 3, 2, 1]",6300,269.33884620666504,False,14.272259421167831,9,0.00087890625
1101011001,16503,"[0, 1, 3, 2]",465,269.3524360656738,True,14.272259421167831,9,0.00087890625
1101011001,16504,"[0, 3, 2, 1]",6300,269.37007904052734,False,14.272259421167831,9,0.00087890625
1101011001,16505,"[0, 1, 3, 2]",465,269.38343048095703,True,14.272259421167831,9,0.00087890625
1110100000,16506,"[0, 2, 1, 3]",500,269.40107345581055,False,27.09037222002324,9,0.00087890625
1110100000,16507,"[0, 1, 2, 3]",315,269.41394805908203,True,27.09037222002324,9,0.00087890625
1110100000,16508,"[0, 2, 1, 3]",500,269.43206787109375,False,27.09037222002324,9,0.00087890625
1110100000,16509,"[0, 1, 2, 3]",315,269.44494247436523,True,27.09037222002324,9,0.00087890625
1110100000,16510,"[0, 2, 1, 3]",500,269.46258544921875,False,27.09037222002324,9,0.00087890625
1110100000,16511,"[0, 1, 2, 3]",315,269.47569847106934,True,27.09037222002324,9,0.00087890625
1110100000,16512,"[0, 2, 1, 3]",500,269.49334144592285,False,27.09037222002324,9,0.00087890625
1110100000,16513,"[0, 1, 2, 3]",315,269.50645446777344,True,27.09037222002324,9,0.00087890625
1110100000,16514,"[0, 2, 1, 3]",500,269.52409744262695,False,27.09037222002324,9,0.00087890625
1110100000,16515,"[0, 1, 2, 3]",315,269.53697204589844,True,27.09037222002324,9,0.00087890625
1110100000,16516,"[0, 2, 1, 3]",500,269.55461502075195,False,27.09037222002324,9,0.00087890625
1110100000,16517,"[0, 1, 2, 3]",315,269.56748962402344,True,27.09037222002324,9,0.00087890625
1110100000,16518,"[0, 2, 1, 3]",500,269.58656311035156,False,27.09037222002324,9,0.00087890625
1110100000,16519,"[0, 1, 2, 3]",315,269.59943771362305,True,27.09037222002324,9,0.00087890625
1110100000,16520,"[0, 2, 1, 3]",500,269.61708068847656,False,27.09037222002324,9,0.00087890625
1110100000,16521,"[0, 1, 2, 3]",315,269.63019371032715,True,27.09037222002324,9,0.00087890625
1110100000,16522,"[0, 2, 1, 3]",500,269.64759826660156,False,27.09037222002324,9,0.00087890625
1110100000,16523,"[0, 1, 2, 3]",315,269.66047286987305,True,27.09037222002324,9,0.00087890625
0111101101,16524,"[3, 1, 2, 0]",9450,269.67835426330566,False,26.675570466711086,9,0.00087890625
0111101101,16525,"[3, 1, 0, 2]",900,269.69218254089355,True,26.675570466711086,9,0.00087890625
0111101101,16526,"[3, 1, 2, 0]",9450,269.7100639343262,False,26.675570466711086,9,0.00087890625
0111101101,16527,"[3, 1, 0, 2]",900,269.72389221191406,True,26.675570466711086,9,0.00087890625
0111101101,16528,"[3, 1, 2, 0]",9450,269.7415351867676,False,26.675570466711086,9,0.00087890625
0111101101,16529,"[3, 1, 0, 2]",900,269.75512504577637,True,26.675570466711086,9,0.00087890625
0111101101,16530,"[3, 1, 2, 0]",9450,269.7727680206299,False,26.675570466711086,9,0.00087890625
0111101101,16531,"[3, 1, 0, 2]",900,269.78611946105957,True,26.675570466711086,9,0.00087890625
0111101101,16532,"[3, 1, 2, 0]",9450,269.8037624359131,False,26.675570466711086,9,0.00087890625
0111101101,16533,"[3, 1, 0, 2]",900,269.8171138763428,True,26.675570466711086,9,0.00087890625
0111101101,16534,"[3, 1, 2, 0]",9450,269.8347568511963,False,26.675570466711086,9,0.00087890625
0111101101,16535,"[3, 1, 0, 2]",900,269.8478698730469,True,26.675570466711086,9,0.00087890625
0111101101,16536,"[3, 1, 2, 0]",9450,269.8659896850586,False,26.675570466711086,9,0.00087890625
0111101101,16537,"[3, 1, 0, 2]",900,269.8788642883301,True,26.675570466711086,9,0.00087890625
0111101101,16538,"[3, 1, 2, 0]",9450,269.8986530303955,False,26.675570466711086,9,0.00087890625
0111101101,16539,"[3, 1, 0, 2]",900,269.9117660522461,True,26.675570466711086,9,0.00087890625
0111101101,16540,"[3, 1, 2, 0]",9450,269.9296474456787,False,26.675570466711086,9,0.00087890625
0111101101,16541,"[3, 1, 0, 2]",900,269.9427604675293,True,26.675570466711086,9,0.00087890625
0001000000,16542,"[1, 3, 2, 0]",9450,269.9601650238037,False,17.383190649627178,9,0.00087890625
0001000000,16543,"[1, 0, 3, 2]",465,269.9735164642334,True,17.383190649627178,9,0.00087890625
0001000000,16544,"[1, 3, 2, 0]",9450,269.991397857666,False,17.383190649627178,9,0.00087890625
0001000000,16545,"[1, 0, 3, 2]",465,270.0042724609375,True,17.383190649627178,9,0.00087890625
0001000000,16546,"[1, 3, 2, 0]",9450,270.0221538543701,False,17.383190649627178,9,0.00087890625
0001000000,16547,"[1, 0, 3, 2]",465,270.0350284576416,True,17.383190649627178,9,0.00087890625
0001000000,16548,"[1, 3, 2, 0]",9450,270.0526714324951,False,17.383190649627178,9,0.00087890625
0001000000,16549,"[1, 0, 3, 2]",465,270.0660228729248,True,17.383190649627178,9,0.00087890625
0001000000,16550,"[1, 3, 2, 0]",9450,270.0839042663574,False,17.383190649627178,9,0.00087890625
0001000000,16551,"[1, 0, 3, 2]",465,270.0974941253662,True,17.383190649627178,9,0.00087890625
0001000000,16552,"[1, 3, 2, 0]",9450,270.11752128601074,False,17.383190649627178,9,0.00087890625
0001000000,16553,"[1, 0, 3, 2]",465,270.13087272644043,True,17.383190649627178,9,0.00087890625
0001000000,16554,"[1, 3, 2, 0]",9450,270.14851570129395,False,17.383190649627178,9,0.00087890625
0001000000,16555,"[1, 0, 3, 2]",465,270.16210556030273,True,17.383190649627178,9,0.00087890625
0001000000,16556,"[1, 3, 2, 0]",9450,270.17951011657715,False,17.383190649627178,9,0.00087890625
0001000000,16557,"[1, 0, 3, 2]",465,270.19286155700684,True,17.383190649627178,9,0.00087890625
0001000000,16558,"[1, 3, 2, 0]",9450,270.21050453186035,False,17.383190649627178,9,0.00087890625
0001000000,16559,"[1, 0, 3, 2]",465,270.22385597229004,True,17.383190649627178,9,0.00087890625
0110100110,16560,"[2, 1, 3, 0]",9300,270.2441215515137,False,16.318016911728506,9,0.00087890625
0110100110,16561,"[2, 1, 0, 3]",600,270.25771141052246,True,16.318016911728506,9,0.00087890625
0110100110,16562,"[2, 1, 3, 0]",9300,270.2755928039551,False,16.318016911728506,9,0.00087890625
0110100110,16563,"[2, 1, 0, 3]",600,270.28870582580566,True,16.318016911728506,9,0.00087890625
0110100110,16564,"[2, 1, 3, 0]",9300,270.3065872192383,False,16.318016911728506,9,0.00087890625
0110100110,16565,"[2, 1, 0, 3]",600,270.31970024108887,True,16.318016911728506,9,0.00087890625
0110100110,16566,"[2, 1, 3, 0]",9300,270.3373432159424,False,16.318016911728506,9,0.00087890625
0110100110,16567,"[2, 1, 0, 3]",600,270.35069465637207,True,16.318016911728506,9,0.00087890625
0110100110,16568,"[2, 1, 3, 0]",9300,270.3683376312256,False,16.318016911728506,9,0.00087890625
0110100110,16569,"[2, 1, 0, 3]",600,270.3814506530762,True,16.318016911728506,9,0.00087890625
0110100110,16570,"[2, 1, 3, 0]",9300,270.3990936279297,False,16.318016911728506,9,0.00087890625
0110100110,16571,"[2, 1, 0, 3]",600,270.4122066497803,True,16.318016911728506,9,0.00087890625
0110100110,16572,"[2, 1, 3, 0]",9300,270.4296112060547,False,16.318016911728506,9,0.00087890625
0110100110,16573,"[2, 1, 0, 3]",600,270.4424858093262,True,16.318016911728506,9,0.00087890625
0110100110,16574,"[2, 1, 3, 0]",9300,270.4598903656006,False,16.318016911728506,9,0.00087890625
0110100110,16575,"[2, 1, 0, 3]",600,270.47252655029297,True,16.318016911728506,9,0.00087890625
0110100110,16576,"[2, 1, 3, 0]",9300,270.4906463623047,False,16.318016911728506,9,0.00087890625
0110100110,16577,"[2, 1, 0, 3]",600,270.5035209655762,True,16.318016911728506,9,0.00087890625
0111000101,16578,"[1, 3, 0, 2]",900,270.5214023590088,False,10.422727292881255,9,0.00087890625
0111000101,16579,"[1, 0, 3, 2]",465,270.5349922180176,True,10.422727292881255,9,0.00087890625
0111000101,16580,"[1, 3, 0, 2]",900,270.554780960083,False,10.422727292881255,9,0.00087890625
0111000101,16581,"[1, 0, 3, 2]",465,270.5686092376709,True,10.422727292881255,9,0.00087890625
0111000101,16582,"[1, 3, 0, 2]",900,270.5862522125244,False,10.422727292881255,9,0.00087890625
0111000101,16583,"[1, 0, 3, 2]",465,270.5996036529541,True,10.422727292881255,9,0.00087890625
0111000101,16584,"[1, 3, 0, 2]",900,270.6172466278076,False,10.422727292881255,9,0.00087890625
0111000101,16585,"[1, 0, 3, 2]",465,270.6305980682373,True,10.422727292881255,9,0.00087890625
0111000101,16586,"[1, 3, 0, 2]",900,270.6482410430908,False,10.422727292881255,9,0.00087890625
0111000101,16587,"[1, 0, 3, 2]",465,270.6615924835205,True,10.422727292881255,9,0.00087890625
0111000101,16588,"[1, 3, 0, 2]",900,270.6787586212158,False,10.422727292881255,9,0.00087890625
0111000101,16589,"[1, 0, 3, 2]",465,270.6916332244873,True,10.422727292881255,9,0.00087890625
0111000101,16590,"[1, 3, 0, 2]",900,270.7092761993408,False,10.422727292881255,9,0.00087890625
0111000101,16591,"[1, 0, 3, 2]",465,270.7219123840332,True,10.422727292881255,9,0.00087890625
0111000101,16592,"[1, 3, 0, 2]",900,270.7395553588867,False,10.422727292881255,9,0.00087890625
0111000101,16593,"[1, 0, 3, 2]",465,270.7526683807373,True,10.422727292881255,9,0.00087890625
0111000101,16594,"[1, 3, 0, 2]",900,270.7705497741699,False,10.422727292881255,9,0.00087890625
0111000101,16595,"[1, 0, 3, 2]",465,270.7836627960205,True,10.422727292881255,9,0.00087890625
0111110010,16596,"[2, 1, 0, 3]",600,270.801305770874,False,16.27225942116783,8,0.00078125
0111110010,16597,"[2, 1, 0, 3]",600,270.8146572113037,True,16.27225942116783,8,0.00078125
0111110010,16598,"[2, 1, 0, 3]",600,270.8323001861572,False,16.27225942116783,8,0.00078125
0111110010,16599,"[2, 1, 0, 3]",600,270.8456516265869,True,16.27225942116783,8,0.00078125
0111110010,16600,"[2, 1, 0, 3]",600,270.86567878723145,False,16.27225942116783,8,0.00078125
0111110010,16601,"[2, 1, 0, 3]",600,270.87903022766113,True,16.27225942116783,8,0.00078125
0111110010,16602,"[2, 1, 0, 3]",600,270.89881896972656,False,16.27225942116783,8,0.00078125
0111110010,16603,"[2, 1, 0, 3]",600,270.91217041015625,True,16.27225942116783,8,0.00078125
0111110010,16604,"[2, 1, 0, 3]",600,270.93029022216797,False,16.27225942116783,8,0.00078125
0111110010,16605,"[2, 1, 0, 3]",600,270.94340324401855,True,16.27225942116783,8,0.00078125
0111110010,16606,"[2, 1, 0, 3]",600,270.96104621887207,False,16.27225942116783,8,0.00078125
0111110010,16607,"[2, 1, 0, 3]",600,270.97439765930176,True,16.27225942116783,8,0.00078125
0111110010,16608,"[2, 1, 0, 3]",600,270.9922790527344,False,16.27225942116783,8,0.00078125
0111110010,16609,"[2, 1, 0, 3]",600,271.00586891174316,True,16.27225942116783,8,0.00078125
0111110010,16610,"[2, 1, 0, 3]",600,271.0235118865967,False,16.27225942116783,8,0.00078125
0111110010,16611,"[2, 1, 0, 3]",600,271.0378170013428,True,16.27225942116783,8,0.00078125
1110111101,16612,"[3, 2, 0, 1]",6600,271.0556983947754,False,44.262643212343875,8,0.00078125
1110111101,16613,"[3, 2, 0, 1]",6600,271.0697650909424,True,44.262643212343875,8,0.00078125
1110111101,16614,"[3, 2, 0, 1]",6600,271.0874080657959,False,44.262643212343875,8,0.00078125
1110111101,16615,"[3, 2, 0, 1]",6600,271.1007595062256,True,44.262643212343875,8,0.00078125
1110111101,16616,"[3, 2, 0, 1]",6600,271.1203098297119,False,44.262643212343875,8,0.00078125
1110111101,16617,"[3, 2, 0, 1]",6600,271.1334228515625,True,44.262643212343875,8,0.00078125
1110111101,16618,"[3, 2, 0, 1]",6600,271.1508274078369,False,44.262643212343875,8,0.00078125
1110111101,16619,"[3, 2, 0, 1]",6600,271.1637020111084,True,44.262643212343875,8,0.00078125
1110111101,16620,"[3, 2, 0, 1]",6600,271.181583404541,False,44.262643212343875,8,0.00078125
1110111101,16621,"[3, 2, 0, 1]",6600,271.1946964263916,True,44.262643212343875,8,0.00078125
1110111101,16622,"[3, 2, 0, 1]",6600,271.2287902832031,False,44.262643212343875,8,0.00078125
1110111101,16623,"[3, 2, 0, 1]",6600,271.2421417236328,True,44.262643212343875,8,0.00078125
1110111101,16624,"[3, 2, 0, 1]",6600,271.2705135345459,False,44.262643212343875,8,0.00078125
1110111101,16625,"[3, 2, 0, 1]",6600,271.2836265563965,True,44.262643212343875,8,0.00078125
1110111101,16626,"[3, 2, 0, 1]",6600,271.31175994873047,False,44.262643212343875,8,0.00078125
1110111101,16627,"[3, 2, 0, 1]",6600,271.32487297058105,True,44.262643212343875,8,0.00078125
0110111000,16628,"[2, 3, 1, 0]",9600,271.35276794433594,False,28.930772864402385,8,0.00078125
0110111000,16629,"[2, 3, 1, 0]",9600,271.3661193847656,True,28.930772864402385,8,0.00078125
0110111000,16630,"[2, 3, 1, 0]",9600,271.3942527770996,False,28.930772864402385,8,0.00078125
0110111000,16631,"[2, 3, 1, 0]",9600,271.4073657989502,True,28.930772864402385,8,0.00078125
0110111000,16632,"[2, 3, 1, 0]",9600,271.4354991912842,False,28.930772864402385,8,0.00078125
0110111000,16633,"[2, 3, 1, 0]",9600,271.44885063171387,True,28.930772864402385,8,0.00078125
0110111000,16634,"[2, 3, 1, 0]",9600,271.47650718688965,False,28.930772864402385,8,0.00078125
0110111000,16635,"[2, 3, 1, 0]",9600,271.48962020874023,True,28.930772864402385,8,0.00078125
0110111000,16636,"[2, 3, 1, 0]",9600,271.517276763916,False,28.930772864402385,8,0.00078125
0110111000,16637,"[2, 3, 1, 0]",9600,271.5308666229248,True,28.930772864402385,8,0.00078125
0110111000,16638,"[2, 3, 1, 0]",9600,271.5585231781006,False,28.930772864402385,8,0.00078125
0110111000,16639,"[2, 3, 1, 0]",9600,271.5718746185303,True,28.930772864402385,8,0.00078125
0110111000,16640,"[2, 3, 1, 0]",9600,271.59929275512695,False,28.930772864402385,8,0.00078125
0110111000,16641,"[2, 3, 1, 0]",9600,271.61264419555664,True,28.930772864402385,8,0.00078125
0110111000,16642,"[2, 3, 1, 0]",9600,271.6481685638428,False,28.930772864402385,8,0.00078125
0110111000,16643,"[2, 3, 1, 0]",9600,271.6631889343262,True,28.930772864402385,8,0.00078125
0111101111,16644,"[3, 1, 2, 0]",9450,271.6832160949707,False,21.767085447832436,8,0.00078125
0111101111,16645,"[3, 1, 0, 2]",900,271.6968059539795,True,21.767085447832436,8,0.00078125
0111101111,16646,"[3, 1, 2, 0]",9450,271.7146873474121,False,21.767085447832436,8,0.00078125
0111101111,16647,"[3, 1, 0, 2]",900,271.7282772064209,True,21.767085447832436,8,0.00078125
0111101111,16648,"[3, 1, 2, 0]",9450,271.7461585998535,False,21.767085447832436,8,0.00078125
0111101111,16649,"[3, 1, 0, 2]",900,271.7595100402832,True,21.767085447832436,8,0.00078125
0111101111,16650,"[3, 1, 2, 0]",9450,271.7776298522949,False,21.767085447832436,8,0.00078125
0111101111,16651,"[3, 1, 0, 2]",900,271.7914581298828,True,21.767085447832436,8,0.00078125
0111101111,16652,"[3, 1, 2, 0]",9450,271.81100845336914,False,21.767085447832436,8,0.00078125
0111101111,16653,"[3, 1, 0, 2]",900,271.82579040527344,True,21.767085447832436,8,0.00078125
0111101111,16654,"[3, 1, 2, 0]",9450,271.8474864959717,False,21.767085447832436,8,0.00078125
0111101111,16655,"[3, 1, 0, 2]",900,271.86083793640137,True,21.767085447832436,8,0.00078125
0111101111,16656,"[3, 1, 2, 0]",9450,271.878719329834,False,21.767085447832436,8,0.00078125
0111101111,16657,"[3, 1, 0, 2]",900,271.89183235168457,True,21.767085447832436,8,0.00078125
0111101111,16658,"[3, 1, 2, 0]",9450,271.909236907959,False,21.767085447832436,8,0.00078125
0111101111,16659,"[3, 1, 0, 2]",900,271.9225883483887,True,21.767085447832436,8,0.00078125
0110011011,16660,"[3, 1, 2, 0]",9450,271.9404697418213,False,14.425790665320811,8,0.00078125
0110011011,16661,"[3, 1, 0, 2]",900,271.953821182251,True,14.425790665320811,8,0.00078125
0110011011,16662,"[3, 1, 2, 0]",9450,271.9714641571045,False,14.425790665320811,8,0.00078125
0110011011,16663,"[3, 1, 0, 2]",900,271.9852924346924,True,14.425790665320811,8,0.00078125
0110011011,16664,"[3, 1, 2, 0]",9450,272.0053195953369,False,14.425790665320811,8,0.00078125
0110011011,16665,"[3, 1, 0, 2]",900,272.0189094543457,True,14.425790665320811,8,0.00078125
0110011011,16666,"[3, 1, 2, 0]",9450,272.0367908477783,False,14.425790665320811,8,0.00078125
0110011011,16667,"[3, 1, 0, 2]",900,272.0499038696289,True,14.425790665320811,8,0.00078125
0110011011,16668,"[3, 1, 2, 0]",9450,272.0677852630615,False,14.425790665320811,8,0.00078125
0110011011,16669,"[3, 1, 0, 2]",900,272.0808982849121,True,14.425790665320811,8,0.00078125
0110011011,16670,"[3, 1, 2, 0]",9450,272.0983028411865,False,14.425790665320811,8,0.00078125
0110011011,16671,"[3, 1, 0, 2]",900,272.1114158630371,True,14.425790665320811,8,0.00078125
0110011011,16672,"[3, 1, 2, 0]",9450,272.1292972564697,False,14.425790665320811,8,0.00078125
0110011011,16673,"[3, 1, 0, 2]",900,272.1419334411621,True,14.425790665320811,8,0.00078125
0110011011,16674,"[3, 1, 2, 0]",9450,272.1598148345947,False,14.425790665320811,8,0.00078125
0110011011,16675,"[3, 1, 0, 2]",900,272.1729278564453,True,14.425790665320811,8,0.00078125
0010100100,16676,"[2, 1, 3, 0]",9300,272.1905708312988,False,20.318016911728506,8,0.00078125
0010100100,16677,"[2, 1, 0, 3]",600,272.2036838531494,True,20.318016911728506,8,0.00078125
0010100100,16678,"[2, 1, 3, 0]",9300,272.22132682800293,False,20.318016911728506,8,0.00078125
0010100100,16679,"[2, 1, 0, 3]",600,272.2344398498535,True,20.318016911728506,8,0.00078125
0010100100,16680,"[2, 1, 3, 0]",9300,272.25184440612793,False,20.318016911728506,8,0.00078125
0010100100,16681,"[2, 1, 0, 3]",600,272.2649574279785,True,20.318016911728506,8,0.00078125
0010100100,16682,"[2, 1, 3, 0]",9300,272.28236198425293,False,20.318016911728506,8,0.00078125
0010100100,16683,"[2, 1, 0, 3]",600,272.2954750061035,True,20.318016911728506,8,0.00078125
0010100100,16684,"[2, 1, 3, 0]",9300,272.31335639953613,False,20.318016911728506,8,0.00078125
0010100100,16685,"[2, 1, 0, 3]",600,272.3262310028076,True,20.318016911728506,8,0.00078125
0010100100,16686,"[2, 1, 3, 0]",9300,272.34578132629395,False,20.318016911728506,8,0.00078125
0010100100,16687,"[2, 1, 0, 3]",600,272.35913276672363,True,20.318016911728506,8,0.00078125
0010100100,16688,"[2, 1, 3, 0]",9300,272.37701416015625,False,20.318016911728506,8,0.00078125
0010100100,16689,"[2, 1, 0, 3]",600,272.39012718200684,True,20.318016911728506,8,0.00078125
0010100100,16690,"[2, 1, 3, 0]",9300,272.40800857543945,False,20.318016911728506,8,0.00078125
0010100100,16691,"[2, 1, 0, 3]",600,272.42136001586914,True,20.318016911728506,8,0.00078125
0101111110,16692,"[3, 2, 1, 0]",9600,272.43924140930176,False,33.70634071157657,8,0.00078125
0101111110,16693,"[3, 2, 1, 0]",9600,272.45235443115234,True,33.70634071157657,8,0.00078125
0101111110,16694,"[3, 2, 1, 0]",9600,272.46975898742676,False,33.70634071157657,8,0.00078125
0101111110,16695,"[3, 2, 1, 0]",9600,272.48239517211914,True,33.70634071157657,8,0.00078125
0101111110,16696,"[3, 2, 1, 0]",9600,272.50027656555176,False,33.70634071157657,8,0.00078125
0101111110,16697,"[3, 2, 1, 0]",9600,272.51291275024414,True,33.70634071157657,8,0.00078125
0101111110,16698,"[3, 2, 1, 0]",9600,272.53031730651855,False,33.70634071157657,8,0.00078125
0101111110,16699,"[3, 2, 1, 0]",9600,272.54319190979004,True,33.70634071157657,8,0.00078125
0101111110,16700,"[3, 2, 1, 0]",9600,272.56083488464355,False,33.70634071157657,8,0.00078125
0101111110,16701,"[3, 2, 1, 0]",9600,272.57394790649414,True,33.70634071157657,8,0.00078125
0101111110,16702,"[3, 2, 1, 0]",9600,272.59182929992676,False,33.70634071157657,8,0.00078125
0101111110,16703,"[3, 2, 1, 0]",9600,272.60494232177734,True,33.70634071157657,8,0.00078125
0101111110,16704,"[3, 2, 1, 0]",9600,272.6244926452637,False,33.70634071157657,8,0.00078125
0101111110,16705,"[3, 2, 1, 0]",9600,272.63760566711426,True,33.70634071157657,8,0.00078125
0101111110,16706,"[3, 2, 1, 0]",9600,272.6571559906006,False,33.70634071157657,8,0.00078125
0101111110,16707,"[3, 2, 1, 0]",9600,272.66955375671387,True,33.70634071157657,8,0.00078125
0000000010,16708,"[3, 2, 1, 0]",9600,272.6871967315674,False,31.0,8,0.00078125
0000000010,16709,"[3, 2, 1, 0]",9600,272.69983291625977,True,31.0,8,0.00078125
0000000010,16710,"[3, 2, 1, 0]",9600,272.7172374725342,False,31.0,8,0.00078125
0000000010,16711,"[3, 2, 1, 0]",9600,272.72987365722656,True,31.0,8,0.00078125
0000000010,16712,"[3, 2, 1, 0]",9600,272.747278213501,False,31.0,8,0.00078125
0000000010,16713,"[3, 2, 1, 0]",9600,272.76015281677246,True,31.0,8,0.00078125
0000000010,16714,"[3, 2, 1, 0]",9600,272.7775573730469,False,31.0,8,0.00078125
0000000010,16715,"[3, 2, 1, 0]",9600,272.79067039489746,True,31.0,8,0.00078125
0000000010,16716,"[3, 2, 1, 0]",9600,272.808313369751,False,31.0,8,0.00078125
0000000010,16717,"[3, 2, 1, 0]",9600,272.82142639160156,True,31.0,8,0.00078125
0000000010,16718,"[3, 2, 1, 0]",9600,272.8395462036133,False,31.0,8,0.00078125
0000000010,16719,"[3, 2, 1, 0]",9600,272.85242080688477,True,31.0,8,0.00078125
0000000010,16720,"[3, 2, 1, 0]",9600,272.8698253631592,False,31.0,8,0.00078125
0000000010,16721,"[3, 2, 1, 0]",9600,272.88269996643066,True,31.0,8,0.00078125
0000000010,16722,"[3, 2, 1, 0]",9600,272.899866104126,False,31.0,8,0.00078125
0000000010,16723,"[3, 2, 1, 0]",9600,272.91274070739746,True,31.0,8,0.00078125
0011100101,16724,"[1, 2, 3, 0]",9300,272.9299068450928,False,14.869241326287305,8,0.00078125
0011100101,16725,"[1, 0, 2, 3]",315,272.94373512268066,True,14.869241326287305,8,0.00078125
0011100101,16726,"[1, 2, 3, 0]",9300,272.9618549346924,False,14.869241326287305,8,0.00078125
0011100101,16727,"[1, 0, 2, 3]",315,272.9754447937012,True,14.869241326287305,8,0.00078125
0011100101,16728,"[1, 2, 3, 0]",9300,272.9952335357666,False,14.869241326287305,8,0.00078125
0011100101,16729,"[1, 0, 2, 3]",315,273.0085849761963,True,14.869241326287305,8,0.00078125
0011100101,16730,"[1, 2, 3, 0]",9300,273.0264663696289,False,14.869241326287305,8,0.00078125
0011100101,16731,"[1, 0, 2, 3]",315,273.0398178100586,True,14.869241326287305,8,0.00078125
0011100101,16732,"[1, 2, 3, 0]",9300,273.0574607849121,False,14.869241326287305,8,0.00078125
0011100101,16733,"[1, 0, 2, 3]",315,273.0705738067627,True,14.869241326287305,8,0.00078125
0011100101,16734,"[1, 2, 3, 0]",9300,273.0879783630371,False,14.869241326287305,8,0.00078125
0011100101,16735,"[1, 0, 2, 3]",315,273.1008529663086,True,14.869241326287305,8,0.00078125
0011100101,16736,"[1, 2, 3, 0]",9300,273.1187343597412,False,14.869241326287305,8,0.00078125
0011100101,16737,"[1, 0, 2, 3]",315,273.1316089630127,True,14.869241326287305,8,0.00078125
0011100101,16738,"[1, 2, 3, 0]",9300,273.1490135192871,False,14.869241326287305,8,0.00078125
0011100101,16739,"[1, 0, 2, 3]",315,273.1623649597168,True,14.869241326287305,8,0.00078125
1100011001,16740,"[0, 3, 2, 1]",6300,273.1800079345703,False,13.828808760201333,8,0.00078125
1100011001,16741,"[0, 1, 3, 2]",465,273.1935977935791,True,13.828808760201333,8,0.00078125
1100011001,16742,"[0, 3, 2, 1]",6300,273.2110023498535,False,13.828808760201333,8,0.00078125
1100011001,16743,"[0, 1, 3, 2]",465,273.2243537902832,True,13.828808760201333,8,0.00078125
1100011001,16744,"[0, 3, 2, 1]",6300,273.2417583465576,False,13.828808760201333,8,0.00078125
1100011001,16745,"[0, 1, 3, 2]",465,273.2551097869873,True,13.828808760201333,8,0.00078125
1100011001,16746,"[0, 3, 2, 1]",6300,273.2725143432617,False,13.828808760201333,8,0.00078125
1100011001,16747,"[0, 1, 3, 2]",465,273.2861042022705,True,13.828808760201333,8,0.00078125
1100011001,16748,"[0, 3, 2, 1]",6300,273.30517768859863,False,13.828808760201333,8,0.00078125
1100011001,16749,"[0, 1, 3, 2]",465,273.3185291290283,True,13.828808760201333,8,0.00078125
1100011001,16750,"[0, 3, 2, 1]",6300,273.33617210388184,False,13.828808760201333,8,0.00078125
1100011001,16751,"[0, 1, 3, 2]",465,273.3492851257324,True,13.828808760201333,8,0.00078125
1100011001,16752,"[0, 3, 2, 1]",6300,273.36740493774414,False,13.828808760201333,8,0.00078125
1100011001,16753,"[0, 1, 3, 2]",465,273.3805179595947,True,13.828808760201333,8,0.00078125
1100011001,16754,"[0, 3, 2, 1]",6300,273.40054512023926,False,13.828808760201333,8,0.00078125
1100011001,16755,"[0, 1, 3, 2]",465,273.41365814208984,True,13.828808760201333,8,0.00078125
1100111010,16756,"[2, 0, 3, 1]",6200,273.43153953552246,False,21.012863410953585,8,0.00078125
1100111010,16757,"[2, 0, 1, 3]",500,273.44512939453125,True,21.012863410953585,8,0.00078125
1100111010,16758,"[2, 0, 3, 1]",6200,273.46301078796387,False,21.012863410953585,8,0.00078125
1100111010,16759,"[2, 0, 1, 3]",500,273.47612380981445,True,21.012863410953585,8,0.00078125
1100111010,16760,"[2, 0, 3, 1]",6200,273.49400520324707,False,21.012863410953585,8,0.00078125
1100111010,16761,"[2, 0, 1, 3]",500,273.50664138793945,True,21.012863410953585,8,0.00078125
1100111010,16762,"[2, 0, 3, 1]",6200,273.5247611999512,False,21.012863410953585,8,0.00078125
1100111010,16763,"[2, 0, 1, 3]",500,273.53763580322266,True,21.012863410953585,8,0.00078125
1100111010,16764,"[2, 0, 3, 1]",6200,273.5552787780762,False,21.012863410953585,8,0.00078125
1100111010,16765,"[2, 0, 1, 3]",500,273.56839179992676,True,21.012863410953585,8,0.00078125
1100111010,16766,"[2, 0, 3, 1]",6200,273.5860347747803,False,21.012863410953585,8,0.00078125
1100111010,16767,"[2, 0, 1, 3]",500,273.59938621520996,True,21.012863410953585,8,0.00078125
1100111010,16768,"[2, 0, 3, 1]",6200,273.6172676086426,False,21.012863410953585,8,0.00078125
1100111010,16769,"[2, 0, 1, 3]",500,273.63061904907227,True,21.012863410953585,8,0.00078125
1100111010,16770,"[2, 0, 3, 1]",6200,273.6499309539795,False,21.012863410953585,8,0.00078125
1100111010,16771,"[2, 0, 1, 3]",500,273.6630439758301,True,21.012863410953585,8,0.00078125
1010100011,16772,"[2, 1, 0, 3]",600,273.6811637878418,False,37.136129710583916,8,0.00078125
1010100011,16773,"[2, 1, 0, 3]",600,273.6945152282715,True,37.136129710583916,8,0.00078125
1010100011,16774,"[2, 1, 0, 3]",600,273.7119197845459,False,37.136129710583916,8,0.00078125
1010100011,16775,"[2, 1, 0, 3]",600,273.7252712249756,True,37.136129710583916,8,0.00078125
1010100011,16776,"[2, 1, 0, 3]",600,273.7429141998291,False,37.136129710583916,8,0.00078125
1010100011,16777,"[2, 1, 0, 3]",600,273.7560272216797,True,37.136129710583916,8,0.00078125
1010100011,16778,"[2, 1, 0, 3]",600,273.7736701965332,False,37.136129710583916,8,0.00078125
1010100011,16779,"[2, 1, 0, 3]",600,273.7877368927002,True,37.136129710583916,8,0.00078125
1010100011,16780,"[2, 1, 0, 3]",600,273.8053798675537,False,37.136129710583916,8,0.00078125
1010100011,16781,"[2, 1, 0, 3]",600,273.8189697265625,True,37.136129710583916,8,0.00078125
1010100011,16782,"[2, 1, 0, 3]",600,273.8368511199951,False,37.136129710583916,8,0.00078125
1010100011,16783,"[2, 1, 0, 3]",600,273.8504409790039,True,37.136129710583916,8,0.00078125
1010100011,16784,"[2, 1, 0, 3]",600,273.86975288391113,False,37.136129710583916,8,0.00078125
1010100011,16785,"[2, 1, 0, 3]",600,273.8828659057617,True,37.136129710583916,8,0.00078125
1010100011,16786,"[2, 1, 0, 3]",600,273.90050888061523,False,37.136129710583916,8,0.00078125
1010100011,16787,"[2, 1, 0, 3]",600,273.9136219024658,True,37.136129710583916,8,0.00078125
0100110100,16788,"[2, 3, 0, 1]",6600,273.93126487731934,False,17.96710592039291,8,0.00078125
0100110100,16789,"[2, 3, 0, 1]",6600,273.9443778991699,True,17.96710592039291,8,0.00078125
0100110100,16790,"[2, 3, 0, 1]",6600,273.96345138549805,False,17.96710592039291,8,0.00078125
0100110100,16791,"[2, 3, 0, 1]",6600,273.97680282592773,True,17.96710592039291,8,0.00078125
0100110100,16792,"[2, 3, 0, 1]",6600,273.99444580078125,False,17.96710592039291,8,0.00078125
0100110100,16793,"[2, 3, 0, 1]",6600,274.00755882263184,True,17.96710592039291,8,0.00078125
0100110100,16794,"[2, 3, 0, 1]",6600,274.02496337890625,False,17.96710592039291,8,0.00078125
0100110100,16795,"[2, 3, 0, 1]",6600,274.03783798217773,True,17.96710592039291,8,0.00078125
0100110100,16796,"[2, 3, 0, 1]",6600,274.05524253845215,False,17.96710592039291,8,0.00078125
0100110100,16797,"[2, 3, 0, 1]",6600,274.06811714172363,True,17.96710592039291,8,0.00078125
0100110100,16798,"[2, 3, 0, 1]",6600,274.08552169799805,False,17.96710592039291,8,0.00078125
0100110100,16799,"[2, 3, 0, 1]",6600,274.09839630126953,True,17.96710592039291,8,0.00078125
0100110100,16800,"[2, 3, 0, 1]",6600,274.11580085754395,False,17.96710592039291,8,0.00078125
0100110100,16801,"[2, 3, 0, 1]",6600,274.1284370422363,True,17.96710592039291,8,0.00078125
0100110100,16802,"[2, 3, 0, 1]",6600,274.14631843566895,False,17.96710592039291,8,0.00078125
0100110100,16803,"[2, 3, 0, 1]",6600,274.15943145751953,True,17.96710592039291,8,0.00078125
1001010000,16804,"[0, 2, 1, 3]",500,274.18017387390137,False,13.136129710583916,8,0.00078125
1001010000,16805,"[0, 1, 2, 3]",315,274.19400215148926,True,13.136129710583916,8,0.00078125
1001010000,16806,"[0, 2, 1, 3]",500,274.212121963501,False,13.136129710583916,8,0.00078125
1001010000,16807,"[0, 1, 2, 3]",315,274.22499656677246,True,13.136129710583916,8,0.00078125
1001010000,16808,"[0, 2, 1, 3]",500,274.2424011230469,False,13.136129710583916,8,0.00078125
1001010000,16809,"[0, 1, 2, 3]",315,274.25551414489746,True,13.136129710583916,8,0.00078125
1001010000,16810,"[0, 2, 1, 3]",500,274.273157119751,False,13.136129710583916,8,0.00078125
1001010000,16811,"[0, 1, 2, 3]",315,274.28603172302246,True,13.136129710583916,8,0.00078125
1001010000,16812,"[0, 2, 1, 3]",500,274.3053436279297,False,13.136129710583916,8,0.00078125
1001010000,16813,"[0, 1, 2, 3]",315,274.3182182312012,True,13.136129710583916,8,0.00078125
1001010000,16814,"[0, 2, 1, 3]",500,274.3358612060547,False,13.136129710583916,8,0.00078125
1001010000,16815,"[0, 1, 2, 3]",315,274.3487358093262,True,13.136129710583916,8,0.00078125
1001010000,16816,"[0, 2, 1, 3]",500,274.3666172027588,False,13.136129710583916,8,0.00078125
1001010000,16817,"[0, 1, 2, 3]",315,274.3797302246094,True,13.136129710583916,8,0.00078125
1001010000,16818,"[0, 2, 1, 3]",500,274.3973731994629,False,13.136129710583916,8,0.00078125
1001010000,16819,"[0, 1, 2, 3]",315,274.4107246398926,True,13.136129710583916,8,0.00078125
1101000110,16820,"[0, 3, 1, 2]",750,274.428129196167,False,17.34596167080477,8,0.00078125
1101000110,16821,"[0, 1, 3, 2]",465,274.4414806365967,True,17.34596167080477,8,0.00078125
1101000110,16822,"[0, 3, 1, 2]",750,274.4588851928711,False,17.34596167080477,8,0.00078125
1101000110,16823,"[0, 1, 3, 2]",465,274.4941711425781,True,17.34596167080477,8,0.00078125
1101000110,16824,"[0, 3, 1, 2]",750,274.51229095458984,False,17.34596167080477,8,0.00078125
1101000110,16825,"[0, 1, 3, 2]",465,274.52540397644043,True,17.34596167080477,8,0.00078125
1101000110,16826,"[0, 3, 1, 2]",750,274.54304695129395,False,17.34596167080477,8,0.00078125
1101000110,16827,"[0, 1, 3, 2]",465,274.55615997314453,True,17.34596167080477,8,0.00078125
1101000110,16828,"[0, 3, 1, 2]",750,274.57332611083984,False,17.34596167080477,8,0.00078125
1101000110,16829,"[0, 1, 3, 2]",465,274.5859622955322,True,17.34596167080477,8,0.00078125
1101000110,16830,"[0, 3, 1, 2]",750,274.60336685180664,False,17.34596167080477,8,0.00078125
1101000110,16831,"[0, 1, 3, 2]",465,274.6167182922363,True,17.34596167080477,8,0.00078125
1101000110,16832,"[0, 3, 1, 2]",750,274.63626861572266,False,17.34596167080477,8,0.00078125
1101000110,16833,"[0, 1, 3, 2]",465,274.64962005615234,True,17.34596167080477,8,0.00078125
1101000110,16834,"[0, 3, 1, 2]",750,274.66726303100586,False,17.34596167080477,8,0.00078125
1101000110,16835,"[0, 1, 3, 2]",465,274.67989921569824,True,17.34596167080477,8,0.00078125
0101011000,16836,"[3, 2, 1, 0]",9600,274.69778060913086,False,18.27225942116783,8,0.00078125
0101011000,16837,"[3, 2, 1, 0]",9600,274.71160888671875,True,18.27225942116783,8,0.00078125
0101011000,16838,"[3, 2, 1, 0]",9600,274.72949028015137,False,18.27225942116783,8,0.00078125
0101011000,16839,"[3, 2, 1, 0]",9600,274.74260330200195,True,18.27225942116783,8,0.00078125
0101011000,16840,"[3, 2, 1, 0]",9600,274.76000785827637,False,18.27225942116783,8,0.00078125
0101011000,16841,"[3, 2, 1, 0]",9600,274.77312088012695,True,18.27225942116783,8,0.00078125
0101011000,16842,"[3, 2, 1, 0]",9600,274.79028701782227,False,18.27225942116783,8,0.00078125
0101011000,16843,"[3, 2, 1, 0]",9600,274.80340003967285,True,18.27225942116783,8,0.00078125
0101011000,16844,"[3, 2, 1, 0]",9600,274.82104301452637,False,18.27225942116783,8,0.00078125
0101011000,16845,"[3, 2, 1, 0]",9600,274.83391761779785,True,18.27225942116783,8,0.00078125
0101011000,16846,"[3, 2, 1, 0]",9600,274.85132217407227,False,18.27225942116783,8,0.00078125
0101011000,16847,"[3, 2, 1, 0]",9600,274.86395835876465,True,18.27225942116783,8,0.00078125
0101011000,16848,"[3, 2, 1, 0]",9600,274.88160133361816,False,18.27225942116783,8,0.00078125
0101011000,16849,"[3, 2, 1, 0]",9600,274.89447593688965,True,18.27225942116783,8,0.00078125
0101011000,16850,"[3, 2, 1, 0]",9600,274.91188049316406,False,18.27225942116783,8,0.00078125
0101011000,16851,"[3, 2, 1, 0]",9600,274.92499351501465,True,18.27225942116783,8,0.00078125
1010010100,16852,"[1, 0, 3, 2]",465,274.9443054199219,False,18.453497537746742,8,0.00078125
1010010100,16853,"[1, 0, 3, 2]",465,274.9590873718262,True,18.453497537746742,8,0.00078125
1010010100,16854,"[1, 0, 3, 2]",465,274.9788761138916,False,18.453497537746742,8,0.00078125
1010010100,16855,"[1, 0, 3, 2]",465,274.9924659729004,True,18.453497537746742,8,0.00078125
1010010100,16856,"[1, 0, 3, 2]",465,275.0105857849121,False,18.453497537746742,8,0.00078125
1010010100,16857,"[1, 0, 3, 2]",465,275.0236988067627,True,18.453497537746742,8,0.00078125
1010010100,16858,"[1, 0, 3, 2]",465,275.0413417816162,False,18.453497537746742,8,0.00078125
1010010100,16859,"[1, 0, 3, 2]",465,275.054931640625,True,18.453497537746742,8,0.00078125
1010010100,16860,"[1, 0, 3, 2]",465,275.0730514526367,False,18.453497537746742,8,0.00078125
1010010100,16861,"[1, 0, 3, 2]",465,275.0861644744873,True,18.453497537746742,8,0.00078125
1010010100,16862,"[1, 0, 3, 2]",465,275.104284286499,False,18.453497537746742,8,0.00078125
1010010100,16863,"[1, 0, 3, 2]",465,275.1171588897705,True,18.453497537746742,8,0.00078125
1010010100,16864,"[1, 0, 3, 2]",465,275.134801864624,False,18.453497537746742,8,0.00078125
1010010100,16865,"[1, 0, 3, 2]",465,275.1479148864746,True,18.453497537746742,8,0.00078125
1010010100,16866,"[1, 0, 3, 2]",465,275.1657962799072,False,18.453497537746742,8,0.00078125
1010010100,16867,"[1, 0, 3, 2]",465,275.1789093017578,True,18.453497537746742,8,0.00078125
1100110010,16868,"[2, 0, 3, 1]",6200,275.19679069519043,False,10.987418090562802,8,0.00078125
1100110010,16869,"[2, 0, 1, 3]",500,275.2106189727783,True,10.987418090562802,8,0.00078125
1100110010,16870,"[2, 0, 3, 1]",6200,275.22826194763184,False,10.987418090562802,8,0.00078125
1100110010,16871,"[2, 0, 1, 3]",500,275.2418518066406,True,10.987418090562802,8,0.00078125
1100110010,16872,"[2, 0, 3, 1]",6200,275.25949478149414,False,10.987418090562802,8,0.00078125
1100110010,16873,"[2, 0, 1, 3]",500,275.27332305908203,True,10.987418090562802,8,0.00078125
1100110010,16874,"[2, 0, 3, 1]",6200,275.29263496398926,False,10.987418090562802,8,0.00078125
1100110010,16875,"[2, 0, 1, 3]",500,275.30622482299805,True,10.987418090562802,8,0.00078125
1100110010,16876,"[2, 0, 3, 1]",6200,275.32410621643066,False,10.987418090562802,8,0.00078125
1100110010,16877,"[2, 0, 1, 3]",500,275.33721923828125,True,10.987418090562802,8,0.00078125
1100110010,16878,"[2, 0, 3, 1]",6200,275.35486221313477,False,10.987418090562802,8,0.00078125
1100110010,16879,"[2, 0, 1, 3]",500,275.36773681640625,True,10.987418090562802,8,0.00078125
1100110010,16880,"[2, 0, 3, 1]",6200,275.38514137268066,False,10.987418090562802,8,0.00078125
1100110010,16881,"[2, 0, 1, 3]",500,275.39825439453125,True,10.987418090562802,8,0.00078125
1100110010,16882,"[2, 0, 3, 1]",6200,275.41589736938477,False,10.987418090562802,8,0.00078125
1100110010,16883,"[2, 0, 1, 3]",500,275.42901039123535,True,10.987418090562802,8,0.00078125
1011000110,16884,"[1, 0, 3, 2]",465,275.44689178466797,False,12.422727292881255,8,0.00078125
1011000110,16885,"[1, 0, 3, 2]",465,275.46024322509766,True,12.422727292881255,8,0.00078125
1011000110,16886,"[1, 0, 3, 2]",465,275.4778861999512,False,12.422727292881255,8,0.00078125
1011000110,16887,"[1, 0, 3, 2]",465,275.49123764038086,True,12.422727292881255,8,0.00078125
1011000110,16888,"[1, 0, 3, 2]",465,275.5088806152344,False,12.422727292881255,8,0.00078125
1011000110,16889,"[1, 0, 3, 2]",465,275.52199363708496,True,12.422727292881255,8,0.00078125
1011000110,16890,"[1, 0, 3, 2]",465,275.5398750305176,False,12.422727292881255,8,0.00078125
1011000110,16891,"[1, 0, 3, 2]",465,275.55274963378906,True,12.422727292881255,8,0.00078125
1011000110,16892,"[1, 0, 3, 2]",465,275.5703926086426,False,12.422727292881255,8,0.00078125
1011000110,16893,"[1, 0, 3, 2]",465,275.58302879333496,True,12.422727292881255,8,0.00078125
1011000110,16894,"[1, 0, 3, 2]",465,275.6013870239258,False,12.422727292881255,8,0.00078125
1011000110,16895,"[1, 0, 3, 2]",465,275.61402320861816,True,12.422727292881255,8,0.00078125
1011000110,16896,"[1, 0, 3, 2]",465,275.6340503692627,False,12.422727292881255,8,0.00078125
1011000110,16897,"[1, 0, 3, 2]",465,275.6469249725342,True,12.422727292881255,8,0.00078125
1011000110,16898,"[1, 0, 3, 2]",465,275.6645679473877,False,12.422727292881255,8,0.00078125
1011000110,16899,"[1, 0, 3, 2]",465,275.6776809692383,True,12.422727292881255,8,0.00078125
0110001110,16900,"[3, 1, 0, 2]",900,275.6955623626709,False,14.869241326287305,8,0.00078125
0110001110,16901,"[3, 1, 0, 2]",900,275.7093906402588,True,14.869241326287305,8,0.00078125
0110001110,16902,"[3, 1, 0, 2]",900,275.7275104522705,False,14.869241326287305,8,0.00078125
0110001110,16903,"[3, 1, 0, 2]",900,275.7418155670166,True,14.869241326287305,8,0.00078125
0110001110,16904,"[3, 1, 0, 2]",900,275.76136589050293,False,14.869241326287305,8,0.00078125
0110001110,16905,"[3, 1, 0, 2]",900,275.7754325866699,True,14.869241326287305,8,0.00078125
0110001110,16906,"[3, 1, 0, 2]",900,275.79331398010254,False,14.869241326287305,8,0.00078125
0110001110,16907,"[3, 1, 0, 2]",900,275.80714225769043,True,14.869241326287305,8,0.00078125
0110001110,16908,"[3, 1, 0, 2]",900,275.82478523254395,False,14.869241326287305,8,0.00078125
0110001110,16909,"[3, 1, 0, 2]",900,275.83813667297363,True,14.869241326287305,8,0.00078125
0110001110,16910,"[3, 1, 0, 2]",900,275.8593559265137,False,14.869241326287305,8,0.00078125
0110001110,16911,"[3, 1, 0, 2]",900,275.87270736694336,True,14.869241326287305,8,0.00078125
0110001110,16912,"[3, 1, 0, 2]",900,275.890588760376,False,14.869241326287305,8,0.00078125
0110001110,16913,"[3, 1, 0, 2]",900,275.90370178222656,True,14.869241326287305,8,0.00078125
0110001110,16914,"[3, 1, 0, 2]",900,275.9213447570801,False,14.869241326287305,8,0.00078125
0110001110,16915,"[3, 1, 0, 2]",900,275.93469619750977,True,14.869241326287305,8,0.00078125
0111001110,16916,"[3, 1, 0, 2]",900,275.954008102417,False,18.079073286508155,8,0.00078125
0111001110,16917,"[3, 1, 0, 2]",900,275.9673595428467,True,18.079073286508155,8,0.00078125
0111001110,16918,"[3, 1, 0, 2]",900,275.9852409362793,False,18.079073286508155,8,0.00078125
0111001110,16919,"[3, 1, 0, 2]",900,275.998592376709,True,18.079073286508155,8,0.00078125
0111001110,16920,"[3, 1, 0, 2]",900,276.0162353515625,False,18.079073286508155,8,0.00078125
0111001110,16921,"[3, 1, 0, 2]",900,276.029109954834,True,18.079073286508155,8,0.00078125
0111001110,16922,"[3, 1, 0, 2]",900,276.0469913482666,False,18.079073286508155,8,0.00078125
0111001110,16923,"[3, 1, 0, 2]",900,276.0601043701172,True,18.079073286508155,8,0.00078125
0111001110,16924,"[3, 1, 0, 2]",900,276.0777473449707,False,18.079073286508155,8,0.00078125
0111001110,16925,"[3, 1, 0, 2]",900,276.0908603668213,True,18.079073286508155,8,0.00078125
0111001110,16926,"[3, 1, 0, 2]",900,276.1085033416748,False,18.079073286508155,8,0.00078125
0111001110,16927,"[3, 1, 0, 2]",900,276.1216163635254,True,18.079073286508155,8,0.00078125
0111001110,16928,"[3, 1, 0, 2]",900,276.1392593383789,False,18.079073286508155,8,0.00078125
0111001110,16929,"[3, 1, 0, 2]",900,276.1523723602295,True,18.079073286508155,8,0.00078125
0111001110,16930,"[3, 1, 0, 2]",900,276.1702537536621,False,18.079073286508155,8,0.00078125
0111001110,16931,"[3, 1, 0, 2]",900,276.1836051940918,True,18.079073286508155,8,0.00078125
1100000100,16932,"[0, 3, 2, 1]",6300,276.2017250061035,False,11.136129710583916,8,0.00078125
1100000100,16933,"[0, 1, 3, 2]",465,276.2155532836914,True,11.136129710583916,8,0.00078125
1100000100,16934,"[0, 3, 2, 1]",6300,276.2331962585449,False,11.136129710583916,8,0.00078125
1100000100,16935,"[0, 1, 3, 2]",465,276.2467861175537,True,11.136129710583916,8,0.00078125
1100000100,16936,"[0, 3, 2, 1]",6300,276.2644290924072,False,11.136129710583916,8,0.00078125
1100000100,16937,"[0, 1, 3, 2]",465,276.278018951416,True,11.136129710583916,8,0.00078125
1100000100,16938,"[0, 3, 2, 1]",6300,276.29709243774414,False,11.136129710583916,8,0.00078125
1100000100,16939,"[0, 1, 3, 2]",465,276.3104438781738,True,11.136129710583916,8,0.00078125
1100000100,16940,"[0, 3, 2, 1]",6300,276.32808685302734,False,11.136129710583916,8,0.00078125
1100000100,16941,"[0, 1, 3, 2]",465,276.34143829345703,True,11.136129710583916,8,0.00078125
1100000100,16942,"[0, 3, 2, 1]",6300,276.35931968688965,False,11.136129710583916,8,0.00078125
1100000100,16943,"[0, 1, 3, 2]",465,276.37243270874023,True,11.136129710583916,8,0.00078125
1100000100,16944,"[0, 3, 2, 1]",6300,276.39055252075195,False,11.136129710583916,8,0.00078125
1100000100,16945,"[0, 1, 3, 2]",465,276.40390396118164,True,11.136129710583916,8,0.00078125
1100000100,16946,"[0, 3, 2, 1]",6300,276.42178535461426,False,11.136129710583916,8,0.00078125
1100000100,16947,"[0, 1, 3, 2]",465,276.43561363220215,True,11.136129710583916,8,0.00078125
1111000110,16948,"[1, 0, 3, 2]",465,276.45373344421387,False,14.729152320431943,8,0.00078125
1111000110,16949,"[1, 0, 3, 2]",465,276.46756172180176,True,14.729152320431943,8,0.00078125
1111000110,16950,"[1, 0, 3, 2]",465,276.4854431152344,False,14.729152320431943,8,0.00078125
1111000110,16951,"[1, 0, 3, 2]",465,276.49903297424316,True,14.729152320431943,8,0.00078125
1111000110,16952,"[1, 0, 3, 2]",465,276.5190601348877,False,14.729152320431943,8,0.00078125
1111000110,16953,"[1, 0, 3, 2]",465,276.5331268310547,True,14.729152320431943,8,0.00078125
1111000110,16954,"[1, 0, 3, 2]",465,276.5529155731201,False,14.729152320431943,8,0.00078125
1111000110,16955,"[1, 0, 3, 2]",465,276.5660285949707,True,14.729152320431943,8,0.00078125
1111000110,16956,"[1, 0, 3, 2]",465,276.5839099884033,False,14.729152320431943,8,0.00078125
1111000110,16957,"[1, 0, 3, 2]",465,276.5974998474121,True,14.729152320431943,8,0.00078125
1111000110,16958,"[1, 0, 3, 2]",465,276.61657333374023,False,14.729152320431943,8,0.00078125
1111000110,16959,"[1, 0, 3, 2]",465,276.6299247741699,True,14.729152320431943,8,0.00078125
1111000110,16960,"[1, 0, 3, 2]",465,276.64780616760254,False,14.729152320431943,8,0.00078125
1111000110,16961,"[1, 0, 3, 2]",465,276.6611576080322,True,14.729152320431943,8,0.00078125
1111000110,16962,"[1, 0, 3, 2]",465,276.67880058288574,False,14.729152320431943,8,0.00078125
1111000110,16963,"[1, 0, 3, 2]",465,276.69215202331543,True,14.729152320431943,8,0.00078125
0010011101,16964,"[3, 1, 2, 0]",9450,276.71003341674805,False,18.201358512494995,8,0.00078125
0010011101,16965,"[3, 1, 0, 2]",900,276.72386169433594,True,18.201358512494995,8,0.00078125
0010011101,16966,"[3, 1, 2, 0]",9450,276.74174308776855,False,18.201358512494995,8,0.00078125
0010011101,16967,"[3, 1, 0, 2]",900,276.75533294677734,True,18.201358512494995,8,0.00078125
0010011101,16968,"[3, 1, 2, 0]",9450,276.77369117736816,False,18.201358512494995,8,0.00078125
0010011101,16969,"[3, 1, 0, 2]",900,276.78704261779785,True,18.201358512494995,8,0.00078125
0010011101,16970,"[3, 1, 2, 0]",9450,276.80492401123047,False,18.201358512494995,8,0.00078125
0010011101,16971,"[3, 1, 0, 2]",900,276.81803703308105,True,18.201358512494995,8,0.00078125
0010011101,16972,"[3, 1, 2, 0]",9450,276.8361568450928,False,18.201358512494995,8,0.00078125
0010011101,16973,"[3, 1, 0, 2]",900,276.84950828552246,True,18.201358512494995,8,0.00078125
0010011101,16974,"[3, 1, 2, 0]",9450,276.867151260376,False,18.201358512494995,8,0.00078125
0010011101,16975,"[3, 1, 0, 2]",900,276.88050270080566,True,18.201358512494995,8,0.00078125
0010011101,16976,"[3, 1, 2, 0]",9450,276.8981456756592,False,18.201358512494995,8,0.00078125
0010011101,16977,"[3, 1, 0, 2]",900,276.91149711608887,True,18.201358512494995,8,0.00078125
0010011101,16978,"[3, 1, 2, 0]",9450,276.9293785095215,False,18.201358512494995,8,0.00078125
0010011101,16979,"[3, 1, 0, 2]",900,276.9427299499512,True,18.201358512494995,8,0.00078125
0000111001,16980,"[2, 3, 1, 0]",9600,276.9622802734375,False,21.80874342829766,8,0.00078125
0000111001,16981,"[2, 3, 1, 0]",9600,276.9756317138672,True,21.80874342829766,8,0.00078125
0000111001,16982,"[2, 3, 1, 0]",9600,276.9930362701416,False,21.80874342829766,8,0.00078125
0000111001,16983,"[2, 3, 1, 0]",9600,277.0059108734131,True,21.80874342829766,8,0.00078125
0000111001,16984,"[2, 3, 1, 0]",9600,277.0235538482666,False,21.80874342829766,8,0.00078125
0000111001,16985,"[2, 3, 1, 0]",9600,277.0366668701172,True,21.80874342829766,8,0.00078125
0000111001,16986,"[2, 3, 1, 0]",9600,277.0540714263916,False,21.80874342829766,8,0.00078125
0000111001,16987,"[2, 3, 1, 0]",9600,277.0671844482422,True,21.80874342829766,8,0.00078125
0000111001,16988,"[2, 3, 1, 0]",9600,277.0845890045166,False,21.80874342829766,8,0.00078125
0000111001,16989,"[2, 3, 1, 0]",9600,277.0979404449463,True,21.80874342829766,8,0.00078125
0000111001,16990,"[2, 3, 1, 0]",9600,277.1153450012207,False,21.80874342829766,8,0.00078125
0000111001,16991,"[2, 3, 1, 0]",9600,277.1282196044922,True,21.80874342829766,8,0.00078125
0000111001,16992,"[2, 3, 1, 0]",9600,277.1456241607666,False,21.80874342829766,8,0.00078125
0000111001,16993,"[2, 3, 1, 0]",9600,277.158260345459,True,21.80874342829766,8,0.00078125
0000111001,16994,"[2, 3, 1, 0]",9600,277.1756649017334,False,21.80874342829766,8,0.00078125
0000111001,16995,"[2, 3, 1, 0]",9600,277.1885395050049,True,21.80874342829766,8,0.00078125
0110011000,16996,"[3, 1, 2, 0]",9450,277.2064208984375,False,18.33427568419946,8,0.00078125
0110011000,16997,"[3, 1, 0, 2]",900,277.2195339202881,True,18.33427568419946,8,0.00078125
0110011000,16998,"[3, 1, 2, 0]",9450,277.2376537322998,False,18.33427568419946,8,0.00078125
0110011000,16999,"[3, 1, 0, 2]",900,277.2510051727295,True,18.33427568419946,8,0.00078125
0110011000,17000,"[3, 1, 2, 0]",9450,277.2707939147949,False,18.33427568419946,8,0.00078125
0110011000,17001,"[3, 1, 0, 2]",900,277.2836685180664,True,18.33427568419946,8,0.00078125
0110011000,17002,"[3, 1, 2, 0]",9450,277.3017883300781,False,18.33427568419946,8,0.00078125
0110011000,17003,"[3, 1, 0, 2]",900,277.3149013519287,True,18.33427568419946,8,0.00078125
0110011000,17004,"[3, 1, 2, 0]",9450,277.33325958251953,False,18.33427568419946,8,0.00078125
0110011000,17005,"[3, 1, 0, 2]",900,277.3463726043701,True,18.33427568419946,8,0.00078125
0110011000,17006,"[3, 1, 2, 0]",9450,277.36687660217285,False,18.33427568419946,8,0.00078125
0110011000,17007,"[3, 1, 0, 2]",900,277.37998962402344,True,18.33427568419946,8,0.00078125
0110011000,17008,"[3, 1, 2, 0]",9450,277.39763259887695,False,18.33427568419946,8,0.00078125
0110011000,17009,"[3, 1, 0, 2]",900,277.41098403930664,True,18.33427568419946,8,0.00078125
0110011000,17010,"[3, 1, 2, 0]",9450,277.42862701416016,False,18.33427568419946,8,0.00078125
0110011000,17011,"[3, 1, 0, 2]",900,277.44221687316895,True,18.33427568419946,8,0.00078125
1110111001,17012,"[2, 0, 3, 1]",6200,277.46033668518066,False,42.23719789195309,8,0.00078125
1110111001,17013,"[2, 0, 1, 3]",500,277.47392654418945,True,42.23719789195309,8,0.00078125
1110111001,17014,"[2, 0, 3, 1]",6200,277.49156951904297,False,42.23719789195309,8,0.00078125
1110111001,17015,"[2, 0, 1, 3]",500,277.50492095947266,True,42.23719789195309,8,0.00078125
1110111001,17016,"[2, 0, 3, 1]",6200,277.5228023529053,False,42.23719789195309,8,0.00078125
1110111001,17017,"[2, 0, 1, 3]",500,277.53615379333496,True,42.23719789195309,8,0.00078125
1110111001,17018,"[2, 0, 3, 1]",6200,277.5537967681885,False,42.23719789195309,8,0.00078125
1110111001,17019,"[2, 0, 1, 3]",500,277.56714820861816,True,42.23719789195309,8,0.00078125
1110111001,17020,"[2, 0, 3, 1]",6200,277.5850296020508,False,42.23719789195309,8,0.00078125
1110111001,17021,"[2, 0, 1, 3]",500,277.59838104248047,True,42.23719789195309,8,0.00078125
1110111001,17022,"[2, 0, 3, 1]",6200,277.6181697845459,False,42.23719789195309,8,0.00078125
1110111001,17023,"[2, 0, 1, 3]",500,277.6310443878174,True,42.23719789195309,8,0.00078125
1110111001,17024,"[2, 0, 3, 1]",6200,277.6491641998291,False,42.23719789195309,8,0.00078125
1110111001,17025,"[2, 0, 1, 3]",500,277.6618003845215,True,42.23719789195309,8,0.00078125
1110111001,17026,"[2, 0, 3, 1]",6200,277.679443359375,False,42.23719789195309,8,0.00078125
1110111001,17027,"[2, 0, 1, 3]",500,277.6927947998047,True,42.23719789195309,8,0.00078125
0100010010,17028,"[2, 0, 3, 1]",6200,277.7104377746582,False,20.29473904094538,8,0.00078125
0100010010,17029,"[2, 0, 1, 3]",500,277.7237892150879,True,20.29473904094538,8,0.00078125
0100010010,17030,"[2, 0, 3, 1]",6200,277.7411937713623,False,20.29473904094538,8,0.00078125
0100010010,17031,"[2, 0, 1, 3]",500,277.7543067932129,True,20.29473904094538,8,0.00078125
0100010010,17032,"[2, 0, 3, 1]",6200,277.7719497680664,False,20.29473904094538,8,0.00078125
0100010010,17033,"[2, 0, 1, 3]",500,277.7848243713379,True,20.29473904094538,8,0.00078125
0100010010,17034,"[2, 0, 3, 1]",6200,277.817964553833,False,20.29473904094538,8,0.00078125
0100010010,17035,"[2, 0, 1, 3]",500,277.8317928314209,True,20.29473904094538,8,0.00078125
0100010010,17036,"[2, 0, 3, 1]",6200,277.8499126434326,False,20.29473904094538,8,0.00078125
0100010010,17037,"[2, 0, 1, 3]",500,277.8637409210205,True,20.29473904094538,8,0.00078125
0100010010,17038,"[2, 0, 3, 1]",6200,277.88233757019043,False,20.29473904094538,8,0.00078125
0100010010,17039,"[2, 0, 1, 3]",500,277.8964042663574,True,20.29473904094538,8,0.00078125
0100010010,17040,"[2, 0, 3, 1]",6200,277.91500091552734,False,20.29473904094538,8,0.00078125
0100010010,17041,"[2, 0, 1, 3]",500,277.92906761169434,True,20.29473904094538,8,0.00078125
0100010010,17042,"[2, 0, 3, 1]",6200,277.94957160949707,False,20.29473904094538,8,0.00078125
0100010010,17043,"[2, 0, 1, 3]",500,277.96363830566406,True,20.29473904094538,8,0.00078125
1100100110,17044,"[0, 2, 3, 1]",6200,277.982234954834,False,13.828808760201333,8,0.00078125
1100100110,17045,"[0, 1, 2, 3]",315,277.9965400695801,True,13.828808760201333,8,0.00078125
1100100110,17046,"[0, 2, 3, 1]",6200,278.0144214630127,False,13.828808760201333,8,0.00078125
1100100110,17047,"[0, 1, 2, 3]",315,278.0287265777588,True,13.828808760201333,8,0.00078125
1100100110,17048,"[0, 2, 3, 1]",6200,278.0470848083496,False,13.828808760201333,8,0.00078125
1100100110,17049,"[0, 1, 2, 3]",315,278.0609130859375,True,13.828808760201333,8,0.00078125
1100100110,17050,"[0, 2, 3, 1]",6200,278.0797481536865,False,13.828808760201333,8,0.00078125
1100100110,17051,"[0, 1, 2, 3]",315,278.0933380126953,True,13.828808760201333,8,0.00078125
1100100110,17052,"[0, 2, 3, 1]",6200,278.11193466186523,False,13.828808760201333,8,0.00078125
1100100110,17053,"[0, 1, 2, 3]",315,278.125524520874,True,13.828808760201333,8,0.00078125
1100100110,17054,"[0, 2, 3, 1]",6200,278.14435958862305,False,13.828808760201333,8,0.00078125
1100100110,17055,"[0, 1, 2, 3]",315,278.15818786621094,True,13.828808760201333,8,0.00078125
1100100110,17056,"[0, 2, 3, 1]",6200,278.17845344543457,False,13.828808760201333,8,0.00078125
1100100110,17057,"[0, 1, 2, 3]",315,278.19204330444336,True,13.828808760201333,8,0.00078125
1100100110,17058,"[0, 2, 3, 1]",6200,278.2104015350342,False,13.828808760201333,8,0.00078125
1100100110,17059,"[0, 1, 2, 3]",315,278.22375297546387,True,13.828808760201333,8,0.00078125
0101000101,17060,"[3, 1, 0, 2]",900,278.2425880432129,False,15.039536643254078,8,0.00078125
0101000101,17061,"[3, 1, 0, 2]",900,278.256893157959,True,15.039536643254078,8,0.00078125
0101000101,17062,"[3, 1, 0, 2]",900,278.2754898071289,False,15.039536643254078,8,0.00078125
0101000101,17063,"[3, 1, 0, 2]",900,278.289794921875,True,15.039536643254078,8,0.00078125
0101000101,17064,"[3, 1, 0, 2]",900,278.31029891967773,False,15.039536643254078,8,0.00078125
0101000101,17065,"[3, 1, 0, 2]",900,278.32484245300293,True,15.039536643254078,8,0.00078125
0101000101,17066,"[3, 1, 0, 2]",900,278.34343910217285,False,15.039536643254078,8,0.00078125
0101000101,17067,"[3, 1, 0, 2]",900,278.35750579833984,True,15.039536643254078,8,0.00078125
0101000101,17068,"[3, 1, 0, 2]",900,278.37586402893066,False,15.039536643254078,8,0.00078125
0101000101,17069,"[3, 1, 0, 2]",900,278.38969230651855,True,15.039536643254078,8,0.00078125
0101000101,17070,"[3, 1, 0, 2]",900,278.4080505371094,False,15.039536643254078,8,0.00078125
0101000101,17071,"[3, 1, 0, 2]",900,278.42187881469727,True,15.039536643254078,8,0.00078125
0101000101,17072,"[3, 1, 0, 2]",900,278.439998626709,False,15.039536643254078,8,0.00078125
0101000101,17073,"[3, 1, 0, 2]",900,278.4538269042969,True,15.039536643254078,8,0.00078125
0101000101,17074,"[3, 1, 0, 2]",900,278.4724235534668,False,15.039536643254078,8,0.00078125
0101000101,17075,"[3, 1, 0, 2]",900,278.4862518310547,True,15.039536643254078,8,0.00078125
1111110001,17076,"[2, 1, 0, 3]",600,278.5046100616455,False,20.226501930607157,8,0.00078125
1111110001,17077,"[2, 1, 0, 3]",600,278.5186767578125,True,20.226501930607157,8,0.00078125
1111110001,17078,"[2, 1, 0, 3]",600,278.5370349884033,False,20.226501930607157,8,0.00078125
1111110001,17079,"[2, 1, 0, 3]",600,278.5511016845703,True,20.226501930607157,8,0.00078125
1111110001,17080,"[2, 1, 0, 3]",600,278.56969833374023,False,20.226501930607157,8,0.00078125
1111110001,17081,"[2, 1, 0, 3]",600,278.5835266113281,True,20.226501930607157,8,0.00078125
1111110001,17082,"[2, 1, 0, 3]",600,278.60188484191895,False,20.226501930607157,8,0.00078125
1111110001,17083,"[2, 1, 0, 3]",600,278.61595153808594,True,20.226501930607157,8,0.00078125
1111110001,17084,"[2, 1, 0, 3]",600,278.6364555358887,False,20.226501930607157,8,0.00078125
1111110001,17085,"[2, 1, 0, 3]",600,278.65028381347656,True,20.226501930607157,8,0.00078125
1111110001,17086,"[2, 1, 0, 3]",600,278.6686420440674,False,20.226501930607157,8,0.00078125
1111110001,17087,"[2, 1, 0, 3]",600,278.6824703216553,True,20.226501930607157,8,0.00078125
1111110001,17088,"[2, 1, 0, 3]",600,278.700590133667,False,20.226501930607157,8,0.00078125
1111110001,17089,"[2, 1, 0, 3]",600,278.7148952484131,True,20.226501930607157,8,0.00078125
1111110001,17090,"[2, 1, 0, 3]",600,278.7332534790039,False,20.226501930607157,8,0.00078125
1111110001,17091,"[2, 1, 0, 3]",600,278.7473201751709,True,20.226501930607157,8,0.00078125
0101001101,17092,"[3, 1, 0, 2]",900,278.7656784057617,False,11.221423844398672,8,0.00078125
0101001101,17093,"[3, 1, 0, 2]",900,278.7799835205078,True,11.221423844398672,8,0.00078125
0101001101,17094,"[3, 1, 0, 2]",900,278.79858016967773,False,11.221423844398672,8,0.00078125
0101001101,17095,"[3, 1, 0, 2]",900,278.8126468658447,True,11.221423844398672,8,0.00078125
0101001101,17096,"[3, 1, 0, 2]",900,278.83100509643555,False,11.221423844398672,8,0.00078125
0101001101,17097,"[3, 1, 0, 2]",900,278.84483337402344,True,11.221423844398672,8,0.00078125
0101001101,17098,"[3, 1, 0, 2]",900,278.86319160461426,False,11.221423844398672,8,0.00078125
0101001101,17099,"[3, 1, 0, 2]",900,278.87701988220215,True,11.221423844398672,8,0.00078125
0101001101,17100,"[3, 1, 0, 2]",900,278.89561653137207,False,11.221423844398672,8,0.00078125
0101001101,17101,"[3, 1, 0, 2]",900,278.90920639038086,True,11.221423844398672,8,0.00078125
0101001101,17102,"[3, 1, 0, 2]",900,278.9275646209717,False,11.221423844398672,8,0.00078125
0101001101,17103,"[3, 1, 0, 2]",900,278.9416313171387,True,11.221423844398672,8,0.00078125
0101001101,17104,"[3, 1, 0, 2]",900,278.9623737335205,False,11.221423844398672,8,0.00078125
0101001101,17105,"[3, 1, 0, 2]",900,278.9766788482666,True,11.221423844398672,8,0.00078125
0101001101,17106,"[3, 1, 0, 2]",900,278.99718284606934,False,11.221423844398672,8,0.00078125
0101001101,17107,"[3, 1, 0, 2]",900,279.0107727050781,True,11.221423844398672,8,0.00078125
1101101001,17108,"[0, 3, 2, 1]",6300,279.02936935424805,False,23.657617520402667,7,0.00068359375
1101101001,17109,"[0, 1, 3, 2]",465,279.04343605041504,True,23.657617520402667,7,0.00068359375
1101101001,17110,"[0, 3, 2, 1]",6300,279.06227111816406,False,23.657617520402667,7,0.00068359375
1101101001,17111,"[0, 1, 3, 2]",465,279.07609939575195,True,23.657617520402667,7,0.00068359375
1101101001,17112,"[0, 3, 2, 1]",6300,279.094934463501,False,23.657617520402667,7,0.00068359375
1101101001,17113,"[0, 1, 3, 2]",465,279.10876274108887,True,23.657617520402667,7,0.00068359375
1101101001,17114,"[0, 3, 2, 1]",6300,279.1271209716797,False,23.657617520402667,7,0.00068359375
1101101001,17115,"[0, 1, 3, 2]",465,279.141902923584,True,23.657617520402667,7,0.00068359375
1101101001,17116,"[0, 3, 2, 1]",6300,279.160737991333,False,23.657617520402667,7,0.00068359375
1101101001,17117,"[0, 1, 3, 2]",465,279.1752815246582,True,23.657617520402667,7,0.00068359375
1101101001,17118,"[0, 3, 2, 1]",6300,279.1941165924072,False,23.657617520402667,7,0.00068359375
1101101001,17119,"[0, 1, 3, 2]",465,279.2084217071533,True,23.657617520402667,7,0.00068359375
1101101001,17120,"[0, 3, 2, 1]",6300,279.22868728637695,False,23.657617520402667,7,0.00068359375
1101101001,17121,"[0, 1, 3, 2]",465,279.24275398254395,True,23.657617520402667,7,0.00068359375
0111110000,17122,"[2, 1, 0, 3]",600,279.26111221313477,False,18.226501930607157,7,0.00068359375
0111110000,17123,"[2, 1, 0, 3]",600,279.27541732788086,True,18.226501930607157,7,0.00068359375
0111110000,17124,"[2, 1, 0, 3]",600,279.2937755584717,False,18.226501930607157,7,0.00068359375
0111110000,17125,"[2, 1, 0, 3]",600,279.3080806732178,True,18.226501930607157,7,0.00068359375
0111110000,17126,"[2, 1, 0, 3]",600,279.3283462524414,False,18.226501930607157,7,0.00068359375
0111110000,17127,"[2, 1, 0, 3]",600,279.3421745300293,True,18.226501930607157,7,0.00068359375
0111110000,17128,"[2, 1, 0, 3]",600,279.3607711791992,False,18.226501930607157,7,0.00068359375
0111110000,17129,"[2, 1, 0, 3]",600,279.3745994567871,True,18.226501930607157,7,0.00068359375
0111110000,17130,"[2, 1, 0, 3]",600,279.39295768737793,False,18.226501930607157,7,0.00068359375
0111110000,17131,"[2, 1, 0, 3]",600,279.4067859649658,True,18.226501930607157,7,0.00068359375
0111110000,17132,"[2, 1, 0, 3]",600,279.42514419555664,False,18.226501930607157,7,0.00068359375
0111110000,17133,"[2, 1, 0, 3]",600,279.4384956359863,True,18.226501930607157,7,0.00068359375
0111110000,17134,"[2, 1, 0, 3]",600,279.45685386657715,False,18.226501930607157,7,0.00068359375
0111110000,17135,"[2, 1, 0, 3]",600,279.47044372558594,True,18.226501930607157,7,0.00068359375
1111111011,17136,"[2, 1, 0, 3]",600,279.4985771179199,False,31.772163534040928,7,0.00068359375
1111111011,17137,"[2, 1, 0, 3]",600,279.5112133026123,True,31.772163534040928,7,0.00068359375
1111111011,17138,"[2, 1, 0, 3]",600,279.5298099517822,False,31.772163534040928,7,0.00068359375
1111111011,17139,"[2, 1, 0, 3]",600,279.5424461364746,True,31.772163534040928,7,0.00068359375
1111111011,17140,"[2, 1, 0, 3]",600,279.5603275299072,False,31.772163534040928,7,0.00068359375
1111111011,17141,"[2, 1, 0, 3]",600,279.5734405517578,True,31.772163534040928,7,0.00068359375
1111111011,17142,"[2, 1, 0, 3]",600,279.5910835266113,False,31.772163534040928,7,0.00068359375
1111111011,17143,"[2, 1, 0, 3]",600,279.6041965484619,True,31.772163534040928,7,0.00068359375
1111111011,17144,"[2, 1, 0, 3]",600,279.62207794189453,False,31.772163534040928,7,0.00068359375
1111111011,17145,"[2, 1, 0, 3]",600,279.6354293823242,True,31.772163534040928,7,0.00068359375
1111111011,17146,"[2, 1, 0, 3]",600,279.65331077575684,False,31.772163534040928,7,0.00068359375
1111111011,17147,"[2, 1, 0, 3]",600,279.6666622161865,True,31.772163534040928,7,0.00068359375
1111111011,17148,"[2, 1, 0, 3]",600,279.68621253967285,False,31.772163534040928,7,0.00068359375
1111111011,17149,"[2, 1, 0, 3]",600,279.69956398010254,True,31.772163534040928,7,0.00068359375
1010010010,17150,"[1, 0, 2, 3]",315,279.71744537353516,False,15.075869699244596,7,0.00068359375
1010010010,17151,"[1, 0, 2, 3]",315,279.73103523254395,True,15.075869699244596,7,0.00068359375
1010010010,17152,"[1, 0, 2, 3]",315,279.74867820739746,False,15.075869699244596,7,0.00068359375
1010010010,17153,"[1, 0, 2, 3]",315,279.76202964782715,True,15.075869699244596,7,0.00068359375
1010010010,17154,"[1, 0, 2, 3]",315,279.78014945983887,False,15.075869699244596,7,0.00068359375
1010010010,17155,"[1, 0, 2, 3]",315,279.79373931884766,True,15.075869699244596,7,0.00068359375
1010010010,17156,"[1, 0, 2, 3]",315,279.8140048980713,False,15.075869699244596,7,0.00068359375
1010010010,17157,"[1, 0, 2, 3]",315,279.8271179199219,True,15.075869699244596,7,0.00068359375
1010010010,17158,"[1, 0, 2, 3]",315,279.8483371734619,False,15.075869699244596,7,0.00068359375
1010010010,17159,"[1, 0, 2, 3]",315,279.8614501953125,True,15.075869699244596,7,0.00068359375
1010010010,17160,"[1, 0, 2, 3]",315,279.8953056335449,False,15.075869699244596,7,0.00068359375
1010010010,17161,"[1, 0, 2, 3]",315,279.9086570739746,True,15.075869699244596,7,0.00068359375
1010010010,17162,"[1, 0, 2, 3]",315,279.92725372314453,False,15.075869699244596,7,0.00068359375
1010010010,17163,"[1, 0, 2, 3]",315,279.9408435821533,True,15.075869699244596,7,0.00068359375
1011100100,17164,"[1, 2, 0, 3]",600,279.95920181274414,False,27.129908863277322,7,0.00068359375
1011100100,17165,"[1, 0, 2, 3]",315,279.97303009033203,True,27.129908863277322,7,0.00068359375
1011100100,17166,"[1, 2, 0, 3]",600,279.99138832092285,False,27.129908863277322,7,0.00068359375
1011100100,17167,"[1, 0, 2, 3]",315,280.00545501708984,True,27.129908863277322,7,0.00068359375
1011100100,17168,"[1, 2, 0, 3]",600,280.0259590148926,False,27.129908863277322,7,0.00068359375
1011100100,17169,"[1, 0, 2, 3]",315,280.03978729248047,True,27.129908863277322,7,0.00068359375
1011100100,17170,"[1, 2, 0, 3]",600,280.0583839416504,False,27.129908863277322,7,0.00068359375
1011100100,17171,"[1, 0, 2, 3]",315,280.47847747802734,True,27.129908863277322,7,0.00068359375
1011100100,17172,"[1, 2, 0, 3]",600,280.5051803588867,False,27.129908863277322,7,0.00068359375
1011100100,17173,"[1, 0, 2, 3]",315,280.5206775665283,True,27.129908863277322,7,0.00068359375
1011100100,17174,"[1, 2, 0, 3]",600,280.53951263427734,False,27.129908863277322,7,0.00068359375
1011100100,17175,"[1, 0, 2, 3]",315,280.55357933044434,True,27.129908863277322,7,0.00068359375
1011100100,17176,"[1, 2, 0, 3]",600,280.57241439819336,False,27.129908863277322,7,0.00068359375
1011100100,17177,"[1, 0, 2, 3]",315,280.58624267578125,True,27.129908863277322,7,0.00068359375
1100001001,17178,"[0, 3, 2, 1]",6300,280.60460090637207,False,18.136129710583916,7,0.00068359375
1100001001,17179,"[0, 1, 3, 2]",465,280.61866760253906,True,18.136129710583916,7,0.00068359375
1100001001,17180,"[0, 3, 2, 1]",6300,280.637264251709,False,18.136129710583916,7,0.00068359375
1100001001,17181,"[0, 1, 3, 2]",465,280.6510925292969,True,18.136129710583916,7,0.00068359375
1100001001,17182,"[0, 3, 2, 1]",6300,280.6696891784668,False,18.136129710583916,7,0.00068359375
1100001001,17183,"[0, 1, 3, 2]",465,280.6837558746338,True,18.136129710583916,7,0.00068359375
1100001001,17184,"[0, 3, 2, 1]",6300,280.7021141052246,False,18.136129710583916,7,0.00068359375
1100001001,17185,"[0, 1, 3, 2]",465,280.7159423828125,True,18.136129710583916,7,0.00068359375
1100001001,17186,"[0, 3, 2, 1]",6300,280.7343006134033,False,18.136129710583916,7,0.00068359375
1100001001,17187,"[0, 1, 3, 2]",465,280.7483673095703,True,18.136129710583916,7,0.00068359375
1100001001,17188,"[0, 3, 2, 1]",6300,280.76720237731934,False,18.136129710583916,7,0.00068359375
1100001001,17189,"[0, 1, 3, 2]",465,280.7812690734863,True,18.136129710583916,7,0.00068359375
1100001001,17190,"[0, 3, 2, 1]",6300,280.80296516418457,False,18.136129710583916,7,0.00068359375
1100001001,17191,"[0, 1, 3, 2]",465,280.81703186035156,True,18.136129710583916,7,0.00068359375
1011101100,17192,"[3, 1, 2, 0]",9450,280.8361053466797,False,45.584055485589744,7,0.00068359375
1011101100,17193,"[3, 1, 0, 2]",900,280.8504104614258,True,45.584055485589744,7,0.00068359375
1011101100,17194,"[3, 1, 2, 0]",9450,280.8690071105957,False,45.584055485589744,7,0.00068359375
1011101100,17195,"[3, 1, 0, 2]",900,280.8833122253418,True,45.584055485589744,7,0.00068359375
1011101100,17196,"[3, 1, 2, 0]",9450,280.9021472930908,False,45.584055485589744,7,0.00068359375
1011101100,17197,"[3, 1, 0, 2]",900,280.9159755706787,True,45.584055485589744,7,0.00068359375
1011101100,17198,"[3, 1, 2, 0]",9450,280.93481063842773,False,45.584055485589744,7,0.00068359375
1011101100,17199,"[3, 1, 0, 2]",900,280.9486389160156,True,45.584055485589744,7,0.00068359375
1011101100,17200,"[3, 1, 2, 0]",9450,280.96723556518555,False,45.584055485589744,7,0.00068359375
1011101100,17201,"[3, 1, 0, 2]",900,280.98130226135254,True,45.584055485589744,7,0.00068359375
1011101100,17202,"[3, 1, 2, 0]",9450,281.00037574768066,False,45.584055485589744,7,0.00068359375
1011101100,17203,"[3, 1, 0, 2]",900,281.01420402526855,True,45.584055485589744,7,0.00068359375
1011101100,17204,"[3, 1, 2, 0]",9450,281.0330390930176,False,45.584055485589744,7,0.00068359375
1011101100,17205,"[3, 1, 0, 2]",900,281.0473442077637,True,45.584055485589744,7,0.00068359375
0001001011,17206,"[3, 1, 2, 0]",9450,281.0685634613037,False,18.25865282322108,7,0.00068359375
0001001011,17207,"[3, 1, 0, 2]",900,281.0826301574707,True,18.25865282322108,7,0.00068359375
0001001011,17208,"[3, 1, 2, 0]",9450,281.111478805542,False,18.25865282322108,7,0.00068359375
0001001011,17209,"[3, 1, 0, 2]",900,281.1250686645508,True,18.25865282322108,7,0.00068359375
0001001011,17210,"[3, 1, 2, 0]",9450,281.1458110809326,False,18.25865282322108,7,0.00068359375
0001001011,17211,"[3, 1, 0, 2]",900,281.1594009399414,True,18.25865282322108,7,0.00068359375
0001001011,17212,"[3, 1, 2, 0]",9450,281.1770439147949,False,18.25865282322108,7,0.00068359375
0001001011,17213,"[3, 1, 0, 2]",900,281.1903953552246,True,18.25865282322108,7,0.00068359375
0001001011,17214,"[3, 1, 2, 0]",9450,281.2082767486572,False,18.25865282322108,7,0.00068359375
0001001011,17215,"[3, 1, 0, 2]",900,281.221866607666,True,18.25865282322108,7,0.00068359375
0001001011,17216,"[3, 1, 2, 0]",9450,281.23927116394043,False,18.25865282322108,7,0.00068359375
0001001011,17217,"[3, 1, 0, 2]",900,281.2528610229492,True,18.25865282322108,7,0.00068359375
0001001011,17218,"[3, 1, 2, 0]",9450,281.27026557922363,False,18.25865282322108,7,0.00068359375
0001001011,17219,"[3, 1, 0, 2]",900,281.2833786010742,True,18.25865282322108,7,0.00068359375
1001011011,17220,"[3, 0, 2, 1]",6300,281.30125999450684,False,14.363774402289181,7,0.00068359375
1001011011,17221,"[3, 0, 1, 2]",750,281.3146114349365,True,14.363774402289181,7,0.00068359375
1001011011,17222,"[3, 0, 2, 1]",6300,281.33249282836914,False,14.363774402289181,7,0.00068359375
1001011011,17223,"[3, 0, 1, 2]",750,281.3458442687988,True,14.363774402289181,7,0.00068359375
1001011011,17224,"[3, 0, 2, 1]",6300,281.36396408081055,False,14.363774402289181,7,0.00068359375
1001011011,17225,"[3, 0, 1, 2]",750,281.37683868408203,True,14.363774402289181,7,0.00068359375
1001011011,17226,"[3, 0, 2, 1]",6300,281.39519691467285,False,14.363774402289181,7,0.00068359375
1001011011,17227,"[3, 0, 1, 2]",750,281.40830993652344,True,14.363774402289181,7,0.00068359375
1001011011,17228,"[3, 0, 2, 1]",6300,281.42666816711426,False,14.363774402289181,7,0.00068359375
1001011011,17229,"[3, 0, 1, 2]",750,281.43954277038574,True,14.363774402289181,7,0.00068359375
1001011011,17230,"[3, 0, 2, 1]",6300,281.45766258239746,False,14.363774402289181,7,0.00068359375
1001011011,17231,"[3, 0, 1, 2]",750,281.47077560424805,True,14.363774402289181,7,0.00068359375
1001011011,17232,"[3, 0, 2, 1]",6300,281.4903259277344,False,14.363774402289181,7,0.00068359375
1001011011,17233,"[3, 0, 1, 2]",750,281.50320053100586,True,14.363774402289181,7,0.00068359375
0110110111,17234,"[2, 1, 3, 0]",9300,281.5210819244385,False,15.900011571152788,7,0.00068359375
0110110111,17235,"[2, 1, 0, 3]",600,281.53467178344727,True,15.900011571152788,7,0.00068359375
0110110111,17236,"[2, 1, 3, 0]",9300,281.5525531768799,False,15.900011571152788,7,0.00068359375
0110110111,17237,"[2, 1, 0, 3]",600,281.56566619873047,True,15.900011571152788,7,0.00068359375
0110110111,17238,"[2, 1, 3, 0]",9300,281.5835475921631,False,15.900011571152788,7,0.00068359375
0110110111,17239,"[2, 1, 0, 3]",600,281.5971374511719,True,15.900011571152788,7,0.00068359375
0110110111,17240,"[2, 1, 3, 0]",9300,281.6152572631836,False,15.900011571152788,7,0.00068359375
0110110111,17241,"[2, 1, 0, 3]",600,281.6286087036133,True,15.900011571152788,7,0.00068359375
0110110111,17242,"[2, 1, 3, 0]",9300,281.6464900970459,False,15.900011571152788,7,0.00068359375
0110110111,17243,"[2, 1, 0, 3]",600,281.6600799560547,True,15.900011571152788,7,0.00068359375
0110110111,17244,"[2, 1, 3, 0]",9300,281.6781997680664,False,15.900011571152788,7,0.00068359375
0110110111,17245,"[2, 1, 0, 3]",600,281.6915512084961,True,15.900011571152788,7,0.00068359375
0110110111,17246,"[2, 1, 3, 0]",9300,281.7089557647705,False,15.900011571152788,7,0.00068359375
0110110111,17247,"[2, 1, 0, 3]",600,281.7223072052002,True,15.900011571152788,7,0.00068359375
1001010010,17248,"[0, 2, 1, 3]",500,281.7401885986328,False,14.136129710583916,7,0.00068359375
1001010010,17249,"[0, 1, 2, 3]",315,281.7540168762207,True,14.136129710583916,7,0.00068359375
1001010010,17250,"[0, 2, 1, 3]",500,281.7716598510742,False,14.136129710583916,7,0.00068359375
1001010010,17251,"[0, 1, 2, 3]",315,281.7854881286621,True,14.136129710583916,7,0.00068359375
1001010010,17252,"[0, 2, 1, 3]",500,281.82268142700195,False,14.136129710583916,7,0.00068359375
1001010010,17253,"[0, 1, 2, 3]",315,281.83650970458984,True,14.136129710583916,7,0.00068359375
1001010010,17254,"[0, 2, 1, 3]",500,281.85486793518066,False,14.136129710583916,7,0.00068359375
1001010010,17255,"[0, 1, 2, 3]",315,281.86941146850586,True,14.136129710583916,7,0.00068359375
1001010010,17256,"[0, 2, 1, 3]",500,281.8882465362549,False,14.136129710583916,7,0.00068359375
1001010010,17257,"[0, 1, 2, 3]",315,281.9018363952637,True,14.136129710583916,7,0.00068359375
1001010010,17258,"[0, 2, 1, 3]",500,281.9221019744873,False,14.136129710583916,7,0.00068359375
1001010010,17259,"[0, 1, 2, 3]",315,281.9359302520752,True,14.136129710583916,7,0.00068359375
1001010010,17260,"[0, 2, 1, 3]",500,281.954288482666,False,14.136129710583916,7,0.00068359375
1001010010,17261,"[0, 1, 2, 3]",315,281.9678783416748,True,14.136129710583916,7,0.00068359375
1101100010,17262,"[0, 2, 1, 3]",500,281.9859981536865,False,12.428052217355962,7,0.00068359375
1101100010,17263,"[0, 1, 2, 3]",315,281.9995880126953,True,12.428052217355962,7,0.00068359375
1101100010,17264,"[0, 2, 1, 3]",500,282.01770782470703,False,12.428052217355962,7,0.00068359375
1101100010,17265,"[0, 1, 2, 3]",315,282.0312976837158,True,12.428052217355962,7,0.00068359375
1101100010,17266,"[0, 2, 1, 3]",500,282.04941749572754,False,12.428052217355962,7,0.00068359375
1101100010,17267,"[0, 1, 2, 3]",315,282.06324577331543,True,12.428052217355962,7,0.00068359375
1101100010,17268,"[0, 2, 1, 3]",500,282.08136558532715,False,12.428052217355962,7,0.00068359375
1101100010,17269,"[0, 1, 2, 3]",315,282.09543228149414,True,12.428052217355962,7,0.00068359375
1101100010,17270,"[0, 2, 1, 3]",500,282.11379051208496,False,12.428052217355962,7,0.00068359375
1101100010,17271,"[0, 1, 2, 3]",315,282.12738037109375,True,12.428052217355962,7,0.00068359375
1101100010,17272,"[0, 2, 1, 3]",500,282.14573860168457,False,12.428052217355962,7,0.00068359375
1101100010,17273,"[0, 1, 2, 3]",315,282.15932846069336,True,12.428052217355962,7,0.00068359375
1101100010,17274,"[0, 2, 1, 3]",500,282.1793556213379,False,12.428052217355962,7,0.00068359375
1101100010,17275,"[0, 1, 2, 3]",315,282.1929454803467,True,12.428052217355962,7,0.00068359375
1110010110,17276,"[0, 1, 3, 2]",465,282.22179412841797,False,17.657617520402667,7,0.00068359375
1110010110,17277,"[0, 1, 3, 2]",465,282.23443031311035,True,17.657617520402667,7,0.00068359375
1110010110,17278,"[0, 1, 3, 2]",465,282.25231170654297,False,17.657617520402667,7,0.00068359375
1110010110,17279,"[0, 1, 3, 2]",465,282.26494789123535,True,17.657617520402667,7,0.00068359375
1110010110,17280,"[0, 1, 3, 2]",465,282.28259086608887,False,17.657617520402667,7,0.00068359375
1110010110,17281,"[0, 1, 3, 2]",465,282.29546546936035,True,17.657617520402667,7,0.00068359375
1110010110,17282,"[0, 1, 3, 2]",465,282.31287002563477,False,17.657617520402667,7,0.00068359375
1110010110,17283,"[0, 1, 3, 2]",465,282.32622146606445,True,17.657617520402667,7,0.00068359375
1110010110,17284,"[0, 1, 3, 2]",465,282.34386444091797,False,17.657617520402667,7,0.00068359375
1110010110,17285,"[0, 1, 3, 2]",465,282.35745429992676,True,17.657617520402667,7,0.00068359375
1110010110,17286,"[0, 1, 3, 2]",465,282.3748588562012,False,17.657617520402667,7,0.00068359375
1110010110,17287,"[0, 1, 3, 2]",465,282.38821029663086,True,17.657617520402667,7,0.00068359375
1110010110,17288,"[0, 1, 3, 2]",465,282.4075222015381,False,17.657617520402667,7,0.00068359375
1110010110,17289,"[0, 1, 3, 2]",465,282.4208736419678,True,17.657617520402667,7,0.00068359375
0000110000,17290,"[2, 3, 1, 0]",9600,282.4382781982422,False,13.385358099234839,7,0.00068359375
0000110000,17291,"[2, 3, 1, 0]",9600,282.4521064758301,True,13.385358099234839,7,0.00068359375
0000110000,17292,"[2, 3, 1, 0]",9600,282.4699878692627,False,13.385358099234839,7,0.00068359375
0000110000,17293,"[2, 3, 1, 0]",9600,282.4838161468506,True,13.385358099234839,7,0.00068359375
0000110000,17294,"[2, 3, 1, 0]",9600,282.5031280517578,False,13.385358099234839,7,0.00068359375
0000110000,17295,"[2, 3, 1, 0]",9600,282.5167179107666,True,13.385358099234839,7,0.00068359375
0000110000,17296,"[2, 3, 1, 0]",9600,282.5343608856201,False,13.385358099234839,7,0.00068359375
0000110000,17297,"[2, 3, 1, 0]",9600,282.5477123260498,True,13.385358099234839,7,0.00068359375
0000110000,17298,"[2, 3, 1, 0]",9600,282.5651168823242,False,13.385358099234839,7,0.00068359375
0000110000,17299,"[2, 3, 1, 0]",9600,282.5779914855957,True,13.385358099234839,7,0.00068359375
0000110000,17300,"[2, 3, 1, 0]",9600,282.5956344604492,False,13.385358099234839,7,0.00068359375
0000110000,17301,"[2, 3, 1, 0]",9600,282.6085090637207,True,13.385358099234839,7,0.00068359375
0000110000,17302,"[2, 3, 1, 0]",9600,282.6259136199951,False,13.385358099234839,7,0.00068359375
0000110000,17303,"[2, 3, 1, 0]",9600,282.6385498046875,True,13.385358099234839,7,0.00068359375
0000100011,17304,"[2, 3, 1, 0]",9600,282.656192779541,False,31.090619058289455,7,0.00068359375
0000100011,17305,"[2, 3, 1, 0]",9600,282.6690673828125,True,31.090619058289455,7,0.00068359375
0000100011,17306,"[2, 3, 1, 0]",9600,282.6871871948242,False,31.090619058289455,7,0.00068359375
0000100011,17307,"[2, 3, 1, 0]",9600,282.7003002166748,True,31.090619058289455,7,0.00068359375
0000100011,17308,"[2, 3, 1, 0]",9600,282.71985054016113,False,31.090619058289455,7,0.00068359375
0000100011,17309,"[2, 3, 1, 0]",9600,282.7324867248535,True,31.090619058289455,7,0.00068359375
0000100011,17310,"[2, 3, 1, 0]",9600,282.75012969970703,False,31.090619058289455,7,0.00068359375
0000100011,17311,"[2, 3, 1, 0]",9600,282.7627658843994,True,31.090619058289455,7,0.00068359375
0000100011,17312,"[2, 3, 1, 0]",9600,282.78040885925293,False,31.090619058289455,7,0.00068359375
0000100011,17313,"[2, 3, 1, 0]",9600,282.7928066253662,True,31.090619058289455,7,0.00068359375
0000100011,17314,"[2, 3, 1, 0]",9600,282.8102111816406,False,31.090619058289455,7,0.00068359375
0000100011,17315,"[2, 3, 1, 0]",9600,282.8230857849121,True,31.090619058289455,7,0.00068359375
0000100011,17316,"[2, 3, 1, 0]",9600,282.84215927124023,False,31.090619058289455,7,0.00068359375
0000100011,17317,"[2, 3, 1, 0]",9600,282.8550338745117,True,31.090619058289455,7,0.00068359375
0001100010,17318,"[2, 1, 3, 0]",9300,282.87267684936523,False,17.473809707916637,7,0.00068359375
0001100010,17319,"[2, 1, 0, 3]",600,282.8865051269531,True,17.473809707916637,7,0.00068359375
0001100010,17320,"[2, 1, 3, 0]",9300,282.90390968322754,False,17.473809707916637,7,0.00068359375
0001100010,17321,"[2, 1, 0, 3]",600,282.9174995422363,True,17.473809707916637,7,0.00068359375
0001100010,17322,"[2, 1, 3, 0]",9300,282.93514251708984,False,17.473809707916637,7,0.00068359375
0001100010,17323,"[2, 1, 0, 3]",600,282.94825553894043,True,17.473809707916637,7,0.00068359375
0001100010,17324,"[2, 1, 3, 0]",9300,282.96566009521484,False,17.473809707916637,7,0.00068359375
0001100010,17325,"[2, 1, 0, 3]",600,282.97901153564453,True,17.473809707916637,7,0.00068359375
0001100010,17326,"[2, 1, 3, 0]",9300,282.99665451049805,False,17.473809707916637,7,0.00068359375
0001100010,17327,"[2, 1, 0, 3]",600,283.00976753234863,True,17.473809707916637,7,0.00068359375
0001100010,17328,"[2, 1, 3, 0]",9300,283.02741050720215,False,17.473809707916637,7,0.00068359375
0001100010,17329,"[2, 1, 0, 3]",600,283.04076194763184,True,17.473809707916637,7,0.00068359375
0001100010,17330,"[2, 1, 3, 0]",9300,283.05864334106445,False,17.473809707916637,7,0.00068359375
0001100010,17331,"[2, 1, 0, 3]",600,283.07175636291504,True,17.473809707916637,7,0.00068359375
0111100000,17332,"[1, 2, 0, 3]",600,283.08963775634766,False,14.871502878322456,7,0.00068359375
0111100000,17333,"[1, 0, 2, 3]",315,283.10346603393555,True,14.871502878322456,7,0.00068359375
0111100000,17334,"[1, 2, 0, 3]",600,283.12134742736816,False,14.871502878322456,7,0.00068359375
0111100000,17335,"[1, 0, 2, 3]",315,283.13493728637695,True,14.871502878322456,7,0.00068359375
0111100000,17336,"[1, 2, 0, 3]",600,283.1549644470215,False,14.871502878322456,7,0.00068359375
0111100000,17337,"[1, 0, 2, 3]",315,283.16807746887207,True,14.871502878322456,7,0.00068359375
0111100000,17338,"[1, 2, 0, 3]",600,283.1864356994629,False,14.871502878322456,7,0.00068359375
0111100000,17339,"[1, 0, 2, 3]",315,283.1993103027344,True,14.871502878322456,7,0.00068359375
0111100000,17340,"[1, 2, 0, 3]",600,283.2174301147461,False,14.871502878322456,7,0.00068359375
0111100000,17341,"[1, 0, 2, 3]",315,283.2300662994385,True,14.871502878322456,7,0.00068359375
0111100000,17342,"[1, 2, 0, 3]",600,283.2479476928711,False,14.871502878322456,7,0.00068359375
0111100000,17343,"[1, 0, 2, 3]",315,283.2615375518799,True,14.871502878322456,7,0.00068359375
0111100000,17344,"[1, 2, 0, 3]",600,283.2791805267334,False,14.871502878322456,7,0.00068359375
0111100000,17345,"[1, 0, 2, 3]",315,283.2925319671631,True,14.871502878322456,7,0.00068359375
0000110101,17346,"[2, 3, 1, 0]",9600,283.3101749420166,False,12.854500918858335,7,0.00068359375
0000110101,17347,"[2, 3, 1, 0]",9600,283.3235263824463,True,12.854500918858335,7,0.00068359375
0000110101,17348,"[2, 3, 1, 0]",9600,283.3411693572998,False,12.854500918858335,7,0.00068359375
0000110101,17349,"[2, 3, 1, 0]",9600,283.3542823791504,True,12.854500918858335,7,0.00068359375
0000110101,17350,"[2, 3, 1, 0]",9600,283.3716869354248,False,12.854500918858335,7,0.00068359375
0000110101,17351,"[2, 3, 1, 0]",9600,283.3845615386963,True,12.854500918858335,7,0.00068359375
0000110101,17352,"[2, 3, 1, 0]",9600,283.4019660949707,False,12.854500918858335,7,0.00068359375
0000110101,17353,"[2, 3, 1, 0]",9600,283.4146022796631,True,12.854500918858335,7,0.00068359375
0000110101,17354,"[2, 3, 1, 0]",9600,283.4322452545166,False,12.854500918858335,7,0.00068359375
0000110101,17355,"[2, 3, 1, 0]",9600,283.4451198577881,True,12.854500918858335,7,0.00068359375
0000110101,17356,"[2, 3, 1, 0]",9600,283.4649085998535,False,12.854500918858335,7,0.00068359375
0000110101,17357,"[2, 3, 1, 0]",9600,283.4784984588623,True,12.854500918858335,7,0.00068359375
0000110101,17358,"[2, 3, 1, 0]",9600,283.49781036376953,False,12.854500918858335,7,0.00068359375
0000110101,17359,"[2, 3, 1, 0]",9600,283.5104465484619,True,12.854500918858335,7,0.00068359375
0011001111,17360,"[3, 1, 2, 0]",9450,283.52832794189453,False,11.46622323140678,7,0.00068359375
0011001111,17361,"[3, 1, 0, 2]",900,283.5416793823242,True,11.46622323140678,7,0.00068359375
0011001111,17362,"[3, 1, 2, 0]",9450,283.55979919433594,False,11.46622323140678,7,0.00068359375
0011001111,17363,"[3, 1, 0, 2]",900,283.5731506347656,True,11.46622323140678,7,0.00068359375
0011001111,17364,"[3, 1, 2, 0]",9450,283.59079360961914,False,11.46622323140678,7,0.00068359375
0011001111,17365,"[3, 1, 0, 2]",900,283.6039066314697,True,11.46622323140678,7,0.00068359375
0011001111,17366,"[3, 1, 2, 0]",9450,283.62154960632324,False,11.46622323140678,7,0.00068359375
0011001111,17367,"[3, 1, 0, 2]",900,283.63490104675293,True,11.46622323140678,7,0.00068359375
0011001111,17368,"[3, 1, 2, 0]",9450,283.65278244018555,False,11.46622323140678,7,0.00068359375
0011001111,17369,"[3, 1, 0, 2]",900,283.66613388061523,True,11.46622323140678,7,0.00068359375
0011001111,17370,"[3, 1, 2, 0]",9450,283.68401527404785,False,11.46622323140678,7,0.00068359375
0011001111,17371,"[3, 1, 0, 2]",900,283.69736671447754,True,11.46622323140678,7,0.00068359375
0011001111,17372,"[3, 1, 2, 0]",9450,283.71477127075195,False,11.46622323140678,7,0.00068359375
0011001111,17373,"[3, 1, 0, 2]",900,283.72812271118164,True,11.46622323140678,7,0.00068359375
1001100111,17374,"[2, 0, 3, 1]",6200,283.74576568603516,False,14.425790665320811,7,0.00068359375
1001100111,17375,"[2, 0, 1, 3]",500,283.75935554504395,True,14.425790665320811,7,0.00068359375
1001100111,17376,"[2, 0, 3, 1]",6200,283.77699851989746,False,14.425790665320811,7,0.00068359375
1001100111,17377,"[2, 0, 1, 3]",500,283.79034996032715,True,14.425790665320811,7,0.00068359375
1001100111,17378,"[2, 0, 3, 1]",6200,283.8096618652344,False,14.425790665320811,7,0.00068359375
1001100111,17379,"[2, 0, 1, 3]",500,283.82301330566406,True,14.425790665320811,7,0.00068359375
1001100111,17380,"[2, 0, 3, 1]",6200,283.8461399078369,False,14.425790665320811,7,0.00068359375
1001100111,17381,"[2, 0, 1, 3]",500,283.8597297668457,True,14.425790665320811,7,0.00068359375
1001100111,17382,"[2, 0, 3, 1]",6200,283.8780879974365,False,14.425790665320811,7,0.00068359375
1001100111,17383,"[2, 0, 1, 3]",500,283.9069366455078,True,14.425790665320811,7,0.00068359375
1001100111,17384,"[2, 0, 3, 1]",6200,283.92577171325684,False,14.425790665320811,7,0.00068359375
1001100111,17385,"[2, 0, 1, 3]",500,283.9395999908447,True,14.425790665320811,7,0.00068359375
1001100111,17386,"[2, 0, 3, 1]",6200,283.95795822143555,False,14.425790665320811,7,0.00068359375
1001100111,17387,"[2, 0, 1, 3]",500,283.97154808044434,True,14.425790665320811,7,0.00068359375
0101110001,17388,"[2, 1, 0, 3]",600,283.99014472961426,False,9.828808760201333,7,0.00068359375
0101110001,17389,"[2, 1, 0, 3]",600,284.00397300720215,True,9.828808760201333,7,0.00068359375
0101110001,17390,"[2, 1, 0, 3]",600,284.02233123779297,False,9.828808760201333,7,0.00068359375
0101110001,17391,"[2, 1, 0, 3]",600,284.03592109680176,True,9.828808760201333,7,0.00068359375
0101110001,17392,"[2, 1, 0, 3]",600,284.0547561645508,False,9.828808760201333,7,0.00068359375
0101110001,17393,"[2, 1, 0, 3]",600,284.06834602355957,True,9.828808760201333,7,0.00068359375
0101110001,17394,"[2, 1, 0, 3]",600,284.0864658355713,False,9.828808760201333,7,0.00068359375
0101110001,17395,"[2, 1, 0, 3]",600,284.1002941131592,True,9.828808760201333,7,0.00068359375
0101110001,17396,"[2, 1, 0, 3]",600,284.1184139251709,False,9.828808760201333,7,0.00068359375
0101110001,17397,"[2, 1, 0, 3]",600,284.1324806213379,True,9.828808760201333,7,0.00068359375
0101110001,17398,"[2, 1, 0, 3]",600,284.1508388519287,False,9.828808760201333,7,0.00068359375
0101110001,17399,"[2, 1, 0, 3]",600,284.1644287109375,True,9.828808760201333,7,0.00068359375
0101110001,17400,"[2, 1, 0, 3]",600,284.18469429016113,False,9.828808760201333,7,0.00068359375
0101110001,17401,"[2, 1, 0, 3]",600,284.198522567749,True,9.828808760201333,7,0.00068359375
1010001111,17402,"[3, 1, 0, 2]",900,284.21688079833984,False,25.26718133495934,7,0.00068359375
1010001111,17403,"[3, 1, 0, 2]",900,284.23070907592773,True,25.26718133495934,7,0.00068359375
1010001111,17404,"[3, 1, 0, 2]",900,284.24906730651855,False,25.26718133495934,7,0.00068359375
1010001111,17405,"[3, 1, 0, 2]",900,284.26265716552734,True,25.26718133495934,7,0.00068359375
1010001111,17406,"[3, 1, 0, 2]",900,284.28125381469727,False,25.26718133495934,7,0.00068359375
1010001111,17407,"[3, 1, 0, 2]",900,284.29532051086426,True,25.26718133495934,7,0.00068359375
1010001111,17408,"[3, 1, 0, 2]",900,284.315824508667,False,25.26718133495934,7,0.00068359375
1010001111,17409,"[3, 1, 0, 2]",900,284.3294143676758,True,25.26718133495934,7,0.00068359375
1010001111,17410,"[3, 1, 0, 2]",900,284.3477725982666,False,25.26718133495934,7,0.00068359375
1010001111,17411,"[3, 1, 0, 2]",900,284.3616008758545,True,25.26718133495934,7,0.00068359375
1010001111,17412,"[3, 1, 0, 2]",900,284.3804359436035,False,25.26718133495934,7,0.00068359375
1010001111,17413,"[3, 1, 0, 2]",900,284.3937873840332,True,25.26718133495934,7,0.00068359375
1010001111,17414,"[3, 1, 0, 2]",900,284.412145614624,False,25.26718133495934,7,0.00068359375
1010001111,17415,"[3, 1, 0, 2]",900,284.4254970550537,True,25.26718133495934,7,0.00068359375
1101010110,17416,"[0, 3, 2, 1]",6300,284.44385528564453,False,30.544518842335663,7,0.00068359375
1101010110,17417,"[0, 1, 3, 2]",465,284.4581604003906,True,30.544518842335663,7,0.00068359375
1101010110,17418,"[0, 3, 2, 1]",6300,284.47651863098145,False,30.544518842335663,7,0.00068359375
1101010110,17419,"[0, 1, 3, 2]",465,284.49082374572754,True,30.544518842335663,7,0.00068359375
1101010110,17420,"[0, 3, 2, 1]",6300,284.5125198364258,False,30.544518842335663,7,0.00068359375
1101010110,17421,"[0, 1, 3, 2]",465,284.5268249511719,True,30.544518842335663,7,0.00068359375
1101010110,17422,"[0, 3, 2, 1]",6300,284.5456600189209,False,30.544518842335663,7,0.00068359375
1101010110,17423,"[0, 1, 3, 2]",465,284.5597267150879,True,30.544518842335663,7,0.00068359375
1101010110,17424,"[0, 3, 2, 1]",6300,284.5783233642578,False,30.544518842335663,7,0.00068359375
1101010110,17425,"[0, 1, 3, 2]",465,284.5923900604248,True,30.544518842335663,7,0.00068359375
1101010110,17426,"[0, 3, 2, 1]",6300,284.6107482910156,False,30.544518842335663,7,0.00068359375
1101010110,17427,"[0, 1, 3, 2]",465,284.6243381500244,True,30.544518842335663,7,0.00068359375
1101010110,17428,"[0, 3, 2, 1]",6300,284.64269638061523,False,30.544518842335663,7,0.00068359375
1101010110,17429,"[0, 1, 3, 2]",465,284.6565246582031,True,30.544518842335663,7,0.00068359375
1101011010,17430,"[0, 3, 2, 1]",6300,284.67440605163574,False,18.27225942116783,7,0.00068359375
1101011010,17431,"[0, 1, 3, 2]",465,284.68823432922363,True,18.27225942116783,7,0.00068359375
1101011010,17432,"[0, 3, 2, 1]",6300,284.70635414123535,False,18.27225942116783,7,0.00068359375
1101011010,17433,"[0, 1, 3, 2]",465,284.72065925598145,True,18.27225942116783,7,0.00068359375
1101011010,17434,"[0, 3, 2, 1]",6300,284.73877906799316,False,18.27225942116783,7,0.00068359375
1101011010,17435,"[0, 1, 3, 2]",465,284.75260734558105,True,18.27225942116783,7,0.00068359375
1101011010,17436,"[0, 3, 2, 1]",6300,284.7709655761719,False,18.27225942116783,7,0.00068359375
1101011010,17437,"[0, 1, 3, 2]",465,284.78479385375977,True,18.27225942116783,7,0.00068359375
1101011010,17438,"[0, 3, 2, 1]",6300,284.8029136657715,False,18.27225942116783,7,0.00068359375
1101011010,17439,"[0, 1, 3, 2]",465,284.8167419433594,True,18.27225942116783,7,0.00068359375
1101011010,17440,"[0, 3, 2, 1]",6300,284.8353385925293,False,18.27225942116783,7,0.00068359375
1101011010,17441,"[0, 1, 3, 2]",465,284.8491668701172,True,18.27225942116783,7,0.00068359375
1101011010,17442,"[0, 3, 2, 1]",6300,284.8691940307617,False,18.27225942116783,7,0.00068359375
1101011010,17443,"[0, 1, 3, 2]",465,284.8830223083496,True,18.27225942116783,7,0.00068359375
1111100001,17444,"[1, 0, 2, 3]",315,284.90185737609863,False,19.473562869650422,7,0.00068359375
1111100001,17445,"[1, 0, 2, 3]",315,284.9156856536865,True,19.473562869650422,7,0.00068359375
1111100001,17446,"[1, 0, 2, 3]",315,284.93404388427734,False,19.473562869650422,7,0.00068359375
1111100001,17447,"[1, 0, 2, 3]",315,284.94811058044434,True,19.473562869650422,7,0.00068359375
1111100001,17448,"[1, 0, 2, 3]",315,284.96623039245605,False,19.473562869650422,7,0.00068359375
1111100001,17449,"[1, 0, 2, 3]",315,284.98029708862305,True,19.473562869650422,7,0.00068359375
1111100001,17450,"[1, 0, 2, 3]",315,284.99865531921387,False,19.473562869650422,7,0.00068359375
1111100001,17451,"[1, 0, 2, 3]",315,285.01319885253906,True,19.473562869650422,7,0.00068359375
1111100001,17452,"[1, 0, 2, 3]",315,285.031795501709,False,19.473562869650422,7,0.00068359375
1111100001,17453,"[1, 0, 2, 3]",315,285.0463390350342,True,19.473562869650422,7,0.00068359375
1111100001,17454,"[1, 0, 2, 3]",315,285.0649356842041,False,19.473562869650422,7,0.00068359375
1111100001,17455,"[1, 0, 2, 3]",315,285.0790023803711,True,19.473562869650422,7,0.00068359375
1111100001,17456,"[1, 0, 2, 3]",315,285.09974479675293,False,19.473562869650422,7,0.00068359375
1111100001,17457,"[1, 0, 2, 3]",315,285.1145267486572,True,19.473562869650422,7,0.00068359375
0011010110,17458,"[1, 3, 2, 0]",9450,285.13503074645996,False,19.667041954972824,7,0.00068359375
0011010110,17459,"[1, 0, 3, 2]",465,285.14957427978516,True,19.667041954972824,7,0.00068359375
0011010110,17460,"[1, 3, 2, 0]",9450,285.1684093475342,False,19.667041954972824,7,0.00068359375
0011010110,17461,"[1, 0, 3, 2]",465,285.1829528808594,True,19.667041954972824,7,0.00068359375
0011010110,17462,"[1, 3, 2, 0]",9450,285.203218460083,False,19.667041954972824,7,0.00068359375
0011010110,17463,"[1, 0, 3, 2]",465,285.21728515625,True,19.667041954972824,7,0.00068359375
0011010110,17464,"[1, 3, 2, 0]",9450,285.2358818054199,False,19.667041954972824,7,0.00068359375
0011010110,17465,"[1, 0, 3, 2]",465,285.2497100830078,True,19.667041954972824,7,0.00068359375
0011010110,17466,"[1, 3, 2, 0]",9450,285.26806831359863,False,19.667041954972824,7,0.00068359375
0011010110,17467,"[1, 0, 3, 2]",465,285.2821350097656,True,19.667041954972824,7,0.00068359375
0011010110,17468,"[1, 3, 2, 0]",9450,285.30073165893555,False,19.667041954972824,7,0.00068359375
0011010110,17469,"[1, 0, 3, 2]",465,285.31455993652344,True,19.667041954972824,7,0.00068359375
0011010110,17470,"[1, 3, 2, 0]",9450,285.33291816711426,False,19.667041954972824,7,0.00068359375
0011010110,17471,"[1, 0, 3, 2]",465,285.34674644470215,True,19.667041954972824,7,0.00068359375
1000000011,17472,"[0, 3, 2, 1]",6300,285.36486625671387,False,29.0,7,0.00068359375
1000000011,17473,"[0, 1, 3, 2]",465,285.37893295288086,True,29.0,7,0.00068359375
1000000011,17474,"[0, 3, 2, 1]",6300,285.3975296020508,False,29.0,7,0.00068359375
1000000011,17475,"[0, 1, 3, 2]",465,285.41111946105957,True,29.0,7,0.00068359375
1000000011,17476,"[0, 3, 2, 1]",6300,285.4297161102295,False,29.0,7,0.00068359375
1000000011,17477,"[0, 1, 3, 2]",465,285.4437828063965,True,29.0,7,0.00068359375
1000000011,17478,"[0, 3, 2, 1]",6300,285.4621410369873,False,29.0,7,0.00068359375
1000000011,17479,"[0, 1, 3, 2]",465,285.4759693145752,True,29.0,7,0.00068359375
1000000011,17480,"[0, 3, 2, 1]",6300,285.4940891265869,False,29.0,7,0.00068359375
1000000011,17481,"[0, 1, 3, 2]",465,285.5079174041748,True,29.0,7,0.00068359375
1000000011,17482,"[0, 3, 2, 1]",6300,285.5265140533447,False,29.0,7,0.00068359375
1000000011,17483,"[0, 1, 3, 2]",465,285.5403423309326,True,29.0,7,0.00068359375
1000000011,17484,"[0, 3, 2, 1]",6300,285.56013107299805,False,29.0,7,0.00068359375
1000000011,17485,"[0, 1, 3, 2]",465,285.57395935058594,True,29.0,7,0.00068359375
0110101110,17486,"[3, 2, 1, 0]",9600,285.59279441833496,False,24.863678515162277,7,0.00068359375
0110101110,17487,"[3, 2, 1, 0]",9600,285.60709953308105,True,24.863678515162277,7,0.00068359375
0110101110,17488,"[3, 2, 1, 0]",9600,285.625696182251,False,24.863678515162277,7,0.00068359375
0110101110,17489,"[3, 2, 1, 0]",9600,285.63952445983887,True,24.863678515162277,7,0.00068359375
0110101110,17490,"[3, 2, 1, 0]",9600,285.6581211090088,False,24.863678515162277,7,0.00068359375
0110101110,17491,"[3, 2, 1, 0]",9600,285.6714725494385,True,24.863678515162277,7,0.00068359375
0110101110,17492,"[3, 2, 1, 0]",9600,285.6900691986084,False,24.863678515162277,7,0.00068359375
0110101110,17493,"[3, 2, 1, 0]",9600,285.7034206390381,True,24.863678515162277,7,0.00068359375
0110101110,17494,"[3, 2, 1, 0]",9600,285.7213020324707,False,24.863678515162277,7,0.00068359375
0110101110,17495,"[3, 2, 1, 0]",9600,285.7346534729004,True,24.863678515162277,7,0.00068359375
0110101110,17496,"[3, 2, 1, 0]",9600,285.7527732849121,False,24.863678515162277,7,0.00068359375
0110101110,17497,"[3, 2, 1, 0]",9600,285.7658863067627,True,24.863678515162277,7,0.00068359375
0110101110,17498,"[3, 2, 1, 0]",9600,285.7840061187744,False,24.863678515162277,7,0.00068359375
0110101110,17499,"[3, 2, 1, 0]",9600,285.797119140625,True,24.863678515162277,7,0.00068359375
1000101111,17500,"[3, 2, 0, 1]",6600,285.8157157897949,False,27.94576906171347,7,0.00068359375
1000101111,17501,"[3, 2, 0, 1]",6600,285.8293056488037,True,27.94576906171347,7,0.00068359375
1000101111,17502,"[3, 2, 0, 1]",6600,285.84766387939453,False,27.94576906171347,7,0.00068359375
1000101111,17503,"[3, 2, 0, 1]",6600,285.8617305755615,True,27.94576906171347,7,0.00068359375
1000101111,17504,"[3, 2, 0, 1]",6600,285.9053611755371,False,27.94576906171347,7,0.00068359375
1000101111,17505,"[3, 2, 0, 1]",6600,285.9196662902832,True,27.94576906171347,7,0.00068359375
1000101111,17506,"[3, 2, 0, 1]",6600,285.9535217285156,False,27.94576906171347,7,0.00068359375
1000101111,17507,"[3, 2, 0, 1]",6600,285.9816551208496,True,27.94576906171347,7,0.00068359375
1000101111,17508,"[3, 2, 0, 1]",6600,286.01694107055664,False,27.94576906171347,7,0.00068359375
1000101111,17509,"[3, 2, 0, 1]",6600,286.0417366027832,True,27.94576906171347,7,0.00068359375
1000101111,17510,"[3, 2, 0, 1]",6600,286.06176376342773,False,27.94576906171347,7,0.00068359375
1000101111,17511,"[3, 2, 0, 1]",6600,286.0751152038574,True,27.94576906171347,7,0.00068359375
1000101111,17512,"[3, 2, 0, 1]",6600,286.09275817871094,False,27.94576906171347,7,0.00068359375
1000101111,17513,"[3, 2, 0, 1]",6600,286.1058712005615,True,27.94576906171347,7,0.00068359375
0111001001,17514,"[1, 3, 0, 2]",900,286.12375259399414,False,12.422727292881255,7,0.00068359375
0111001001,17515,"[1, 0, 3, 2]",465,286.13758087158203,True,12.422727292881255,7,0.00068359375
0111001001,17516,"[1, 3, 0, 2]",900,286.15546226501465,False,12.422727292881255,7,0.00068359375
0111001001,17517,"[1, 0, 3, 2]",465,286.16905212402344,True,12.422727292881255,7,0.00068359375
0111001001,17518,"[1, 3, 0, 2]",900,286.18645668029785,False,12.422727292881255,7,0.00068359375
0111001001,17519,"[1, 0, 3, 2]",465,286.2222194671631,True,12.422727292881255,7,0.00068359375
0111001001,17520,"[1, 3, 0, 2]",900,286.2403392791748,False,12.422727292881255,7,0.00068359375
0111001001,17521,"[1, 0, 3, 2]",465,286.2546443939209,True,12.422727292881255,7,0.00068359375
0111001001,17522,"[1, 3, 0, 2]",900,286.2727642059326,False,12.422727292881255,7,0.00068359375
0111001001,17523,"[1, 0, 3, 2]",465,286.2865924835205,True,12.422727292881255,7,0.00068359375
0111001001,17524,"[1, 3, 0, 2]",900,286.3044738769531,False,12.422727292881255,7,0.00068359375
0111001001,17525,"[1, 0, 3, 2]",465,286.3180637359619,True,12.422727292881255,7,0.00068359375
0111001001,17526,"[1, 3, 0, 2]",900,286.33713722229004,False,12.422727292881255,7,0.00068359375
0111001001,17527,"[1, 0, 3, 2]",465,286.3507270812988,True,12.422727292881255,7,0.00068359375
1011100011,17528,"[1, 2, 0, 3]",600,286.36837005615234,False,22.16713784209973,7,0.00068359375
1011100011,17529,"[1, 0, 2, 3]",315,286.38195991516113,True,22.16713784209973,7,0.00068359375
1011100011,17530,"[1, 2, 0, 3]",600,286.39960289001465,False,22.16713784209973,7,0.00068359375
1011100011,17531,"[1, 0, 2, 3]",315,286.41295433044434,True,22.16713784209973,7,0.00068359375
1011100011,17532,"[1, 2, 0, 3]",600,286.43059730529785,False,22.16713784209973,7,0.00068359375
1011100011,17533,"[1, 0, 2, 3]",315,286.44394874572754,True,22.16713784209973,7,0.00068359375
1011100011,17534,"[1, 2, 0, 3]",600,286.46159172058105,False,22.16713784209973,7,0.00068359375
1011100011,17535,"[1, 0, 2, 3]",315,286.47494316101074,True,22.16713784209973,7,0.00068359375
1011100011,17536,"[1, 2, 0, 3]",600,286.49258613586426,False,22.16713784209973,7,0.00068359375
1011100011,17537,"[1, 0, 2, 3]",315,286.50593757629395,True,22.16713784209973,7,0.00068359375
1011100011,17538,"[1, 2, 0, 3]",600,286.52334213256836,False,22.16713784209973,7,0.00068359375
1011100011,17539,"[1, 0, 2, 3]",315,286.53693199157715,True,22.16713784209973,7,0.00068359375
1011100011,17540,"[1, 2, 0, 3]",600,286.55433654785156,False,22.16713784209973,7,0.00068359375
1011100011,17541,"[1, 0, 2, 3]",315,286.56792640686035,True,22.16713784209973,7,0.00068359375
0010010100,17542,"[1, 3, 2, 0]",9450,286.58509254455566,False,15.10131501963538,7,0.00068359375
0010010100,17543,"[1, 0, 3, 2]",465,286.59820556640625,True,15.10131501963538,7,0.00068359375
0010010100,17544,"[1, 3, 2, 0]",9450,286.61608695983887,False,15.10131501963538,7,0.00068359375
0010010100,17545,"[1, 0, 3, 2]",465,286.62991523742676,True,15.10131501963538,7,0.00068359375
0010010100,17546,"[1, 3, 2, 0]",9450,286.649227142334,False,15.10131501963538,7,0.00068359375
0010010100,17547,"[1, 0, 3, 2]",465,286.6625785827637,True,15.10131501963538,7,0.00068359375
0010010100,17548,"[1, 3, 2, 0]",9450,286.6802215576172,False,15.10131501963538,7,0.00068359375
0010010100,17549,"[1, 0, 3, 2]",465,286.6935729980469,True,15.10131501963538,7,0.00068359375
0010010100,17550,"[1, 3, 2, 0]",9450,286.7114543914795,False,15.10131501963538,7,0.00068359375
0010010100,17551,"[1, 0, 3, 2]",465,286.7245674133301,True,15.10131501963538,7,0.00068359375
0010010100,17552,"[1, 3, 2, 0]",9450,286.7422103881836,False,15.10131501963538,7,0.00068359375
0010010100,17553,"[1, 0, 3, 2]",465,286.7553234100342,True,15.10131501963538,7,0.00068359375
0010010100,17554,"[1, 3, 2, 0]",9450,286.7727279663086,False,15.10131501963538,7,0.00068359375
0010010100,17555,"[1, 0, 3, 2]",465,286.7863178253174,True,15.10131501963538,7,0.00068359375
1001011001,17556,"[3, 0, 2, 1]",6300,286.80419921875,False,16.318016911728506,7,0.00068359375
1001011001,17557,"[3, 0, 1, 2]",750,286.8180274963379,True,16.318016911728506,7,0.00068359375
1001011001,17558,"[3, 0, 2, 1]",6300,286.8361473083496,False,16.318016911728506,7,0.00068359375
1001011001,17559,"[3, 0, 1, 2]",750,286.8497371673584,True,16.318016911728506,7,0.00068359375
1001011001,17560,"[3, 0, 2, 1]",6300,286.86976432800293,False,16.318016911728506,7,0.00068359375
1001011001,17561,"[3, 0, 1, 2]",750,286.8833541870117,True,16.318016911728506,7,0.00068359375
1001011001,17562,"[3, 0, 2, 1]",6300,286.90123558044434,False,16.318016911728506,7,0.00068359375
1001011001,17563,"[3, 0, 1, 2]",750,286.9148254394531,True,16.318016911728506,7,0.00068359375
1001011001,17564,"[3, 0, 2, 1]",6300,286.93270683288574,False,16.318016911728506,7,0.00068359375
1001011001,17565,"[3, 0, 1, 2]",750,286.94605827331543,True,16.318016911728506,7,0.00068359375
1001011001,17566,"[3, 0, 2, 1]",6300,286.96584701538086,False,16.318016911728506,7,0.00068359375
1001011001,17567,"[3, 0, 1, 2]",750,286.97919845581055,True,16.318016911728506,7,0.00068359375
1001011001,17568,"[3, 0, 2, 1]",6300,286.9992256164551,False,16.318016911728506,7,0.00068359375
1001011001,17569,"[3, 0, 1, 2]",750,287.01257705688477,True,16.318016911728506,7,0.00068359375
1000000101,17570,"[0, 3, 2, 1]",6300,287.0299816131592,False,17.227644691705265,7,0.00068359375
1000000101,17571,"[0, 1, 3, 2]",465,287.04357147216797,True,17.227644691705265,7,0.00068359375
1000000101,17572,"[0, 3, 2, 1]",6300,287.0612144470215,False,17.227644691705265,7,0.00068359375
1000000101,17573,"[0, 1, 3, 2]",465,287.07432746887207,True,17.227644691705265,7,0.00068359375
1000000101,17574,"[0, 3, 2, 1]",6300,287.0919704437256,False,17.227644691705265,7,0.00068359375
1000000101,17575,"[0, 1, 3, 2]",465,287.1050834655762,True,17.227644691705265,7,0.00068359375
1000000101,17576,"[0, 3, 2, 1]",6300,287.1229648590088,False,17.227644691705265,7,0.00068359375
1000000101,17577,"[0, 1, 3, 2]",465,287.1356010437012,True,17.227644691705265,7,0.00068359375
1000000101,17578,"[0, 3, 2, 1]",6300,287.1532440185547,False,17.227644691705265,7,0.00068359375
1000000101,17579,"[0, 1, 3, 2]",465,287.1663570404053,True,17.227644691705265,7,0.00068359375
1000000101,17580,"[0, 3, 2, 1]",6300,287.1837615966797,False,17.227644691705265,7,0.00068359375
1000000101,17581,"[0, 1, 3, 2]",465,287.1966361999512,True,17.227644691705265,7,0.00068359375
1000000101,17582,"[0, 3, 2, 1]",6300,287.2142791748047,False,17.227644691705265,7,0.00068359375
1000000101,17583,"[0, 1, 3, 2]",465,287.2273921966553,True,17.227644691705265,7,0.00068359375
1010010001,17584,"[1, 0, 2, 3]",315,287.2450351715088,False,20.825992226027996,7,0.00068359375
1010010001,17585,"[1, 0, 2, 3]",315,287.2583866119385,True,20.825992226027996,7,0.00068359375
1010010001,17586,"[1, 0, 2, 3]",315,287.276029586792,False,20.825992226027996,7,0.00068359375
1010010001,17587,"[1, 0, 2, 3]",315,287.2891426086426,True,20.825992226027996,7,0.00068359375
1010010001,17588,"[1, 0, 2, 3]",315,287.308931350708,False,20.825992226027996,7,0.00068359375
1010010001,17589,"[1, 0, 2, 3]",315,287.3222827911377,True,20.825992226027996,7,0.00068359375
1010010001,17590,"[1, 0, 2, 3]",315,287.3396873474121,False,20.825992226027996,7,0.00068359375
1010010001,17591,"[1, 0, 2, 3]",315,287.3528003692627,True,20.825992226027996,7,0.00068359375
1010010001,17592,"[1, 0, 2, 3]",315,287.3704433441162,False,20.825992226027996,7,0.00068359375
1010010001,17593,"[1, 0, 2, 3]",315,287.384033203125,True,20.825992226027996,7,0.00068359375
1010010001,17594,"[1, 0, 2, 3]",315,287.4016761779785,False,20.825992226027996,7,0.00068359375
1010010001,17595,"[1, 0, 2, 3]",315,287.4150276184082,True,20.825992226027996,7,0.00068359375
1010010001,17596,"[1, 0, 2, 3]",315,287.4324321746826,False,20.825992226027996,7,0.00068359375
1010010001,17597,"[1, 0, 2, 3]",315,287.4457836151123,True,20.825992226027996,7,0.00068359375
1111101001,17598,"[1, 0, 3, 2]",465,287.4631881713867,False,39.927709491962844,7,0.00068359375
1111101001,17599,"[1, 0, 3, 2]",465,287.4763011932373,True,39.927709491962844,7,0.00068359375
1111101001,17600,"[1, 0, 3, 2]",465,287.4937057495117,False,39.927709491962844,7,0.00068359375
1111101001,17601,"[1, 0, 3, 2]",465,287.5068187713623,True,39.927709491962844,7,0.00068359375
1111101001,17602,"[1, 0, 3, 2]",465,287.5242233276367,False,39.927709491962844,7,0.00068359375
1111101001,17603,"[1, 0, 3, 2]",465,287.5373363494873,True,39.927709491962844,7,0.00068359375
1111101001,17604,"[1, 0, 3, 2]",465,287.5549793243408,False,39.927709491962844,7,0.00068359375
1111101001,17605,"[1, 0, 3, 2]",465,287.5678539276123,True,39.927709491962844,7,0.00068359375
1111101001,17606,"[1, 0, 3, 2]",465,287.5854969024658,False,39.927709491962844,7,0.00068359375
1111101001,17607,"[1, 0, 3, 2]",465,287.5986099243164,True,39.927709491962844,7,0.00068359375
1111101001,17608,"[1, 0, 3, 2]",465,287.61839866638184,False,39.927709491962844,7,0.00068359375
1111101001,17609,"[1, 0, 3, 2]",465,287.6319885253906,True,39.927709491962844,7,0.00068359375
1111101001,17610,"[1, 0, 3, 2]",465,287.65177726745605,False,39.927709491962844,7,0.00068359375
1111101001,17611,"[1, 0, 3, 2]",465,287.66465187072754,True,39.927709491962844,7,0.00068359375
1010101101,17612,"[3, 2, 1, 0]",9600,287.68253326416016,False,50.77216353404093,7,0.00068359375
1010101101,17613,"[3, 2, 1, 0]",9600,287.69588470458984,True,50.77216353404093,7,0.00068359375
1010101101,17614,"[3, 2, 1, 0]",9600,287.71352767944336,False,50.77216353404093,7,0.00068359375
1010101101,17615,"[3, 2, 1, 0]",9600,287.72640228271484,True,50.77216353404093,7,0.00068359375
1010101101,17616,"[3, 2, 1, 0]",9600,287.74380683898926,False,50.77216353404093,7,0.00068359375
1010101101,17617,"[3, 2, 1, 0]",9600,287.75715827941895,True,50.77216353404093,7,0.00068359375
1010101101,17618,"[3, 2, 1, 0]",9600,287.77432441711426,False,50.77216353404093,7,0.00068359375
1010101101,17619,"[3, 2, 1, 0]",9600,287.78815269470215,True,50.77216353404093,7,0.00068359375
1010101101,17620,"[3, 2, 1, 0]",9600,287.80555725097656,False,50.77216353404093,7,0.00068359375
1010101101,17621,"[3, 2, 1, 0]",9600,287.81962394714355,True,50.77216353404093,7,0.00068359375
1010101101,17622,"[3, 2, 1, 0]",9600,287.83726692199707,False,50.77216353404093,7,0.00068359375
1010101101,17623,"[3, 2, 1, 0]",9600,287.8549098968506,True,50.77216353404093,7,0.00068359375
1010101101,17624,"[3, 2, 1, 0]",9600,287.8906726837158,False,50.77216353404093,7,0.00068359375
1010101101,17625,"[3, 2, 1, 0]",9600,287.9045009613037,True,50.77216353404093,7,0.00068359375
1000101110,17626,"[3, 2, 0, 1]",6600,287.92262077331543,False,25.900011571152795,7,0.00068359375
1000101110,17627,"[3, 2, 0, 1]",6600,287.9364490509033,True,25.900011571152795,7,0.00068359375
1000101110,17628,"[3, 2, 0, 1]",6600,287.95456886291504,False,25.900011571152795,7,0.00068359375
1000101110,17629,"[3, 2, 0, 1]",6600,287.9681587219238,True,25.900011571152795,7,0.00068359375
1000101110,17630,"[3, 2, 0, 1]",6600,287.98842430114746,False,25.900011571152795,7,0.00068359375
1000101110,17631,"[3, 2, 0, 1]",6600,288.00201416015625,True,25.900011571152795,7,0.00068359375
1000101110,17632,"[3, 2, 0, 1]",6600,288.0206108093262,False,25.900011571152795,7,0.00068359375
1000101110,17633,"[3, 2, 0, 1]",6600,288.03396224975586,True,25.900011571152795,7,0.00068359375
1000101110,17634,"[3, 2, 0, 1]",6600,288.0525588989258,False,25.900011571152795,7,0.00068359375
1000101110,17635,"[3, 2, 0, 1]",6600,288.06567192077637,True,25.900011571152795,7,0.00068359375
1000101110,17636,"[3, 2, 0, 1]",6600,288.0840301513672,False,25.900011571152795,7,0.00068359375
1000101110,17637,"[3, 2, 0, 1]",6600,288.0973815917969,True,25.900011571152795,7,0.00068359375
1000101110,17638,"[3, 2, 0, 1]",6600,288.1162166595459,False,25.900011571152795,7,0.00068359375
1000101110,17639,"[3, 2, 0, 1]",6600,288.1290912628174,True,25.900011571152795,7,0.00068359375
1100001011,17640,"[0, 3, 2, 1]",6300,288.1479263305664,False,16.18188720114459,7,0.00068359375
1100001011,17641,"[0, 1, 3, 2]",465,288.1619930267334,True,16.18188720114459,7,0.00068359375
1100001011,17642,"[0, 3, 2, 1]",6300,288.1803512573242,False,16.18188720114459,7,0.00068359375
1100001011,17643,"[0, 1, 3, 2]",465,288.1944179534912,True,16.18188720114459,7,0.00068359375
1100001011,17644,"[0, 3, 2, 1]",6300,288.21301460266113,False,16.18188720114459,7,0.00068359375
1100001011,17645,"[0, 1, 3, 2]",465,288.226842880249,True,16.18188720114459,7,0.00068359375
1100001011,17646,"[0, 3, 2, 1]",6300,288.24496269226074,False,16.18188720114459,7,0.00068359375
1100001011,17647,"[0, 1, 3, 2]",465,288.25902938842773,True,16.18188720114459,7,0.00068359375
1100001011,17648,"[0, 3, 2, 1]",6300,288.27714920043945,False,16.18188720114459,7,0.00068359375
1100001011,17649,"[0, 1, 3, 2]",465,288.29097747802734,True,16.18188720114459,7,0.00068359375
1100001011,17650,"[0, 3, 2, 1]",6300,288.30909729003906,False,16.18188720114459,7,0.00068359375
1100001011,17651,"[0, 1, 3, 2]",465,288.32268714904785,True,16.18188720114459,7,0.00068359375
1100001011,17652,"[0, 3, 2, 1]",6300,288.3429527282715,False,16.18188720114459,7,0.00068359375
1100001011,17653,"[0, 1, 3, 2]",465,288.3567810058594,True,16.18188720114459,7,0.00068359375
0010010111,17654,"[1, 3, 2, 0]",9450,288.3751392364502,False,15.192830000756729,7,0.00068359375
0010010111,17655,"[1, 0, 3, 2]",465,288.3892059326172,True,15.192830000756729,7,0.00068359375
0010010111,17656,"[1, 3, 2, 0]",9450,288.4078025817871,False,15.192830000756729,7,0.00068359375
0010010111,17657,"[1, 0, 3, 2]",465,288.421630859375,True,15.192830000756729,7,0.00068359375
0010010111,17658,"[1, 3, 2, 0]",9450,288.4407043457031,False,15.192830000756729,7,0.00068359375
0010010111,17659,"[1, 0, 3, 2]",465,288.4554862976074,True,15.192830000756729,7,0.00068359375
0010010111,17660,"[1, 3, 2, 0]",9450,288.47646713256836,False,15.192830000756729,7,0.00068359375
0010010111,17661,"[1, 0, 3, 2]",465,288.49029541015625,True,15.192830000756729,7,0.00068359375
0010010111,17662,"[1, 3, 2, 0]",9450,288.5091304779053,False,15.192830000756729,7,0.00068359375
0010010111,17663,"[1, 0, 3, 2]",465,288.52272033691406,True,15.192830000756729,7,0.00068359375
0010010111,17664,"[1, 3, 2, 0]",9450,288.5410785675049,False,15.192830000756729,7,0.00068359375
0010010111,17665,"[1, 0, 3, 2]",465,288.5546684265137,True,15.192830000756729,7,0.00068359375
0010010111,17666,"[1, 3, 2, 0]",9450,288.5730266571045,False,15.192830000756729,7,0.00068359375
0010010111,17667,"[1, 0, 3, 2]",465,288.5866165161133,True,15.192830000756729,7,0.00068359375
0000001010,17668,"[3, 2, 1, 0]",9600,288.604736328125,False,26.227644691705265,7,0.00068359375
0000001010,17669,"[3, 2, 1, 0]",9600,288.6192798614502,True,26.227644691705265,7,0.00068359375
0000001010,17670,"[3, 2, 1, 0]",9600,288.6373996734619,False,26.227644691705265,7,0.00068359375
0000001010,17671,"[3, 2, 1, 0]",9600,288.651704788208,True,26.227644691705265,7,0.00068359375
0000001010,17672,"[3, 2, 1, 0]",9600,288.67340087890625,False,26.227644691705265,7,0.00068359375
0000001010,17673,"[3, 2, 1, 0]",9600,288.68722915649414,True,26.227644691705265,7,0.00068359375
0000001010,17674,"[3, 2, 1, 0]",9600,288.70558738708496,False,26.227644691705265,7,0.00068359375
0000001010,17675,"[3, 2, 1, 0]",9600,288.71941566467285,True,26.227644691705265,7,0.00068359375
0000001010,17676,"[3, 2, 1, 0]",9600,288.7380123138428,False,26.227644691705265,7,0.00068359375
0000001010,17677,"[3, 2, 1, 0]",9600,288.75279426574707,True,26.227644691705265,7,0.00068359375
0000001010,17678,"[3, 2, 1, 0]",9600,288.771390914917,False,26.227644691705265,7,0.00068359375
0000001010,17679,"[3, 2, 1, 0]",9600,288.7847423553467,True,26.227644691705265,7,0.00068359375
0000001010,17680,"[3, 2, 1, 0]",9600,288.8033390045166,False,26.227644691705265,7,0.00068359375
0000001010,17681,"[3, 2, 1, 0]",9600,288.8164520263672,True,26.227644691705265,7,0.00068359375
1111100000,17682,"[1, 0, 2, 3]",315,288.8355255126953,False,22.825745387761785,7,0.00068359375
1111100000,17683,"[1, 0, 2, 3]",315,288.8495922088623,True,22.825745387761785,7,0.00068359375
1111100000,17684,"[1, 0, 2, 3]",315,288.8681888580322,False,22.825745387761785,7,0.00068359375
1111100000,17685,"[1, 0, 2, 3]",315,288.8822555541992,True,22.825745387761785,7,0.00068359375
1111100000,17686,"[1, 0, 2, 3]",315,288.90109062194824,False,22.825745387761785,7,0.00068359375
1111100000,17687,"[1, 0, 2, 3]",315,288.91515731811523,True,22.825745387761785,7,0.00068359375
1111100000,17688,"[1, 0, 2, 3]",315,288.93351554870605,False,22.825745387761785,7,0.00068359375
1111100000,17689,"[1, 0, 2, 3]",315,288.94734382629395,True,22.825745387761785,7,0.00068359375
1111100000,17690,"[1, 0, 2, 3]",315,288.96594047546387,False,22.825745387761785,7,0.00068359375
1111100000,17691,"[1, 0, 2, 3]",315,288.97976875305176,True,22.825745387761785,7,0.00068359375
1111100000,17692,"[1, 0, 2, 3]",315,288.9986038208008,False,22.825745387761785,7,0.00068359375
1111100000,17693,"[1, 0, 2, 3]",315,289.0124320983887,True,22.825745387761785,7,0.00068359375
1111100000,17694,"[1, 0, 2, 3]",315,289.0329360961914,False,22.825745387761785,7,0.00068359375
1111100000,17695,"[1, 0, 2, 3]",315,289.0467643737793,True,22.825745387761785,7,0.00068359375
0111111101,17696,"[3, 2, 1, 0]",9600,289.0753746032715,False,35.272067646914024,7,0.00068359375
0111111101,17697,"[3, 2, 1, 0]",9600,289.0889644622803,True,35.272067646914024,7,0.00068359375
0111111101,17698,"[3, 2, 1, 0]",9600,289.1063690185547,False,35.272067646914024,7,0.00068359375
0111111101,17699,"[3, 2, 1, 0]",9600,289.1199588775635,True,35.272067646914024,7,0.00068359375
0111111101,17700,"[3, 2, 1, 0]",9600,289.137601852417,False,35.272067646914024,7,0.00068359375
0111111101,17701,"[3, 2, 1, 0]",9600,289.1507148742676,True,35.272067646914024,7,0.00068359375
0111111101,17702,"[3, 2, 1, 0]",9600,289.168119430542,False,35.272067646914024,7,0.00068359375
0111111101,17703,"[3, 2, 1, 0]",9600,289.1809940338135,True,35.272067646914024,7,0.00068359375
0111111101,17704,"[3, 2, 1, 0]",9600,289.1983985900879,False,35.272067646914024,7,0.00068359375
0111111101,17705,"[3, 2, 1, 0]",9600,289.2112731933594,True,35.272067646914024,7,0.00068359375
0111111101,17706,"[3, 2, 1, 0]",9600,289.2286777496338,False,35.272067646914024,7,0.00068359375
0111111101,17707,"[3, 2, 1, 0]",9600,289.2413139343262,True,35.272067646914024,7,0.00068359375
0111111101,17708,"[3, 2, 1, 0]",9600,289.2589569091797,False,35.272067646914024,7,0.00068359375
0111111101,17709,"[3, 2, 1, 0]",9600,289.2720699310303,True,35.272067646914024,7,0.00068359375
1001000111,17710,"[0, 3, 1, 2]",750,289.2904281616211,False,12.73311161570339,7,0.00068359375
1001000111,17711,"[0, 1, 3, 2]",465,289.304256439209,True,12.73311161570339,7,0.00068359375
1001000111,17712,"[0, 3, 1, 2]",750,289.3240451812744,False,12.73311161570339,7,0.00068359375
1001000111,17713,"[0, 1, 3, 2]",465,289.3373966217041,True,12.73311161570339,7,0.00068359375
1001000111,17714,"[0, 3, 1, 2]",750,289.35718536376953,False,12.73311161570339,7,0.00068359375
1001000111,17715,"[0, 1, 3, 2]",465,289.3705368041992,True,12.73311161570339,7,0.00068359375
1001000111,17716,"[0, 3, 1, 2]",750,289.38817977905273,False,12.73311161570339,7,0.00068359375
1001000111,17717,"[0, 1, 3, 2]",465,289.4012928009033,True,12.73311161570339,7,0.00068359375
1001000111,17718,"[0, 3, 1, 2]",750,289.41893577575684,False,12.73311161570339,7,0.00068359375
1001000111,17719,"[0, 1, 3, 2]",465,289.4318103790283,True,12.73311161570339,7,0.00068359375
1001000111,17720,"[0, 3, 1, 2]",750,289.44945335388184,False,12.73311161570339,7,0.00068359375
1001000111,17721,"[0, 1, 3, 2]",465,289.4623279571533,True,12.73311161570339,7,0.00068359375
1001000111,17722,"[0, 3, 1, 2]",750,289.47973251342773,False,12.73311161570339,7,0.00068359375
1001000111,17723,"[0, 1, 3, 2]",465,289.4926071166992,True,12.73311161570339,7,0.00068359375
0001000100,17724,"[3, 1, 2, 0]",9450,289.51048851013184,False,17.039536643254078,7,0.00068359375
0001000100,17725,"[3, 1, 0, 2]",900,289.5243167877197,True,17.039536643254078,7,0.00068359375
0001000100,17726,"[3, 1, 2, 0]",9450,289.54219818115234,False,17.039536643254078,7,0.00068359375
0001000100,17727,"[3, 1, 0, 2]",900,289.55578804016113,True,17.039536643254078,7,0.00068359375
0001000100,17728,"[3, 1, 2, 0]",9450,289.57414627075195,False,17.039536643254078,7,0.00068359375
0001000100,17729,"[3, 1, 0, 2]",900,289.58773612976074,True,17.039536643254078,7,0.00068359375
0001000100,17730,"[3, 1, 2, 0]",9450,289.60514068603516,False,17.039536643254078,7,0.00068359375
0001000100,17731,"[3, 1, 0, 2]",900,289.61849212646484,True,17.039536643254078,7,0.00068359375
0001000100,17732,"[3, 1, 2, 0]",9450,289.63637351989746,False,17.039536643254078,7,0.00068359375
0001000100,17733,"[3, 1, 0, 2]",900,289.64924812316895,True,17.039536643254078,7,0.00068359375
0001000100,17734,"[3, 1, 2, 0]",9450,289.66760635375977,False,17.039536643254078,7,0.00068359375
0001000100,17735,"[3, 1, 0, 2]",900,289.68071937561035,True,17.039536643254078,7,0.00068359375
0001000100,17736,"[3, 1, 2, 0]",9450,289.7005081176758,False,17.039536643254078,7,0.00068359375
0001000100,17737,"[3, 1, 0, 2]",900,289.71385955810547,True,17.039536643254078,7,0.00068359375
1110110100,17738,"[2, 0, 1, 3]",500,289.731502532959,False,30.364799090798726,6,0.0005859375
1110110100,17739,"[2, 0, 1, 3]",500,289.7453308105469,True,30.364799090798726,6,0.0005859375
1110110100,17740,"[2, 0, 1, 3]",500,289.7629737854004,False,30.364799090798726,6,0.0005859375
1110110100,17741,"[2, 0, 1, 3]",500,289.7763252258301,True,30.364799090798726,6,0.0005859375
1110110100,17742,"[2, 0, 1, 3]",500,289.7939682006836,False,30.364799090798726,6,0.0005859375
1110110100,17743,"[2, 0, 1, 3]",500,289.8070812225342,True,30.364799090798726,6,0.0005859375
1110110100,17744,"[2, 0, 1, 3]",500,289.8247241973877,False,30.364799090798726,6,0.0005859375
1110110100,17745,"[2, 0, 1, 3]",500,289.8380756378174,True,30.364799090798726,6,0.0005859375
1110110100,17746,"[2, 0, 1, 3]",500,289.8554801940918,False,30.364799090798726,6,0.0005859375
1110110100,17747,"[2, 0, 1, 3]",500,289.8685932159424,True,30.364799090798726,6,0.0005859375
1110110100,17748,"[2, 0, 1, 3]",500,289.886474609375,False,30.364799090798726,6,0.0005859375
1110110100,17749,"[2, 0, 1, 3]",500,289.8995876312256,True,30.364799090798726,6,0.0005859375
1001100010,17750,"[2, 0, 1, 3]",500,289.9169921875,False,17.0758696992446,6,0.0005859375
1001100010,17751,"[2, 0, 1, 3]",500,289.9303436279297,True,17.0758696992446,6,0.0005859375
1001100010,17752,"[2, 0, 1, 3]",500,289.9479866027832,False,17.0758696992446,6,0.0005859375
1001100010,17753,"[2, 0, 1, 3]",500,289.961576461792,True,17.0758696992446,6,0.0005859375
1001100010,17754,"[2, 0, 1, 3]",500,289.9792194366455,False,17.0758696992446,6,0.0005859375
1001100010,17755,"[2, 0, 1, 3]",500,289.9928092956543,True,17.0758696992446,6,0.0005859375
1001100010,17756,"[2, 0, 1, 3]",500,290.0125980377197,False,17.0758696992446,6,0.0005859375
1001100010,17757,"[2, 0, 1, 3]",500,290.0259494781494,True,17.0758696992446,6,0.0005859375
1001100010,17758,"[2, 0, 1, 3]",500,290.04359245300293,False,17.0758696992446,6,0.0005859375
1001100010,17759,"[2, 0, 1, 3]",500,290.0571823120117,True,17.0758696992446,6,0.0005859375
1001100010,17760,"[2, 0, 1, 3]",500,290.07506370544434,False,17.0758696992446,6,0.0005859375
1001100010,17761,"[2, 0, 1, 3]",500,290.088415145874,True,17.0758696992446,6,0.0005859375
0011101110,17762,"[3, 1, 2, 0]",9450,290.10796546936035,False,23.767085447832436,6,0.0005859375
0011101110,17763,"[3, 1, 0, 2]",900,290.12179374694824,True,23.767085447832436,6,0.0005859375
0011101110,17764,"[3, 1, 2, 0]",9450,290.14015197753906,False,23.767085447832436,6,0.0005859375
0011101110,17765,"[3, 1, 0, 2]",900,290.15326499938965,True,23.767085447832436,6,0.0005859375
0011101110,17766,"[3, 1, 2, 0]",9450,290.17138481140137,False,23.767085447832436,6,0.0005859375
0011101110,17767,"[3, 1, 0, 2]",900,290.18449783325195,True,23.767085447832436,6,0.0005859375
0011101110,17768,"[3, 1, 2, 0]",9450,290.2026176452637,False,23.767085447832436,6,0.0005859375
0011101110,17769,"[3, 1, 0, 2]",900,290.21573066711426,True,23.767085447832436,6,0.0005859375
0011101110,17770,"[3, 1, 2, 0]",9450,290.2336120605469,False,23.767085447832436,6,0.0005859375
0011101110,17771,"[3, 1, 0, 2]",900,290.24672508239746,True,23.767085447832436,6,0.0005859375
0011101110,17772,"[3, 1, 2, 0]",9450,290.264368057251,False,23.767085447832436,6,0.0005859375
0011101110,17773,"[3, 1, 0, 2]",900,290.27771949768066,True,23.767085447832436,6,0.0005859375
1010110010,17774,"[2, 1, 0, 3]",600,290.2953624725342,False,21.828808760201333,6,0.0005859375
1010110010,17775,"[2, 1, 0, 3]",600,290.30895233154297,True,21.828808760201333,6,0.0005859375
1010110010,17776,"[2, 1, 0, 3]",600,290.3265953063965,False,21.828808760201333,6,0.0005859375
1010110010,17777,"[2, 1, 0, 3]",600,290.3401851654053,True,21.828808760201333,6,0.0005859375
1010110010,17778,"[2, 1, 0, 3]",600,290.3597354888916,False,21.828808760201333,6,0.0005859375
1010110010,17779,"[2, 1, 0, 3]",600,290.3735637664795,True,21.828808760201333,6,0.0005859375
1010110010,17780,"[2, 1, 0, 3]",600,290.391206741333,False,21.828808760201333,6,0.0005859375
1010110010,17781,"[2, 1, 0, 3]",600,290.4047966003418,True,21.828808760201333,6,0.0005859375
1010110010,17782,"[2, 1, 0, 3]",600,290.4224395751953,False,21.828808760201333,6,0.0005859375
1010110010,17783,"[2, 1, 0, 3]",600,290.435791015625,True,21.828808760201333,6,0.0005859375
1010110010,17784,"[2, 1, 0, 3]",600,290.4536724090576,False,21.828808760201333,6,0.0005859375
1010110010,17785,"[2, 1, 0, 3]",600,290.4670238494873,True,21.828808760201333,6,0.0005859375
0111111000,17786,"[2, 1, 3, 0]",9300,290.4844284057617,False,31.726406043480253,6,0.0005859375
0111111000,17787,"[2, 1, 0, 3]",600,290.4982566833496,True,31.726406043480253,6,0.0005859375
0111111000,17788,"[2, 1, 3, 0]",9300,290.5163764953613,False,31.726406043480253,6,0.0005859375
0111111000,17789,"[2, 1, 0, 3]",600,290.5304431915283,True,31.726406043480253,6,0.0005859375
0111111000,17790,"[2, 1, 3, 0]",9300,290.54832458496094,False,31.726406043480253,6,0.0005859375
0111111000,17791,"[2, 1, 0, 3]",600,290.5619144439697,True,31.726406043480253,6,0.0005859375
0111111000,17792,"[2, 1, 3, 0]",9300,290.58146476745605,False,31.726406043480253,6,0.0005859375
0111111000,17793,"[2, 1, 0, 3]",600,290.59505462646484,True,31.726406043480253,6,0.0005859375
0111111000,17794,"[2, 1, 3, 0]",9300,290.61269760131836,False,31.726406043480253,6,0.0005859375
0111111000,17795,"[2, 1, 0, 3]",600,290.62604904174805,True,31.726406043480253,6,0.0005859375
0111111000,17796,"[2, 1, 3, 0]",9300,290.64369201660156,False,31.726406043480253,6,0.0005859375
0111111000,17797,"[2, 1, 0, 3]",600,290.65728187561035,True,31.726406043480253,6,0.0005859375
1111110111,17798,"[2, 1, 0, 3]",600,290.6768321990967,False,25.772163534040928,6,0.0005859375
1111110111,17799,"[2, 1, 0, 3]",600,290.69018363952637,True,25.772163534040928,6,0.0005859375
1111110111,17800,"[2, 1, 0, 3]",600,290.7078266143799,False,25.772163534040928,6,0.0005859375
1111110111,17801,"[2, 1, 0, 3]",600,290.72093963623047,True,25.772163534040928,6,0.0005859375
1111110111,17802,"[2, 1, 0, 3]",600,290.738582611084,False,25.772163534040928,6,0.0005859375
1111110111,17803,"[2, 1, 0, 3]",600,290.7519340515137,True,25.772163534040928,6,0.0005859375
1111110111,17804,"[2, 1, 0, 3]",600,290.7698154449463,False,25.772163534040928,6,0.0005859375
1111110111,17805,"[2, 1, 0, 3]",600,290.7834053039551,True,25.772163534040928,6,0.0005859375
1111110111,17806,"[2, 1, 0, 3]",600,290.8008098602295,False,25.772163534040928,6,0.0005859375
1111110111,17807,"[2, 1, 0, 3]",600,290.8141613006592,True,25.772163534040928,6,0.0005859375
1111110111,17808,"[2, 1, 0, 3]",600,290.8318042755127,False,25.772163534040928,6,0.0005859375
1111110111,17809,"[2, 1, 0, 3]",600,290.8453941345215,True,25.772163534040928,6,0.0005859375
0100111001,17810,"[2, 3, 0, 1]",6600,290.863037109375,False,15.410803419625623,6,0.0005859375
0100111001,17811,"[2, 3, 0, 1]",6600,290.8763885498047,True,15.410803419625623,6,0.0005859375
0100111001,17812,"[2, 3, 0, 1]",6600,290.8952236175537,False,15.410803419625623,6,0.0005859375
0100111001,17813,"[2, 3, 0, 1]",6600,290.9085750579834,True,15.410803419625623,6,0.0005859375
0100111001,17814,"[2, 3, 0, 1]",6600,290.9259796142578,False,15.410803419625623,6,0.0005859375
0100111001,17815,"[2, 3, 0, 1]",6600,290.9386157989502,True,15.410803419625623,6,0.0005859375
0100111001,17816,"[2, 3, 0, 1]",6600,290.9560203552246,False,15.410803419625623,6,0.0005859375
0100111001,17817,"[2, 3, 0, 1]",6600,290.968656539917,True,15.410803419625623,6,0.0005859375
0100111001,17818,"[2, 3, 0, 1]",6600,290.9862995147705,False,15.410803419625623,6,0.0005859375
0100111001,17819,"[2, 3, 0, 1]",6600,290.999174118042,True,15.410803419625623,6,0.0005859375
0100111001,17820,"[2, 3, 0, 1]",6600,291.0187244415283,False,15.410803419625623,6,0.0005859375
0100111001,17821,"[2, 3, 0, 1]",6600,291.0313606262207,True,15.410803419625623,6,0.0005859375
1001111100,17822,"[3, 2, 0, 1]",6600,291.048526763916,False,33.9104606942325,6,0.0005859375
1001111100,17823,"[3, 2, 0, 1]",6600,291.0614013671875,True,33.9104606942325,6,0.0005859375
1001111100,17824,"[3, 2, 0, 1]",6600,291.0788059234619,False,33.9104606942325,6,0.0005859375
1001111100,17825,"[3, 2, 0, 1]",6600,291.0916805267334,True,33.9104606942325,6,0.0005859375
1001111100,17826,"[3, 2, 0, 1]",6600,291.1090850830078,False,33.9104606942325,6,0.0005859375
1001111100,17827,"[3, 2, 0, 1]",6600,291.1217212677002,True,33.9104606942325,6,0.0005859375
1001111100,17828,"[3, 2, 0, 1]",6600,291.1391258239746,False,33.9104606942325,6,0.0005859375
1001111100,17829,"[3, 2, 0, 1]",6600,291.1522388458252,True,33.9104606942325,6,0.0005859375
1001111100,17830,"[3, 2, 0, 1]",6600,291.1696434020996,False,33.9104606942325,6,0.0005859375
1001111100,17831,"[3, 2, 0, 1]",6600,291.1827564239502,True,33.9104606942325,6,0.0005859375
1001111100,17832,"[3, 2, 0, 1]",6600,291.2001609802246,False,33.9104606942325,6,0.0005859375
1001111100,17833,"[3, 2, 0, 1]",6600,291.2130355834961,True,33.9104606942325,6,0.0005859375
1000111100,17834,"[3, 2, 0, 1]",6600,291.2304401397705,False,27.992551240783698,6,0.0005859375
1000111100,17835,"[3, 2, 0, 1]",6600,291.2430763244629,True,27.992551240783698,6,0.0005859375
1000111100,17836,"[3, 2, 0, 1]",6600,291.2764549255371,False,27.992551240783698,6,0.0005859375
1000111100,17837,"[3, 2, 0, 1]",6600,291.2898063659668,True,27.992551240783698,6,0.0005859375
1000111100,17838,"[3, 2, 0, 1]",6600,291.3076877593994,False,27.992551240783698,6,0.0005859375
1000111100,17839,"[3, 2, 0, 1]",6600,291.3212776184082,True,27.992551240783698,6,0.0005859375
1000111100,17840,"[3, 2, 0, 1]",6600,291.34130477905273,False,27.992551240783698,6,0.0005859375
1000111100,17841,"[3, 2, 0, 1]",6600,291.3544178009033,True,27.992551240783698,6,0.0005859375
1000111100,17842,"[3, 2, 0, 1]",6600,291.37325286865234,False,27.992551240783698,6,0.0005859375
1000111100,17843,"[3, 2, 0, 1]",6600,291.38636589050293,True,27.992551240783698,6,0.0005859375
1000111100,17844,"[3, 2, 0, 1]",6600,291.40472412109375,False,27.992551240783698,6,0.0005859375
1000111100,17845,"[3, 2, 0, 1]",6600,291.41783714294434,True,27.992551240783698,6,0.0005859375
1010100001,17846,"[2, 1, 0, 3]",600,291.43619537353516,False,43.09037222002324,6,0.0005859375
1010100001,17847,"[2, 1, 0, 3]",600,291.45002365112305,True,43.09037222002324,6,0.0005859375
1010100001,17848,"[2, 1, 0, 3]",600,291.46838188171387,False,43.09037222002324,6,0.0005859375
1010100001,17849,"[2, 1, 0, 3]",600,291.48197174072266,True,43.09037222002324,6,0.0005859375
1010100001,17850,"[2, 1, 0, 3]",600,291.5005683898926,False,43.09037222002324,6,0.0005859375
1010100001,17851,"[2, 1, 0, 3]",600,291.51391983032227,True,43.09037222002324,6,0.0005859375
1010100001,17852,"[2, 1, 0, 3]",600,291.5327548980713,False,43.09037222002324,6,0.0005859375
1010100001,17853,"[2, 1, 0, 3]",600,291.5468215942383,True,43.09037222002324,6,0.0005859375
1010100001,17854,"[2, 1, 0, 3]",600,291.5651798248291,False,43.09037222002324,6,0.0005859375
1010100001,17855,"[2, 1, 0, 3]",600,291.579008102417,True,43.09037222002324,6,0.0005859375
1010100001,17856,"[2, 1, 0, 3]",600,291.5973663330078,False,43.09037222002324,6,0.0005859375
1010100001,17857,"[2, 1, 0, 3]",600,291.6111946105957,True,43.09037222002324,6,0.0005859375
0010001100,17858,"[3, 1, 2, 0]",9450,291.6297912597656,False,19.221423844398668,6,0.0005859375
0010001100,17859,"[3, 1, 0, 2]",900,291.6436195373535,True,19.221423844398668,6,0.0005859375
0010001100,17860,"[3, 1, 2, 0]",9450,291.66412353515625,False,19.221423844398668,6,0.0005859375
0010001100,17861,"[3, 1, 0, 2]",900,291.67866706848145,True,19.221423844398668,6,0.0005859375
0010001100,17862,"[3, 1, 2, 0]",9450,291.6998863220215,False,19.221423844398668,6,0.0005859375
0010001100,17863,"[3, 1, 0, 2]",900,291.7139530181885,True,19.221423844398668,6,0.0005859375
0010001100,17864,"[3, 1, 2, 0]",9450,291.7323112487793,False,19.221423844398668,6,0.0005859375
0010001100,17865,"[3, 1, 0, 2]",900,291.7461395263672,True,19.221423844398668,6,0.0005859375
0010001100,17866,"[3, 1, 2, 0]",9450,291.7649745941162,False,19.221423844398668,6,0.0005859375
0010001100,17867,"[3, 1, 0, 2]",900,291.80264472961426,True,19.221423844398668,6,0.0005859375
0010001100,17868,"[3, 1, 2, 0]",9450,291.8217182159424,False,19.221423844398668,6,0.0005859375
0010001100,17869,"[3, 1, 0, 2]",900,291.8357849121094,True,19.221423844398668,6,0.0005859375
1001111011,17870,"[2, 3, 0, 1]",6600,291.86058044433594,False,21.900011571152795,6,0.0005859375
1001111011,17871,"[2, 3, 0, 1]",6600,291.89062118530273,True,21.900011571152795,6,0.0005859375
1001111011,17872,"[2, 3, 0, 1]",6600,291.90969467163086,False,21.900011571152795,6,0.0005859375
1001111011,17873,"[2, 3, 0, 1]",6600,291.92376136779785,True,21.900011571152795,6,0.0005859375
1001111011,17874,"[2, 3, 0, 1]",6600,291.9425964355469,False,21.900011571152795,6,0.0005859375
1001111011,17875,"[2, 3, 0, 1]",6600,291.95642471313477,True,21.900011571152795,6,0.0005859375
1001111011,17876,"[2, 3, 0, 1]",6600,291.9752597808838,False,21.900011571152795,6,0.0005859375
1001111011,17877,"[2, 3, 0, 1]",6600,291.9890880584717,True,21.900011571152795,6,0.0005859375
1001111011,17878,"[2, 3, 0, 1]",6600,292.0076847076416,False,21.900011571152795,6,0.0005859375
1001111011,17879,"[2, 3, 0, 1]",6600,292.0212745666504,True,21.900011571152795,6,0.0005859375
1001111011,17880,"[2, 3, 0, 1]",6600,292.0398712158203,False,21.900011571152795,6,0.0005859375
1001111011,17881,"[2, 3, 0, 1]",6600,292.0539379119873,True,21.900011571152795,6,0.0005859375
1100100010,17882,"[0, 2, 3, 1]",6200,292.07468032836914,False,14.69267904961742,6,0.0005859375
1100100010,17883,"[0, 1, 2, 3]",315,292.08970069885254,True,14.69267904961742,6,0.0005859375
1100100010,17884,"[0, 2, 3, 1]",6200,292.10877418518066,False,14.69267904961742,6,0.0005859375
1100100010,17885,"[0, 1, 2, 3]",315,292.12355613708496,True,14.69267904961742,6,0.0005859375
1100100010,17886,"[0, 2, 3, 1]",6200,292.1421527862549,False,14.69267904961742,6,0.0005859375
1100100010,17887,"[0, 1, 2, 3]",315,292.1566963195801,True,14.69267904961742,6,0.0005859375
1100100010,17888,"[0, 2, 3, 1]",6200,292.1757698059082,False,14.69267904961742,6,0.0005859375
1100100010,17889,"[0, 1, 2, 3]",315,292.1895980834961,True,14.69267904961742,6,0.0005859375
1100100010,17890,"[0, 2, 3, 1]",6200,292.208194732666,False,14.69267904961742,6,0.0005859375
1100100010,17891,"[0, 1, 2, 3]",315,292.2220230102539,True,14.69267904961742,6,0.0005859375
1100100010,17892,"[0, 2, 3, 1]",6200,292.24085807800293,False,14.69267904961742,6,0.0005859375
1100100010,17893,"[0, 1, 2, 3]",315,292.2546863555908,True,14.69267904961742,6,0.0005859375
1111001010,17894,"[1, 0, 3, 2]",465,292.27328300476074,False,17.774909810992618,6,0.0005859375
1111001010,17895,"[1, 0, 3, 2]",465,292.28806495666504,True,17.774909810992618,6,0.0005859375
1111001010,17896,"[1, 0, 3, 2]",465,292.30713844299316,False,17.774909810992618,6,0.0005859375
1111001010,17897,"[1, 0, 3, 2]",465,292.32096672058105,True,17.774909810992618,6,0.0005859375
1111001010,17898,"[1, 0, 3, 2]",465,292.3398017883301,False,17.774909810992618,6,0.0005859375
1111001010,17899,"[1, 0, 3, 2]",465,292.35339164733887,True,17.774909810992618,6,0.0005859375
1111001010,17900,"[1, 0, 3, 2]",465,292.372465133667,False,17.774909810992618,6,0.0005859375
1111001010,17901,"[1, 0, 3, 2]",465,292.3862934112549,True,17.774909810992618,6,0.0005859375
1111001010,17902,"[1, 0, 3, 2]",465,292.4051284790039,False,17.774909810992618,6,0.0005859375
1111001010,17903,"[1, 0, 3, 2]",465,292.4189567565918,True,17.774909810992618,6,0.0005859375
1111001010,17904,"[1, 0, 3, 2]",465,292.43993759155273,False,17.774909810992618,6,0.0005859375
1111001010,17905,"[1, 0, 3, 2]",465,292.4542427062988,True,17.774909810992618,6,0.0005859375
1111110000,17906,"[2, 1, 0, 3]",600,292.4833297729492,False,26.18074444004648,6,0.0005859375
1111110000,17907,"[2, 1, 0, 3]",600,292.4976348876953,True,26.18074444004648,6,0.0005859375
1111110000,17908,"[2, 1, 0, 3]",600,292.51623153686523,False,26.18074444004648,6,0.0005859375
1111110000,17909,"[2, 1, 0, 3]",600,292.5305366516113,True,26.18074444004648,6,0.0005859375
1111110000,17910,"[2, 1, 0, 3]",600,292.54961013793945,False,26.18074444004648,6,0.0005859375
1111110000,17911,"[2, 1, 0, 3]",600,292.56415367126465,True,26.18074444004648,6,0.0005859375
1111110000,17912,"[2, 1, 0, 3]",600,292.5848960876465,False,26.18074444004648,6,0.0005859375
1111110000,17913,"[2, 1, 0, 3]",600,292.5992012023926,True,26.18074444004648,6,0.0005859375
1111110000,17914,"[2, 1, 0, 3]",600,292.6175594329834,False,26.18074444004648,6,0.0005859375
1111110000,17915,"[2, 1, 0, 3]",600,292.6316261291504,True,26.18074444004648,6,0.0005859375
1111110000,17916,"[2, 1, 0, 3]",600,292.6502227783203,False,26.18074444004648,6,0.0005859375
1111110000,17917,"[2, 1, 0, 3]",600,292.6642894744873,True,26.18074444004648,6,0.0005859375
1100010111,17918,"[0, 3, 2, 1]",6300,292.6826477050781,False,13.718124370008205,6,0.0005859375
1100010111,17919,"[0, 1, 3, 2]",465,292.6967144012451,True,13.718124370008205,6,0.0005859375
1100010111,17920,"[0, 3, 2, 1]",6300,292.71507263183594,False,13.718124370008205,6,0.0005859375
1100010111,17921,"[0, 1, 3, 2]",465,292.72913932800293,True,13.718124370008205,6,0.0005859375
1100010111,17922,"[0, 3, 2, 1]",6300,292.74773597717285,False,13.718124370008205,6,0.0005859375
1100010111,17923,"[0, 1, 3, 2]",465,292.76204109191895,True,13.718124370008205,6,0.0005859375
1100010111,17924,"[0, 3, 2, 1]",6300,292.7827835083008,False,13.718124370008205,6,0.0005859375
1100010111,17925,"[0, 1, 3, 2]",465,292.7966117858887,True,13.718124370008205,6,0.0005859375
1100010111,17926,"[0, 3, 2, 1]",6300,292.8149700164795,False,13.718124370008205,6,0.0005859375
1100010111,17927,"[0, 1, 3, 2]",465,292.8285598754883,True,13.718124370008205,6,0.0005859375
1100010111,17928,"[0, 3, 2, 1]",6300,292.8469181060791,False,13.718124370008205,6,0.0005859375
1100010111,17929,"[0, 1, 3, 2]",465,292.8605079650879,True,13.718124370008205,6,0.0005859375
0101000000,17930,"[1, 0, 3, 2]",465,292.8791046142578,False,14.73537316773854,6,0.0005859375
0101000000,17931,"[1, 0, 3, 2]",465,292.8929328918457,True,14.73537316773854,6,0.0005859375
0101000000,17932,"[1, 0, 3, 2]",465,292.9112911224365,False,14.73537316773854,6,0.0005859375
0101000000,17933,"[1, 0, 3, 2]",465,292.9248809814453,True,14.73537316773854,6,0.0005859375
0101000000,17934,"[1, 0, 3, 2]",465,292.94300079345703,False,14.73537316773854,6,0.0005859375
0101000000,17935,"[1, 0, 3, 2]",465,292.9565906524658,True,14.73537316773854,6,0.0005859375
0101000000,17936,"[1, 0, 3, 2]",465,292.97494888305664,False,14.73537316773854,6,0.0005859375
0101000000,17937,"[1, 0, 3, 2]",465,292.98877716064453,True,14.73537316773854,6,0.0005859375
0101000000,17938,"[1, 0, 3, 2]",465,293.00737380981445,False,14.73537316773854,6,0.0005859375
0101000000,17939,"[1, 0, 3, 2]",465,293.02144050598145,True,14.73537316773854,6,0.0005859375
0101000000,17940,"[1, 0, 3, 2]",465,293.03979873657227,False,14.73537316773854,6,0.0005859375
0101000000,17941,"[1, 0, 3, 2]",465,293.05362701416016,True,14.73537316773854,6,0.0005859375
1001011110,17942,"[3, 0, 2, 1]",6300,293.08152198791504,False,21.817921024601603,6,0.0005859375
1001011110,17943,"[3, 0, 1, 2]",750,293.09535026550293,True,21.817921024601603,6,0.0005859375
1001011110,17944,"[3, 0, 2, 1]",6300,293.11347007751465,False,21.817921024601603,6,0.0005859375
1001011110,17945,"[3, 0, 1, 2]",750,293.12705993652344,True,21.817921024601603,6,0.0005859375
1001011110,17946,"[3, 0, 2, 1]",6300,293.14637184143066,False,21.817921024601603,6,0.0005859375
1001011110,17947,"[3, 0, 1, 2]",750,293.15996170043945,True,21.817921024601603,6,0.0005859375
1001011110,17948,"[3, 0, 2, 1]",6300,293.17784309387207,False,21.817921024601603,6,0.0005859375
1001011110,17949,"[3, 0, 1, 2]",750,293.19119453430176,True,21.817921024601603,6,0.0005859375
1001011110,17950,"[3, 0, 2, 1]",6300,293.2088375091553,False,21.817921024601603,6,0.0005859375
1001011110,17951,"[3, 0, 1, 2]",750,293.22195053100586,True,21.817921024601603,6,0.0005859375
1001011110,17952,"[3, 0, 2, 1]",6300,293.2398319244385,False,21.817921024601603,6,0.0005859375
1001011110,17953,"[3, 0, 1, 2]",750,293.25318336486816,True,21.817921024601603,6,0.0005859375
0111101010,17954,"[1, 3, 2, 0]",9450,293.2710647583008,False,23.4629219723169,6,0.0005859375
0111101010,17955,"[1, 0, 3, 2]",465,293.2853698730469,True,23.4629219723169,6,0.0005859375
0111101010,17956,"[1, 3, 2, 0]",9450,293.3030128479004,False,23.4629219723169,6,0.0005859375
0111101010,17957,"[1, 0, 3, 2]",465,293.3170795440674,True,23.4629219723169,6,0.0005859375
0111101010,17958,"[1, 3, 2, 0]",9450,293.3347225189209,False,23.4629219723169,6,0.0005859375
0111101010,17959,"[1, 0, 3, 2]",465,293.3485507965088,True,23.4629219723169,6,0.0005859375
0111101010,17960,"[1, 3, 2, 0]",9450,293.367862701416,False,23.4629219723169,6,0.0005859375
0111101010,17961,"[1, 0, 3, 2]",465,293.3824062347412,True,23.4629219723169,6,0.0005859375
0111101010,17962,"[1, 3, 2, 0]",9450,293.40124130249023,False,23.4629219723169,6,0.0005859375
0111101010,17963,"[1, 0, 3, 2]",465,293.4150695800781,True,23.4629219723169,6,0.0005859375
0111101010,17964,"[1, 3, 2, 0]",9450,293.43271255493164,False,23.4629219723169,6,0.0005859375
0111101010,17965,"[1, 0, 3, 2]",465,293.44677925109863,True,23.4629219723169,6,0.0005859375
1010110101,17966,"[2, 1, 0, 3]",600,293.46632957458496,False,27.25219408926415,6,0.0005859375
1010110101,17967,"[2, 1, 0, 3]",600,293.48039627075195,True,27.25219408926415,6,0.0005859375
1010110101,17968,"[2, 1, 0, 3]",600,293.49803924560547,False,27.25219408926415,6,0.0005859375
1010110101,17969,"[2, 1, 0, 3]",600,293.51162910461426,True,27.25219408926415,6,0.0005859375
1010110101,17970,"[2, 1, 0, 3]",600,293.5290336608887,False,27.25219408926415,6,0.0005859375
1010110101,17971,"[2, 1, 0, 3]",600,293.54262351989746,True,27.25219408926415,6,0.0005859375
1010110101,17972,"[2, 1, 0, 3]",600,293.5597896575928,False,27.25219408926415,6,0.0005859375
1010110101,17973,"[2, 1, 0, 3]",600,293.57314109802246,True,27.25219408926415,6,0.0005859375
1010110101,17974,"[2, 1, 0, 3]",600,293.5905456542969,False,27.25219408926415,6,0.0005859375
1010110101,17975,"[2, 1, 0, 3]",600,293.60365867614746,True,27.25219408926415,6,0.0005859375
1010110101,17976,"[2, 1, 0, 3]",600,293.621301651001,False,27.25219408926415,6,0.0005859375
1010110101,17977,"[2, 1, 0, 3]",600,293.63465309143066,True,27.25219408926415,6,0.0005859375
1001010100,17978,"[0, 3, 2, 1]",6300,293.6520576477051,False,20.636033823457012,6,0.0005859375
1001010100,17979,"[0, 1, 3, 2]",465,293.66564750671387,True,20.636033823457012,6,0.0005859375
1001010100,17980,"[0, 3, 2, 1]",6300,293.6835289001465,False,20.636033823457012,6,0.0005859375
1001010100,17981,"[0, 1, 3, 2]",465,293.6968803405762,True,20.636033823457012,6,0.0005859375
1001010100,17982,"[0, 3, 2, 1]",6300,293.7145233154297,False,20.636033823457012,6,0.0005859375
1001010100,17983,"[0, 1, 3, 2]",465,293.7278747558594,True,20.636033823457012,6,0.0005859375
1001010100,17984,"[0, 3, 2, 1]",6300,293.7452793121338,False,20.636033823457012,6,0.0005859375
1001010100,17985,"[0, 1, 3, 2]",465,293.7586307525635,True,20.636033823457012,6,0.0005859375
1001010100,17986,"[0, 3, 2, 1]",6300,293.7760353088379,False,20.636033823457012,6,0.0005859375
1001010100,17987,"[0, 1, 3, 2]",465,293.7891483306885,True,20.636033823457012,6,0.0005859375
1001010100,17988,"[0, 3, 2, 1]",6300,293.8082218170166,False,20.636033823457012,6,0.0005859375
1001010100,17989,"[0, 1, 3, 2]",465,293.8213348388672,True,20.636033823457012,6,0.0005859375
0000100000,17990,"[2, 3, 1, 0]",9600,293.8387393951416,False,23.692679049617418,6,0.0005859375
0000100000,17991,"[2, 3, 1, 0]",9600,293.8523292541504,True,23.692679049617418,6,0.0005859375
0000100000,17992,"[2, 3, 1, 0]",9600,293.8697338104248,False,23.692679049617418,6,0.0005859375
0000100000,17993,"[2, 3, 1, 0]",9600,293.8830852508545,True,23.692679049617418,6,0.0005859375
0000100000,17994,"[2, 3, 1, 0]",9600,293.9004898071289,False,23.692679049617418,6,0.0005859375
0000100000,17995,"[2, 3, 1, 0]",9600,293.9136028289795,True,23.692679049617418,6,0.0005859375
0000100000,17996,"[2, 3, 1, 0]",9600,293.9310073852539,False,23.692679049617418,6,0.0005859375
0000100000,17997,"[2, 3, 1, 0]",9600,293.9438819885254,True,23.692679049617418,6,0.0005859375
0000100000,17998,"[2, 3, 1, 0]",9600,293.9610481262207,False,23.692679049617418,6,0.0005859375
0000100000,17999,"[2, 3, 1, 0]",9600,293.9739227294922,True,23.692679049617418,6,0.0005859375
0000100000,18000,"[2, 3, 1, 0]",9600,293.9915657043457,False,23.692679049617418,6,0.0005859375
0000100000,18001,"[2, 3, 1, 0]",9600,294.0044403076172,True,23.692679049617418,6,0.0005859375
0111111111,18002,"[3, 2, 1, 0]",9600,294.0220832824707,False,30.363582628035374,6,0.0005859375
0111111111,18003,"[3, 2, 1, 0]",9600,294.0349578857422,True,30.363582628035374,6,0.0005859375
0111111111,18004,"[3, 2, 1, 0]",9600,294.0523624420166,False,30.363582628035374,6,0.0005859375
0111111111,18005,"[3, 2, 1, 0]",9600,294.0652370452881,True,30.363582628035374,6,0.0005859375
0111111111,18006,"[3, 2, 1, 0]",9600,294.0824031829834,False,30.363582628035374,6,0.0005859375
0111111111,18007,"[3, 2, 1, 0]",9600,294.0957546234131,True,30.363582628035374,6,0.0005859375
0111111111,18008,"[3, 2, 1, 0]",9600,294.1153049468994,False,30.363582628035374,6,0.0005859375
0111111111,18009,"[3, 2, 1, 0]",9600,294.1279411315918,True,30.363582628035374,6,0.0005859375
0111111111,18010,"[3, 2, 1, 0]",9600,294.1453456878662,False,30.363582628035374,6,0.0005859375
0111111111,18011,"[3, 2, 1, 0]",9600,294.1584587097168,True,30.363582628035374,6,0.0005859375
0111111111,18012,"[3, 2, 1, 0]",9600,294.1763401031494,False,30.363582628035374,6,0.0005859375
0111111111,18013,"[3, 2, 1, 0]",9600,294.1899299621582,True,30.363582628035374,6,0.0005859375
1111111111,18014,"[3, 2, 1, 0]",9600,294.20948028564453,False,41.272067646914024,6,0.0005859375
1111111111,18015,"[3, 2, 1, 0]",9600,294.2230701446533,True,41.272067646914024,6,0.0005859375
1111111111,18016,"[3, 2, 1, 0]",9600,294.24095153808594,False,41.272067646914024,6,0.0005859375
1111111111,18017,"[3, 2, 1, 0]",9600,294.2543029785156,True,41.272067646914024,6,0.0005859375
1111111111,18018,"[3, 2, 1, 0]",9600,294.27146911621094,False,41.272067646914024,6,0.0005859375
1111111111,18019,"[3, 2, 1, 0]",9600,294.2843437194824,True,41.272067646914024,6,0.0005859375
1111111111,18020,"[3, 2, 1, 0]",9600,294.30174827575684,False,41.272067646914024,6,0.0005859375
1111111111,18021,"[3, 2, 1, 0]",9600,294.3146228790283,True,41.272067646914024,6,0.0005859375
1111111111,18022,"[3, 2, 1, 0]",9600,294.33202743530273,False,41.272067646914024,6,0.0005859375
1111111111,18023,"[3, 2, 1, 0]",9600,294.3449020385742,True,41.272067646914024,6,0.0005859375
1111111111,18024,"[3, 2, 1, 0]",9600,294.36254501342773,False,41.272067646914024,6,0.0005859375
1111111111,18025,"[3, 2, 1, 0]",9600,294.3758964538574,True,41.272067646914024,6,0.0005859375
1001111000,18026,"[2, 3, 0, 1]",6600,294.39330101013184,False,28.41055658135941,6,0.0005859375
1001111000,18027,"[2, 3, 0, 1]",6600,294.4066524505615,True,28.41055658135941,6,0.0005859375
1001111000,18028,"[2, 3, 0, 1]",6600,294.42429542541504,False,28.41055658135941,6,0.0005859375
1001111000,18029,"[2, 3, 0, 1]",6600,294.4371700286865,True,28.41055658135941,6,0.0005859375
1001111000,18030,"[2, 3, 0, 1]",6600,294.45648193359375,False,28.41055658135941,6,0.0005859375
1001111000,18031,"[2, 3, 0, 1]",6600,294.46935653686523,True,28.41055658135941,6,0.0005859375
1001111000,18032,"[2, 3, 0, 1]",6600,294.48699951171875,False,28.41055658135941,6,0.0005859375
1001111000,18033,"[2, 3, 0, 1]",6600,294.49939727783203,True,28.41055658135941,6,0.0005859375
1001111000,18034,"[2, 3, 0, 1]",6600,294.51656341552734,False,28.41055658135941,6,0.0005859375
1001111000,18035,"[2, 3, 0, 1]",6600,294.5294380187988,True,28.41055658135941,6,0.0005859375
1001111000,18036,"[2, 3, 0, 1]",6600,294.54660415649414,False,28.41055658135941,6,0.0005859375
1001111000,18037,"[2, 3, 0, 1]",6600,294.5594787597656,True,28.41055658135941,6,0.0005859375
1010100101,18038,"[2, 1, 0, 3]",600,294.57712173461914,False,32.318016911728506,6,0.0005859375
1010100101,18039,"[2, 1, 0, 3]",600,294.59118843078613,True,32.318016911728506,6,0.0005859375
1010100101,18040,"[2, 1, 0, 3]",600,294.60883140563965,False,32.318016911728506,6,0.0005859375
1010100101,18041,"[2, 1, 0, 3]",600,294.62242126464844,True,32.318016911728506,6,0.0005859375
1010100101,18042,"[2, 1, 0, 3]",600,294.64006423950195,False,32.318016911728506,6,0.0005859375
1010100101,18043,"[2, 1, 0, 3]",600,294.65365409851074,True,32.318016911728506,6,0.0005859375
1010100101,18044,"[2, 1, 0, 3]",600,294.67129707336426,False,32.318016911728506,6,0.0005859375
1010100101,18045,"[2, 1, 0, 3]",600,294.68441009521484,True,32.318016911728506,6,0.0005859375
1010100101,18046,"[2, 1, 0, 3]",600,294.70181465148926,False,32.318016911728506,6,0.0005859375
1010100101,18047,"[2, 1, 0, 3]",600,294.71468925476074,True,32.318016911728506,6,0.0005859375
1010100101,18048,"[2, 1, 0, 3]",600,294.73257064819336,False,32.318016911728506,6,0.0005859375
1010100101,18049,"[2, 1, 0, 3]",600,294.74568367004395,True,32.318016911728506,6,0.0005859375
1110111110,18050,"[3, 2, 0, 1]",6600,294.7654724121094,False,39.91046069423251,6,0.0005859375
1110111110,18051,"[3, 2, 0, 1]",6600,294.77858543395996,True,39.91046069423251,6,0.0005859375
1110111110,18052,"[3, 2, 0, 1]",6600,294.7964668273926,False,39.91046069423251,6,0.0005859375
1110111110,18053,"[3, 2, 0, 1]",6600,294.80934143066406,True,39.91046069423251,6,0.0005859375
1110111110,18054,"[3, 2, 0, 1]",6600,294.8267459869385,False,39.91046069423251,6,0.0005859375
1110111110,18055,"[3, 2, 0, 1]",6600,294.83962059020996,True,39.91046069423251,6,0.0005859375
1110111110,18056,"[3, 2, 0, 1]",6600,294.8572635650635,False,39.91046069423251,6,0.0005859375
1110111110,18057,"[3, 2, 0, 1]",6600,294.86989974975586,True,39.91046069423251,6,0.0005859375
1110111110,18058,"[3, 2, 0, 1]",6600,294.8875427246094,False,39.91046069423251,6,0.0005859375
1110111110,18059,"[3, 2, 0, 1]",6600,294.90041732788086,True,39.91046069423251,6,0.0005859375
1110111110,18060,"[3, 2, 0, 1]",6600,294.9178218841553,False,39.91046069423251,6,0.0005859375
1110111110,18061,"[3, 2, 0, 1]",6600,294.93093490600586,True,39.91046069423251,6,0.0005859375
1111000001,18062,"[1, 0, 3, 2]",465,294.9492931365967,False,8.118563817365718,6,0.0005859375
1111000001,18063,"[1, 0, 3, 2]",465,294.9633598327637,True,8.118563817365718,6,0.0005859375
1111000001,18064,"[1, 0, 3, 2]",465,294.98291015625,False,8.118563817365718,6,0.0005859375
1111000001,18065,"[1, 0, 3, 2]",465,294.9967384338379,True,8.118563817365718,6,0.0005859375
1111000001,18066,"[1, 0, 3, 2]",465,295.0143814086914,False,8.118563817365718,6,0.0005859375
1111000001,18067,"[1, 0, 3, 2]",465,295.0279712677002,True,8.118563817365718,6,0.0005859375
1111000001,18068,"[1, 0, 3, 2]",465,295.0456142425537,False,8.118563817365718,6,0.0005859375
1111000001,18069,"[1, 0, 3, 2]",465,295.0592041015625,True,8.118563817365718,6,0.0005859375
1111000001,18070,"[1, 0, 3, 2]",465,295.0766086578369,False,8.118563817365718,6,0.0005859375
1111000001,18071,"[1, 0, 3, 2]",465,295.0897216796875,True,8.118563817365718,6,0.0005859375
1111000001,18072,"[1, 0, 3, 2]",465,295.11141777038574,False,8.118563817365718,6,0.0005859375
1111000001,18073,"[1, 0, 3, 2]",465,295.1245307922363,True,8.118563817365718,6,0.0005859375
1000010100,18074,"[0, 3, 2, 1]",6300,295.14193534851074,False,14.718124370008205,6,0.0005859375
1000010100,18075,"[0, 1, 3, 2]",465,295.15528678894043,True,14.718124370008205,6,0.0005859375
1000010100,18076,"[0, 3, 2, 1]",6300,295.17292976379395,False,14.718124370008205,6,0.0005859375
1000010100,18077,"[0, 1, 3, 2]",465,295.18604278564453,True,14.718124370008205,6,0.0005859375
1000010100,18078,"[0, 3, 2, 1]",6300,295.20368576049805,False,14.718124370008205,6,0.0005859375
1000010100,18079,"[0, 1, 3, 2]",465,295.21679878234863,True,14.718124370008205,6,0.0005859375
1000010100,18080,"[0, 3, 2, 1]",6300,295.23444175720215,False,14.718124370008205,6,0.0005859375
1000010100,18081,"[0, 1, 3, 2]",465,295.24755477905273,True,14.718124370008205,6,0.0005859375
1000010100,18082,"[0, 3, 2, 1]",6300,295.26472091674805,False,14.718124370008205,6,0.0005859375
1000010100,18083,"[0, 1, 3, 2]",465,295.27759552001953,True,14.718124370008205,6,0.0005859375
1000010100,18084,"[0, 3, 2, 1]",6300,295.29523849487305,False,14.718124370008205,6,0.0005859375
1000010100,18085,"[0, 1, 3, 2]",465,295.30787467956543,True,14.718124370008205,6,0.0005859375
0101011111,18086,"[3, 2, 1, 0]",9600,295.32551765441895,False,23.863678515162277,6,0.0005859375
0101011111,18087,"[3, 2, 1, 0]",9600,295.33886909484863,True,23.863678515162277,6,0.0005859375
0101011111,18088,"[3, 2, 1, 0]",9600,295.35698890686035,False,23.863678515162277,6,0.0005859375
0101011111,18089,"[3, 2, 1, 0]",9600,295.37034034729004,True,23.863678515162277,6,0.0005859375
0101011111,18090,"[3, 2, 1, 0]",9600,295.38774490356445,False,23.863678515162277,6,0.0005859375
0101011111,18091,"[3, 2, 1, 0]",9600,295.40157318115234,True,23.863678515162277,6,0.0005859375
0101011111,18092,"[3, 2, 1, 0]",9600,295.42088508605957,False,23.863678515162277,6,0.0005859375
0101011111,18093,"[3, 2, 1, 0]",9600,295.43447494506836,True,23.863678515162277,6,0.0005859375
0101011111,18094,"[3, 2, 1, 0]",9600,295.4516410827637,False,23.863678515162277,6,0.0005859375
0101011111,18095,"[3, 2, 1, 0]",9600,295.46475410461426,True,23.863678515162277,6,0.0005859375
0101011111,18096,"[3, 2, 1, 0]",9600,295.4826354980469,False,23.863678515162277,6,0.0005859375
0101011111,18097,"[3, 2, 1, 0]",9600,295.49527168273926,True,23.863678515162277,6,0.0005859375
0010011100,18098,"[3, 1, 2, 0]",9450,295.5126762390137,False,18.757661013262283,6,0.0005859375
0010011100,18099,"[3, 1, 0, 2]",900,295.52626609802246,True,18.757661013262283,6,0.0005859375
0010011100,18100,"[3, 1, 2, 0]",9450,295.543909072876,False,18.757661013262283,6,0.0005859375
0010011100,18101,"[3, 1, 0, 2]",900,295.55726051330566,True,18.757661013262283,6,0.0005859375
0010011100,18102,"[3, 1, 2, 0]",9450,295.5749034881592,False,18.757661013262283,6,0.0005859375
0010011100,18103,"[3, 1, 0, 2]",900,295.58825492858887,True,18.757661013262283,6,0.0005859375
0010011100,18104,"[3, 1, 2, 0]",9450,295.6058979034424,False,18.757661013262283,6,0.0005859375
0010011100,18105,"[3, 1, 0, 2]",900,295.61924934387207,True,18.757661013262283,6,0.0005859375
0010011100,18106,"[3, 1, 2, 0]",9450,295.6368923187256,False,18.757661013262283,6,0.0005859375
0010011100,18107,"[3, 1, 0, 2]",900,295.6502437591553,True,18.757661013262283,6,0.0005859375
0010011100,18108,"[3, 1, 2, 0]",9450,295.6678867340088,False,18.757661013262283,6,0.0005859375
0010011100,18109,"[3, 1, 0, 2]",900,295.6812381744385,True,18.757661013262283,6,0.0005859375
0010101110,18110,"[3, 2, 1, 0]",9600,295.6986427307129,False,26.909436005722952,6,0.0005859375
0010101110,18111,"[3, 2, 1, 0]",9600,295.7112789154053,True,26.909436005722952,6,0.0005859375
0010101110,18112,"[3, 2, 1, 0]",9600,295.7305908203125,False,26.909436005722952,6,0.0005859375
0010101110,18113,"[3, 2, 1, 0]",9600,295.7441806793213,True,26.909436005722952,6,0.0005859375
0010101110,18114,"[3, 2, 1, 0]",9600,295.7637310028076,False,26.909436005722952,6,0.0005859375
0010101110,18115,"[3, 2, 1, 0]",9600,295.7768440246582,True,26.909436005722952,6,0.0005859375
0010101110,18116,"[3, 2, 1, 0]",9600,295.7944869995117,False,26.909436005722952,6,0.0005859375
0010101110,18117,"[3, 2, 1, 0]",9600,295.8078384399414,True,26.909436005722952,6,0.0005859375
0010101110,18118,"[3, 2, 1, 0]",9600,295.8254814147949,False,26.909436005722952,6,0.0005859375
0010101110,18119,"[3, 2, 1, 0]",9600,295.8385944366455,True,26.909436005722952,6,0.0005859375
0010101110,18120,"[3, 2, 1, 0]",9600,295.86005210876465,False,26.909436005722952,6,0.0005859375
0010101110,18121,"[3, 2, 1, 0]",9600,295.87364196777344,True,26.909436005722952,6,0.0005859375
0100001011,18122,"[3, 0, 2, 1]",6300,295.89128494262695,False,18.227644691705265,6,0.0005859375
0100001011,18123,"[3, 0, 1, 2]",750,295.90559005737305,True,18.227644691705265,6,0.0005859375
0100001011,18124,"[3, 0, 2, 1]",6300,295.92370986938477,False,18.227644691705265,6,0.0005859375
0100001011,18125,"[3, 0, 1, 2]",750,295.93801498413086,True,18.227644691705265,6,0.0005859375
0100001011,18126,"[3, 0, 2, 1]",6300,295.9556579589844,False,18.227644691705265,6,0.0005859375
0100001011,18127,"[3, 0, 1, 2]",750,295.96924781799316,True,18.227644691705265,6,0.0005859375
0100001011,18128,"[3, 0, 2, 1]",6300,295.9887981414795,False,18.227644691705265,6,0.0005859375
0100001011,18129,"[3, 0, 1, 2]",750,296.0021495819092,True,18.227644691705265,6,0.0005859375
0100001011,18130,"[3, 0, 2, 1]",6300,296.0200309753418,False,18.227644691705265,6,0.0005859375
0100001011,18131,"[3, 0, 1, 2]",750,296.0333824157715,True,18.227644691705265,6,0.0005859375
0100001011,18132,"[3, 0, 2, 1]",6300,296.0512638092041,False,18.227644691705265,6,0.0005859375
0100001011,18133,"[3, 0, 1, 2]",750,296.0646152496338,True,18.227644691705265,6,0.0005859375
1111100110,18134,"[1, 0, 2, 3]",315,296.0844039916992,False,23.482091381388685,6,0.0005859375
1111100110,18135,"[1, 0, 2, 3]",315,296.097993850708,True,23.482091381388685,6,0.0005859375
1111100110,18136,"[1, 0, 2, 3]",315,296.1158752441406,False,23.482091381388685,6,0.0005859375
1111100110,18137,"[1, 0, 2, 3]",315,296.1292266845703,True,23.482091381388685,6,0.0005859375
1111100110,18138,"[1, 0, 2, 3]",315,296.1468696594238,False,23.482091381388685,6,0.0005859375
1111100110,18139,"[1, 0, 2, 3]",315,296.1599826812744,True,23.482091381388685,6,0.0005859375
1111100110,18140,"[1, 0, 2, 3]",315,296.17762565612793,False,23.482091381388685,6,0.0005859375
1111100110,18141,"[1, 0, 2, 3]",315,296.1909770965576,True,23.482091381388685,6,0.0005859375
1111100110,18142,"[1, 0, 2, 3]",315,296.20862007141113,False,23.482091381388685,6,0.0005859375
1111100110,18143,"[1, 0, 2, 3]",315,296.2219715118408,True,23.482091381388685,6,0.0005859375
1111100110,18144,"[1, 0, 2, 3]",315,296.23961448669434,False,23.482091381388685,6,0.0005859375
1111100110,18145,"[1, 0, 2, 3]",315,296.2527275085449,True,23.482091381388685,6,0.0005859375
1111000000,18146,"[1, 0, 3, 2]",465,296.27013206481934,False,11.470746335477081,6,0.0005859375
1111000000,18147,"[1, 0, 3, 2]",465,296.2837219238281,True,11.470746335477081,6,0.0005859375
1111000000,18148,"[1, 0, 3, 2]",465,296.30112648010254,False,11.470746335477081,6,0.0005859375
1111000000,18149,"[1, 0, 3, 2]",465,296.3144779205322,True,11.470746335477081,6,0.0005859375
1111000000,18150,"[1, 0, 3, 2]",465,296.33164405822754,False,11.470746335477081,6,0.0005859375
1111000000,18151,"[1, 0, 3, 2]",465,296.3449954986572,True,11.470746335477081,6,0.0005859375
1111000000,18152,"[1, 0, 3, 2]",465,296.36240005493164,False,11.470746335477081,6,0.0005859375
1111000000,18153,"[1, 0, 3, 2]",465,296.3757514953613,True,11.470746335477081,6,0.0005859375
1111000000,18154,"[1, 0, 3, 2]",465,296.39339447021484,False,11.470746335477081,6,0.0005859375
1111000000,18155,"[1, 0, 3, 2]",465,296.40674591064453,True,11.470746335477081,6,0.0005859375
1111000000,18156,"[1, 0, 3, 2]",465,296.42581939697266,False,11.470746335477081,6,0.0005859375
1111000000,18157,"[1, 0, 3, 2]",465,296.43917083740234,True,11.470746335477081,6,0.0005859375
1011011011,18158,"[1, 3, 0, 2]",900,296.45681381225586,False,19.22142384439867,6,0.0005859375
1011011011,18159,"[1, 0, 3, 2]",465,296.47016525268555,True,19.22142384439867,6,0.0005859375
1011011011,18160,"[1, 3, 0, 2]",900,296.48780822753906,False,19.22142384439867,6,0.0005859375
1011011011,18161,"[1, 0, 3, 2]",465,296.50115966796875,True,19.22142384439867,6,0.0005859375
1011011011,18162,"[1, 3, 0, 2]",900,296.51880264282227,False,19.22142384439867,6,0.0005859375
1011011011,18163,"[1, 0, 3, 2]",465,296.53263092041016,True,19.22142384439867,6,0.0005859375
1011011011,18164,"[1, 3, 0, 2]",900,296.5521812438965,False,19.22142384439867,6,0.0005859375
1011011011,18165,"[1, 0, 3, 2]",465,296.56529426574707,True,19.22142384439867,6,0.0005859375
1011011011,18166,"[1, 3, 0, 2]",900,296.5831756591797,False,19.22142384439867,6,0.0005859375
1011011011,18167,"[1, 0, 3, 2]",465,296.5962886810303,True,19.22142384439867,6,0.0005859375
1011011011,18168,"[1, 3, 0, 2]",900,296.6141700744629,False,19.22142384439867,6,0.0005859375
1011011011,18169,"[1, 0, 3, 2]",465,296.6275215148926,True,19.22142384439867,6,0.0005859375
1100001110,18170,"[3, 0, 2, 1]",6300,296.6456413269043,False,12.318016911728506,6,0.0005859375
1100001110,18171,"[3, 0, 1, 2]",750,296.6594696044922,True,12.318016911728506,6,0.0005859375
1100001110,18172,"[3, 0, 2, 1]",6300,296.6771125793457,False,12.318016911728506,6,0.0005859375
1100001110,18173,"[3, 0, 1, 2]",750,296.6909408569336,True,12.318016911728506,6,0.0005859375
1100001110,18174,"[3, 0, 2, 1]",6300,296.7088222503662,False,12.318016911728506,6,0.0005859375
1100001110,18175,"[3, 0, 1, 2]",750,296.722412109375,True,12.318016911728506,6,0.0005859375
1100001110,18176,"[3, 0, 2, 1]",6300,296.7419624328613,False,12.318016911728506,6,0.0005859375
1100001110,18177,"[3, 0, 1, 2]",750,296.7555522918701,True,12.318016911728506,6,0.0005859375
1100001110,18178,"[3, 0, 2, 1]",6300,296.77295684814453,False,12.318016911728506,6,0.0005859375
1100001110,18179,"[3, 0, 1, 2]",750,296.7863082885742,True,12.318016911728506,6,0.0005859375
1100001110,18180,"[3, 0, 2, 1]",6300,296.80395126342773,False,12.318016911728506,6,0.0005859375
1100001110,18181,"[3, 0, 1, 2]",750,296.8170642852783,True,12.318016911728506,6,0.0005859375
0100000010,18182,"[0, 3, 2, 1]",6300,296.83446884155273,False,22.0,6,0.0005859375
0100000010,18183,"[0, 1, 3, 2]",465,296.8478202819824,True,22.0,6,0.0005859375
0100000010,18184,"[0, 3, 2, 1]",6300,296.86570167541504,False,22.0,6,0.0005859375
0100000010,18185,"[0, 1, 3, 2]",465,296.8788146972656,True,22.0,6,0.0005859375
0100000010,18186,"[0, 3, 2, 1]",6300,296.89645767211914,False,22.0,6,0.0005859375
0100000010,18187,"[0, 1, 3, 2]",465,296.9093322753906,True,22.0,6,0.0005859375
0100000010,18188,"[0, 3, 2, 1]",6300,296.92697525024414,False,22.0,6,0.0005859375
0100000010,18189,"[0, 1, 3, 2]",465,296.94151878356934,True,22.0,6,0.0005859375
0100000010,18190,"[0, 3, 2, 1]",6300,296.95916175842285,False,22.0,6,0.0005859375
0100000010,18191,"[0, 1, 3, 2]",465,296.97203636169434,True,22.0,6,0.0005859375
0100000010,18192,"[0, 3, 2, 1]",6300,296.98944091796875,False,22.0,6,0.0005859375
0100000010,18193,"[0, 1, 3, 2]",465,297.00231552124023,True,22.0,6,0.0005859375
0111001100,18194,"[3, 1, 0, 2]",900,297.02043533325195,False,20.385498314058843,6,0.0005859375
0111001100,18195,"[3, 1, 0, 2]",900,297.03378677368164,True,20.385498314058843,6,0.0005859375
0111001100,18196,"[3, 1, 0, 2]",900,297.05190658569336,False,20.385498314058843,6,0.0005859375
0111001100,18197,"[3, 1, 0, 2]",900,297.06549644470215,True,20.385498314058843,6,0.0005859375
0111001100,18198,"[3, 1, 0, 2]",900,297.0845699310303,False,20.385498314058843,6,0.0005859375
0111001100,18199,"[3, 1, 0, 2]",900,297.09839820861816,True,20.385498314058843,6,0.0005859375
0111001100,18200,"[3, 1, 0, 2]",900,297.1162796020508,False,20.385498314058843,6,0.0005859375
0111001100,18201,"[3, 1, 0, 2]",900,297.12986946105957,True,20.385498314058843,6,0.0005859375
0111001100,18202,"[3, 1, 0, 2]",900,297.147274017334,False,20.385498314058843,6,0.0005859375
0111001100,18203,"[3, 1, 0, 2]",900,297.1608638763428,True,20.385498314058843,6,0.0005859375
0111001100,18204,"[3, 1, 0, 2]",900,297.1782684326172,False,20.385498314058843,6,0.0005859375
0111001100,18205,"[3, 1, 0, 2]",900,297.1916198730469,True,20.385498314058843,6,0.0005859375
0111000010,18206,"[1, 0, 3, 2]",465,297.2090244293213,False,10.766381299254355,6,0.0005859375
0111000010,18207,"[1, 0, 3, 2]",465,297.2228527069092,True,10.766381299254355,6,0.0005859375
0111000010,18208,"[1, 0, 3, 2]",465,297.2402572631836,False,10.766381299254355,6,0.0005859375
0111000010,18209,"[1, 0, 3, 2]",465,297.2538471221924,True,10.766381299254355,6,0.0005859375
0111000010,18210,"[1, 0, 3, 2]",465,297.2712516784668,False,10.766381299254355,6,0.0005859375
0111000010,18211,"[1, 0, 3, 2]",465,297.2843647003174,True,10.766381299254355,6,0.0005859375
0111000010,18212,"[1, 0, 3, 2]",465,297.3020076751709,False,10.766381299254355,6,0.0005859375
0111000010,18213,"[1, 0, 3, 2]",465,297.3151206970215,True,10.766381299254355,6,0.0005859375
0111000010,18214,"[1, 0, 3, 2]",465,297.3346710205078,False,10.766381299254355,6,0.0005859375
0111000010,18215,"[1, 0, 3, 2]",465,297.37138748168945,True,10.766381299254355,6,0.0005859375
0111000010,18216,"[1, 0, 3, 2]",465,297.3895072937012,False,10.766381299254355,6,0.0005859375
0111000010,18217,"[1, 0, 3, 2]",465,297.40357398986816,True,10.766381299254355,6,0.0005859375
0011000101,18218,"[1, 3, 2, 0]",9450,297.4226474761963,False,10.116302265330567,6,0.0005859375
0011000101,18219,"[1, 0, 3, 2]",465,297.4364757537842,True,10.116302265330567,6,0.0005859375
0011000101,18220,"[1, 3, 2, 0]",9450,297.4538803100586,False,10.116302265330567,6,0.0005859375
0011000101,18221,"[1, 0, 3, 2]",465,297.4672317504883,True,10.116302265330567,6,0.0005859375
0011000101,18222,"[1, 3, 2, 0]",9450,297.4848747253418,False,10.116302265330567,6,0.0005859375
0011000101,18223,"[1, 0, 3, 2]",465,297.4979877471924,True,10.116302265330567,6,0.0005859375
0011000101,18224,"[1, 3, 2, 0]",9450,297.515869140625,False,10.116302265330567,6,0.0005859375
0011000101,18225,"[1, 0, 3, 2]",465,297.5287437438965,True,10.116302265330567,6,0.0005859375
0011000101,18226,"[1, 3, 2, 0]",9450,297.54638671875,False,10.116302265330567,6,0.0005859375
0011000101,18227,"[1, 0, 3, 2]",465,297.5597381591797,True,10.116302265330567,6,0.0005859375
0011000101,18228,"[1, 3, 2, 0]",9450,297.5773811340332,False,10.116302265330567,6,0.0005859375
0011000101,18229,"[1, 0, 3, 2]",465,297.5907325744629,True,10.116302265330567,6,0.0005859375
1110101110,18230,"[3, 0, 2, 1]",6300,297.6083755493164,False,35.77216353404093,6,0.0005859375
1110101110,18231,"[3, 0, 1, 2]",750,297.6226806640625,True,35.77216353404093,6,0.0005859375
1110101110,18232,"[3, 0, 2, 1]",6300,297.640323638916,False,35.77216353404093,6,0.0005859375
1110101110,18233,"[3, 0, 1, 2]",750,297.6536750793457,True,35.77216353404093,6,0.0005859375
1110101110,18234,"[3, 0, 2, 1]",6300,297.6713180541992,False,35.77216353404093,6,0.0005859375
1110101110,18235,"[3, 0, 1, 2]",750,297.6846694946289,True,35.77216353404093,6,0.0005859375
1110101110,18236,"[3, 0, 2, 1]",6300,297.7025508880615,False,35.77216353404093,6,0.0005859375
1110101110,18237,"[3, 0, 1, 2]",750,297.7156639099121,True,35.77216353404093,6,0.0005859375
1110101110,18238,"[3, 0, 2, 1]",6300,297.7335453033447,False,35.77216353404093,6,0.0005859375
1110101110,18239,"[3, 0, 1, 2]",750,297.7466583251953,True,35.77216353404093,6,0.0005859375
1110101110,18240,"[3, 0, 2, 1]",6300,297.76597023010254,False,35.77216353404093,6,0.0005859375
1110101110,18241,"[3, 0, 1, 2]",750,297.7790832519531,True,35.77216353404093,6,0.0005859375
1110000001,18242,"[0, 1, 3, 2]",465,297.79672622680664,False,16.73537316773854,6,0.0005859375
1110000001,18243,"[0, 1, 3, 2]",465,297.81055450439453,True,16.73537316773854,6,0.0005859375
1110000001,18244,"[0, 1, 3, 2]",465,297.82819747924805,False,16.73537316773854,6,0.0005859375
1110000001,18245,"[0, 1, 3, 2]",465,297.84131050109863,True,16.73537316773854,6,0.0005859375
1110000001,18246,"[0, 1, 3, 2]",465,297.85871505737305,False,16.73537316773854,6,0.0005859375
1110000001,18247,"[0, 1, 3, 2]",465,297.87182807922363,True,16.73537316773854,6,0.0005859375
1110000001,18248,"[0, 1, 3, 2]",465,297.88899421691895,False,16.73537316773854,6,0.0005859375
1110000001,18249,"[0, 1, 3, 2]",465,297.9016304016113,True,16.73537316773854,6,0.0005859375
1110000001,18250,"[0, 1, 3, 2]",465,297.91879653930664,False,16.73537316773854,6,0.0005859375
1110000001,18251,"[0, 1, 3, 2]",465,297.9316711425781,True,16.73537316773854,6,0.0005859375
1110000001,18252,"[0, 1, 3, 2]",465,297.94907569885254,False,16.73537316773854,6,0.0005859375
1110000001,18253,"[0, 1, 3, 2]",465,297.961950302124,True,16.73537316773854,6,0.0005859375
1010011111,18254,"[3, 1, 0, 2]",900,297.97959327697754,False,22.20135851249499,6,0.0005859375
1010011111,18255,"[3, 1, 0, 2]",900,297.9931831359863,True,22.20135851249499,6,0.0005859375
1010011111,18256,"[3, 1, 0, 2]",900,298.01082611083984,False,22.20135851249499,6,0.0005859375
1010011111,18257,"[3, 1, 0, 2]",900,298.02417755126953,True,22.20135851249499,6,0.0005859375
1010011111,18258,"[3, 1, 0, 2]",900,298.04182052612305,False,22.20135851249499,6,0.0005859375
1010011111,18259,"[3, 1, 0, 2]",900,298.05541038513184,True,22.20135851249499,6,0.0005859375
1010011111,18260,"[3, 1, 0, 2]",900,298.07519912719727,False,22.20135851249499,6,0.0005859375
1010011111,18261,"[3, 1, 0, 2]",900,298.08855056762695,True,22.20135851249499,6,0.0005859375
1010011111,18262,"[3, 1, 0, 2]",900,298.10619354248047,False,22.20135851249499,6,0.0005859375
1010011111,18263,"[3, 1, 0, 2]",900,298.12002182006836,True,22.20135851249499,6,0.0005859375
1010011111,18264,"[3, 1, 0, 2]",900,298.1383800506592,False,22.20135851249499,6,0.0005859375
1010011111,18265,"[3, 1, 0, 2]",900,298.15173149108887,True,22.20135851249499,6,0.0005859375
0001110000,18266,"[2, 1, 3, 0]",9300,298.1724739074707,False,11.828808760201335,6,0.0005859375
0001110000,18267,"[2, 1, 0, 3]",600,298.1858253479004,True,11.828808760201335,6,0.0005859375
0001110000,18268,"[2, 1, 3, 0]",9300,298.203706741333,False,11.828808760201335,6,0.0005859375
0001110000,18269,"[2, 1, 0, 3]",600,298.2170581817627,True,11.828808760201335,6,0.0005859375
0001110000,18270,"[2, 1, 3, 0]",9300,298.2349395751953,False,11.828808760201335,6,0.0005859375
0001110000,18271,"[2, 1, 0, 3]",600,298.248291015625,True,11.828808760201335,6,0.0005859375
0001110000,18272,"[2, 1, 3, 0]",9300,298.2659339904785,False,11.828808760201335,6,0.0005859375
0001110000,18273,"[2, 1, 0, 3]",600,298.2792854309082,True,11.828808760201335,6,0.0005859375
0001110000,18274,"[2, 1, 3, 0]",9300,298.2969284057617,False,11.828808760201335,6,0.0005859375
0001110000,18275,"[2, 1, 0, 3]",600,298.3102798461914,True,11.828808760201335,6,0.0005859375
0001110000,18276,"[2, 1, 3, 0]",9300,298.3279228210449,False,11.828808760201335,6,0.0005859375
0001110000,18277,"[2, 1, 0, 3]",600,298.3410358428955,True,11.828808760201335,6,0.0005859375
1100000111,18278,"[0, 3, 2, 1]",6300,298.358678817749,False,10.18188720114459,6,0.0005859375
1100000111,18279,"[0, 1, 3, 2]",465,298.3720302581787,True,10.18188720114459,6,0.0005859375
1100000111,18280,"[0, 3, 2, 1]",6300,298.3896732330322,False,10.18188720114459,6,0.0005859375
1100000111,18281,"[0, 1, 3, 2]",465,298.4030246734619,True,10.18188720114459,6,0.0005859375
1100000111,18282,"[0, 3, 2, 1]",6300,298.42233657836914,False,10.18188720114459,6,0.0005859375
1100000111,18283,"[0, 1, 3, 2]",465,298.4356880187988,True,10.18188720114459,6,0.0005859375
1100000111,18284,"[0, 3, 2, 1]",6300,298.45333099365234,False,10.18188720114459,6,0.0005859375
1100000111,18285,"[0, 1, 3, 2]",465,298.46668243408203,True,10.18188720114459,6,0.0005859375
1100000111,18286,"[0, 3, 2, 1]",6300,298.48408699035645,False,10.18188720114459,6,0.0005859375
1100000111,18287,"[0, 1, 3, 2]",465,298.49743843078613,True,10.18188720114459,6,0.0005859375
1100000111,18288,"[0, 3, 2, 1]",6300,298.51484298706055,False,10.18188720114459,6,0.0005859375
1100000111,18289,"[0, 1, 3, 2]",465,298.52819442749023,True,10.18188720114459,6,0.0005859375
1011010001,18290,"[1, 0, 2, 3]",315,298.54536056518555,False,12.917260368883131,6,0.0005859375
1011010001,18291,"[1, 0, 2, 3]",315,298.55895042419434,True,12.917260368883131,6,0.0005859375
1011010001,18292,"[1, 0, 2, 3]",315,298.57659339904785,False,12.917260368883131,6,0.0005859375
1011010001,18293,"[1, 0, 2, 3]",315,298.59018325805664,True,12.917260368883131,6,0.0005859375
1011010001,18294,"[1, 0, 2, 3]",315,298.60782623291016,False,12.917260368883131,6,0.0005859375
1011010001,18295,"[1, 0, 2, 3]",315,298.62093925476074,True,12.917260368883131,6,0.0005859375
1011010001,18296,"[1, 0, 2, 3]",315,298.64001274108887,False,12.917260368883131,6,0.0005859375
1011010001,18297,"[1, 0, 2, 3]",315,298.65312576293945,True,12.917260368883131,6,0.0005859375
1011010001,18298,"[1, 0, 2, 3]",315,298.67053031921387,False,12.917260368883131,6,0.0005859375
1011010001,18299,"[1, 0, 2, 3]",315,298.68364334106445,True,12.917260368883131,6,0.0005859375
1011010001,18300,"[1, 0, 2, 3]",315,298.70128631591797,False,12.917260368883131,6,0.0005859375
1011010001,18301,"[1, 0, 2, 3]",315,298.71487617492676,True,12.917260368883131,6,0.0005859375
1111010010,18302,"[1, 0, 2, 3]",315,298.7339496612549,False,13.473562869650422,6,0.0005859375
1111010010,18303,"[1, 0, 2, 3]",315,298.74730110168457,True,13.473562869650422,6,0.0005859375
1111010010,18304,"[1, 0, 2, 3]",315,298.764705657959,False,13.473562869650422,6,0.0005859375
1111010010,18305,"[1, 0, 2, 3]",315,298.77781867980957,True,13.473562869650422,6,0.0005859375
1111010010,18306,"[1, 0, 2, 3]",315,298.7949848175049,False,13.473562869650422,6,0.0005859375
1111010010,18307,"[1, 0, 2, 3]",315,298.80785942077637,True,13.473562869650422,6,0.0005859375
1111010010,18308,"[1, 0, 2, 3]",315,298.8252639770508,False,13.473562869650422,6,0.0005859375
1111010010,18309,"[1, 0, 2, 3]",315,298.83861541748047,True,13.473562869650422,6,0.0005859375
1111010010,18310,"[1, 0, 2, 3]",315,298.8557815551758,False,13.473562869650422,6,0.0005859375
1111010010,18311,"[1, 0, 2, 3]",315,298.86913299560547,True,13.473562869650422,6,0.0005859375
1111010010,18312,"[1, 0, 2, 3]",315,298.886775970459,False,13.473562869650422,6,0.0005859375
1111010010,18313,"[1, 0, 2, 3]",315,298.9003658294678,True,13.473562869650422,6,0.0005859375
1100110101,18314,"[2, 0, 3, 1]",6200,298.9182472229004,False,15.012863410953585,6,0.0005859375
1100110101,18315,"[2, 0, 1, 3]",500,298.9325523376465,True,15.012863410953585,6,0.0005859375
1100110101,18316,"[2, 0, 3, 1]",6200,298.9523410797119,False,15.012863410953585,6,0.0005859375
1100110101,18317,"[2, 0, 1, 3]",500,298.9661693572998,True,15.012863410953585,6,0.0005859375
1100110101,18318,"[2, 0, 3, 1]",6200,298.9840507507324,False,15.012863410953585,6,0.0005859375
1100110101,18319,"[2, 0, 1, 3]",500,298.9974021911621,True,15.012863410953585,6,0.0005859375
1100110101,18320,"[2, 0, 3, 1]",6200,299.0152835845947,False,15.012863410953585,6,0.0005859375
1100110101,18321,"[2, 0, 1, 3]",500,299.0286350250244,True,15.012863410953585,6,0.0005859375
1100110101,18322,"[2, 0, 3, 1]",6200,299.0460395812988,False,15.012863410953585,6,0.0005859375
1100110101,18323,"[2, 0, 1, 3]",500,299.0593910217285,True,15.012863410953585,6,0.0005859375
1100110101,18324,"[2, 0, 3, 1]",6200,299.07917976379395,False,15.012863410953585,6,0.0005859375
1100110101,18325,"[2, 0, 1, 3]",500,299.09205436706543,True,15.012863410953585,6,0.0005859375
0010101000,18326,"[3, 2, 1, 0]",9600,299.11041259765625,False,41.63603382345701,6,0.0005859375
0010101000,18327,"[3, 2, 1, 0]",9600,299.12376403808594,True,41.63603382345701,6,0.0005859375
0010101000,18328,"[3, 2, 1, 0]",9600,299.14164543151855,False,41.63603382345701,6,0.0005859375
0010101000,18329,"[3, 2, 1, 0]",9600,299.15452003479004,True,41.63603382345701,6,0.0005859375
0010101000,18330,"[3, 2, 1, 0]",9600,299.17192459106445,False,41.63603382345701,6,0.0005859375
0010101000,18331,"[3, 2, 1, 0]",9600,299.18479919433594,True,41.63603382345701,6,0.0005859375
0010101000,18332,"[3, 2, 1, 0]",9600,299.20220375061035,False,41.63603382345701,6,0.0005859375
0010101000,18333,"[3, 2, 1, 0]",9600,299.21460151672363,True,41.63603382345701,6,0.0005859375
0010101000,18334,"[3, 2, 1, 0]",9600,299.23200607299805,False,41.63603382345701,6,0.0005859375
0010101000,18335,"[3, 2, 1, 0]",9600,299.2444038391113,True,41.63603382345701,6,0.0005859375
0010101000,18336,"[3, 2, 1, 0]",9600,299.26204681396484,False,41.63603382345701,6,0.0005859375
0010101000,18337,"[3, 2, 1, 0]",9600,299.2746829986572,True,41.63603382345701,6,0.0005859375
1010101001,18338,"[3, 2, 1, 0]",9600,299.29208755493164,False,63.54451884233566,6,0.0005859375
1010101001,18339,"[3, 2, 1, 0]",9600,299.3052005767822,True,63.54451884233566,6,0.0005859375
1010101001,18340,"[3, 2, 1, 0]",9600,299.32260513305664,False,63.54451884233566,6,0.0005859375
1010101001,18341,"[3, 2, 1, 0]",9600,299.3359565734863,True,63.54451884233566,6,0.0005859375
1010101001,18342,"[3, 2, 1, 0]",9600,299.35336112976074,False,63.54451884233566,6,0.0005859375
1010101001,18343,"[3, 2, 1, 0]",9600,299.3662357330322,True,63.54451884233566,6,0.0005859375
1010101001,18344,"[3, 2, 1, 0]",9600,299.38578605651855,False,63.54451884233566,6,0.0005859375
1010101001,18345,"[3, 2, 1, 0]",9600,299.39889907836914,True,63.54451884233566,6,0.0005859375
1010101001,18346,"[3, 2, 1, 0]",9600,299.41606521606445,False,63.54451884233566,6,0.0005859375
1010101001,18347,"[3, 2, 1, 0]",9600,299.42893981933594,True,63.54451884233566,6,0.0005859375
1010101001,18348,"[3, 2, 1, 0]",9600,299.44610595703125,False,63.54451884233566,6,0.0005859375
1010101001,18349,"[3, 2, 1, 0]",9600,299.45898056030273,True,63.54451884233566,6,0.0005859375
0111000001,18350,"[1, 0, 3, 2]",465,299.47686195373535,False,6.7663812992543555,6,0.0005859375
0111000001,18351,"[1, 0, 3, 2]",465,299.49021339416504,True,6.7663812992543555,6,0.0005859375
0111000001,18352,"[1, 0, 3, 2]",465,299.50809478759766,False,6.7663812992543555,6,0.0005859375
0111000001,18353,"[1, 0, 3, 2]",465,299.52168464660645,True,6.7663812992543555,6,0.0005859375
0111000001,18354,"[1, 0, 3, 2]",465,299.53908920288086,False,6.7663812992543555,6,0.0005859375
0111000001,18355,"[1, 0, 3, 2]",465,299.55244064331055,True,6.7663812992543555,6,0.0005859375
0111000001,18356,"[1, 0, 3, 2]",465,299.56984519958496,False,6.7663812992543555,6,0.0005859375
0111000001,18357,"[1, 0, 3, 2]",465,299.58295822143555,True,6.7663812992543555,6,0.0005859375
0111000001,18358,"[1, 0, 3, 2]",465,299.60012435913086,False,6.7663812992543555,6,0.0005859375
0111000001,18359,"[1, 0, 3, 2]",465,299.61299896240234,True,6.7663812992543555,6,0.0005859375
0111000001,18360,"[1, 0, 3, 2]",465,299.63040351867676,False,6.7663812992543555,6,0.0005859375
0111000001,18361,"[1, 0, 3, 2]",465,299.64303970336914,True,6.7663812992543555,6,0.0005859375
0001000001,18362,"[1, 3, 2, 0]",9450,299.66044425964355,False,18.031008131515815,6,0.0005859375
0001000001,18363,"[1, 0, 3, 2]",465,299.67379570007324,True,18.031008131515815,6,0.0005859375
0001000001,18364,"[1, 3, 2, 0]",9450,299.6935844421387,False,18.031008131515815,6,0.0005859375
0001000001,18365,"[1, 0, 3, 2]",465,299.70788955688477,True,18.031008131515815,6,0.0005859375
0001000001,18366,"[1, 3, 2, 0]",9450,299.7410297393799,False,18.031008131515815,6,0.0005859375
0001000001,18367,"[1, 0, 3, 2]",465,299.7550964355469,True,18.031008131515815,6,0.0005859375
0001000001,18368,"[1, 3, 2, 0]",9450,299.78370666503906,False,18.031008131515815,6,0.0005859375
0001000001,18369,"[1, 0, 3, 2]",465,299.79729652404785,True,18.031008131515815,6,0.0005859375
0001000001,18370,"[1, 3, 2, 0]",9450,299.82542991638184,False,18.031008131515815,6,0.0005859375
0001000001,18371,"[1, 0, 3, 2]",465,299.8392581939697,True,18.031008131515815,6,0.0005859375
0001000001,18372,"[1, 3, 2, 0]",9450,299.87120628356934,False,18.031008131515815,6,0.0005859375
0001000001,18373,"[1, 0, 3, 2]",465,299.8852729797363,True,18.031008131515815,6,0.0005859375
0101101011,18374,"[3, 2, 1, 0]",9600,299.9131679534912,False,14.545012518868091,6,0.0005859375
0101101011,18375,"[3, 2, 1, 0]",9600,299.9272346496582,True,14.545012518868091,6,0.0005859375
0101101011,18376,"[3, 2, 1, 0]",9600,299.9551296234131,False,14.545012518868091,6,0.0005859375
0101101011,18377,"[3, 2, 1, 0]",9600,299.9687194824219,True,14.545012518868091,6,0.0005859375
0101101011,18378,"[3, 2, 1, 0]",9600,299.99637603759766,False,14.545012518868091,6,0.0005859375
0101101011,18379,"[3, 2, 1, 0]",9600,300.00996589660645,True,14.545012518868091,6,0.0005859375
0101101011,18380,"[3, 2, 1, 0]",9600,300.0378608703613,False,14.545012518868091,6,0.0005859375
0101101011,18381,"[3, 2, 1, 0]",9600,300.0514507293701,True,14.545012518868091,6,0.0005859375
0101101011,18382,"[3, 2, 1, 0]",9600,300.079345703125,False,14.545012518868091,6,0.0005859375
0101101011,18383,"[3, 2, 1, 0]",9600,300.0929355621338,True,14.545012518868091,6,0.0005859375
0101101011,18384,"[3, 2, 1, 0]",9600,300.1375198364258,False,14.545012518868091,6,0.0005859375
0101101011,18385,"[3, 2, 1, 0]",9600,300.1675605773926,True,14.545012518868091,6,0.0005859375
1001011100,18386,"[3, 0, 2, 1]",6300,300.1904487609863,False,23.772163534040928,5,0.00048828125
1001011100,18387,"[3, 0, 1, 2]",750,300.2049922943115,True,23.772163534040928,5,0.00048828125
1001011100,18388,"[3, 0, 2, 1]",6300,300.22406578063965,False,23.772163534040928,5,0.00048828125
1001011100,18389,"[3, 0, 1, 2]",750,300.23789405822754,True,23.772163534040928,5,0.00048828125
1001011100,18390,"[3, 0, 2, 1]",6300,300.25696754455566,False,23.772163534040928,5,0.00048828125
1001011100,18391,"[3, 0, 1, 2]",750,300.27079582214355,True,23.772163534040928,5,0.00048828125
1001011100,18392,"[3, 0, 2, 1]",6300,300.2896308898926,False,23.772163534040928,5,0.00048828125
1001011100,18393,"[3, 0, 1, 2]",750,300.3039360046387,True,23.772163534040928,5,0.00048828125
1001011100,18394,"[3, 0, 2, 1]",6300,300.3225326538086,False,23.772163534040928,5,0.00048828125
1001011100,18395,"[3, 0, 1, 2]",750,300.3365993499756,True,23.772163534040928,5,0.00048828125
1010111101,18396,"[3, 2, 1, 0]",9600,300.3554344177246,False,45.70634071157657,5,0.00048828125
1010111101,18397,"[3, 2, 1, 0]",9600,300.3695011138916,True,45.70634071157657,5,0.00048828125
1010111101,18398,"[3, 2, 1, 0]",9600,300.3883361816406,False,45.70634071157657,5,0.00048828125
1010111101,18399,"[3, 2, 1, 0]",9600,300.4021644592285,True,45.70634071157657,5,0.00048828125
1010111101,18400,"[3, 2, 1, 0]",9600,300.42052268981934,False,45.70634071157657,5,0.00048828125
1010111101,18401,"[3, 2, 1, 0]",9600,300.4345893859863,True,45.70634071157657,5,0.00048828125
1010111101,18402,"[3, 2, 1, 0]",9600,300.45270919799805,False,45.70634071157657,5,0.00048828125
1010111101,18403,"[3, 2, 1, 0]",9600,300.46653747558594,True,45.70634071157657,5,0.00048828125
1010111101,18404,"[3, 2, 1, 0]",9600,300.48513412475586,False,45.70634071157657,5,0.00048828125
1010111101,18405,"[3, 2, 1, 0]",9600,300.49848556518555,True,45.70634071157657,5,0.00048828125
0101111001,18406,"[2, 3, 1, 0]",9600,300.51708221435547,False,15.854254080592113,5,0.00048828125
0101111001,18407,"[2, 3, 1, 0]",9600,300.53067207336426,True,15.854254080592113,5,0.00048828125
0101111001,18408,"[2, 3, 1, 0]",9600,300.5509376525879,False,15.854254080592113,5,0.00048828125
0101111001,18409,"[2, 3, 1, 0]",9600,300.5640506744385,True,15.854254080592113,5,0.00048828125
0101111001,18410,"[2, 3, 1, 0]",9600,300.5828857421875,False,15.854254080592113,5,0.00048828125
0101111001,18411,"[2, 3, 1, 0]",9600,300.595760345459,True,15.854254080592113,5,0.00048828125
0101111001,18412,"[2, 3, 1, 0]",9600,300.6143569946289,False,15.854254080592113,5,0.00048828125
0101111001,18413,"[2, 3, 1, 0]",9600,300.6277084350586,True,15.854254080592113,5,0.00048828125
0101111001,18414,"[2, 3, 1, 0]",9600,300.6463050842285,False,15.854254080592113,5,0.00048828125
0101111001,18415,"[2, 3, 1, 0]",9600,300.6601333618164,True,15.854254080592113,5,0.00048828125
0001010011,18416,"[2, 1, 3, 0]",9300,300.68063735961914,False,19.18188720114459,5,0.00048828125
0001010011,18417,"[2, 1, 0, 3]",600,300.69470405578613,True,19.18188720114459,5,0.00048828125
0001010011,18418,"[2, 1, 3, 0]",9300,300.71353912353516,False,19.18188720114459,5,0.00048828125
0001010011,18419,"[2, 1, 0, 3]",600,300.72760581970215,True,19.18188720114459,5,0.00048828125
0001010011,18420,"[2, 1, 3, 0]",9300,300.7464408874512,False,19.18188720114459,5,0.00048828125
0001010011,18421,"[2, 1, 0, 3]",600,300.76050758361816,True,19.18188720114459,5,0.00048828125
0001010011,18422,"[2, 1, 3, 0]",9300,300.7791042327881,False,19.18188720114459,5,0.00048828125
0001010011,18423,"[2, 1, 0, 3]",600,300.7931709289551,True,19.18188720114459,5,0.00048828125
0001010011,18424,"[2, 1, 3, 0]",9300,300.8120059967041,False,19.18188720114459,5,0.00048828125
0001010011,18425,"[2, 1, 0, 3]",600,300.83608627319336,True,19.18188720114459,5,0.00048828125
1111000010,18426,"[1, 0, 3, 2]",465,300.853967666626,False,8.118563817365718,5,0.00048828125
1111000010,18427,"[1, 0, 3, 2]",465,300.86827278137207,True,8.118563817365718,5,0.00048828125
1111000010,18428,"[1, 0, 3, 2]",465,300.8878231048584,False,8.118563817365718,5,0.00048828125
1111000010,18429,"[1, 0, 3, 2]",465,300.9016513824463,True,8.118563817365718,5,0.00048828125
1111000010,18430,"[1, 0, 3, 2]",465,300.9190559387207,False,8.118563817365718,5,0.00048828125
1111000010,18431,"[1, 0, 3, 2]",465,300.9321689605713,True,8.118563817365718,5,0.00048828125
1111000010,18432,"[1, 0, 3, 2]",465,300.9498119354248,False,8.118563817365718,5,0.00048828125
1111000010,18433,"[1, 0, 3, 2]",465,300.9631633758545,True,8.118563817365718,5,0.00048828125
1111000010,18434,"[1, 0, 3, 2]",465,300.9805679321289,False,8.118563817365718,5,0.00048828125
1111000010,18435,"[1, 0, 3, 2]",465,300.9936809539795,True,8.118563817365718,5,0.00048828125
1011100101,18436,"[1, 2, 0, 3]",600,301.011323928833,False,24.823483835726634,5,0.00048828125
1011100101,18437,"[1, 0, 2, 3]",315,301.0249137878418,True,24.823483835726634,5,0.00048828125
1011100101,18438,"[1, 2, 0, 3]",600,301.0425567626953,False,24.823483835726634,5,0.00048828125
1011100101,18439,"[1, 0, 2, 3]",315,301.0556697845459,True,24.823483835726634,5,0.00048828125
1011100101,18440,"[1, 2, 0, 3]",600,301.0730743408203,False,24.823483835726634,5,0.00048828125
1011100101,18441,"[1, 0, 2, 3]",315,301.08642578125,True,24.823483835726634,5,0.00048828125
1011100101,18442,"[1, 2, 0, 3]",600,301.1040687561035,False,24.823483835726634,5,0.00048828125
1011100101,18443,"[1, 0, 2, 3]",315,301.1171817779541,True,24.823483835726634,5,0.00048828125
1011100101,18444,"[1, 2, 0, 3]",600,301.1343479156494,False,24.823483835726634,5,0.00048828125
1011100101,18445,"[1, 0, 2, 3]",315,301.1474609375,True,24.823483835726634,5,0.00048828125
0111001101,18446,"[3, 1, 0, 2]",900,301.1655807495117,False,14.079073286508155,5,0.00048828125
0111001101,18447,"[3, 1, 0, 2]",900,301.1786937713623,True,14.079073286508155,5,0.00048828125
0111001101,18448,"[3, 1, 0, 2]",900,301.196813583374,False,14.079073286508155,5,0.00048828125
0111001101,18449,"[3, 1, 0, 2]",900,301.2101650238037,True,14.079073286508155,5,0.00048828125
0111001101,18450,"[3, 1, 0, 2]",900,301.22947692871094,False,14.079073286508155,5,0.00048828125
0111001101,18451,"[3, 1, 0, 2]",900,301.2430667877197,True,14.079073286508155,5,0.00048828125
0111001101,18452,"[3, 1, 0, 2]",900,301.26070976257324,False,14.079073286508155,5,0.00048828125
0111001101,18453,"[3, 1, 0, 2]",900,301.27406120300293,True,14.079073286508155,5,0.00048828125
0111001101,18454,"[3, 1, 0, 2]",900,301.29146575927734,False,14.079073286508155,5,0.00048828125
0111001101,18455,"[3, 1, 0, 2]",900,301.30481719970703,True,14.079073286508155,5,0.00048828125
1010110011,18456,"[2, 1, 0, 3]",600,301.32246017456055,False,24.22674876887337,5,0.00048828125
1010110011,18457,"[2, 1, 0, 3]",600,301.33605003356934,True,24.22674876887337,5,0.00048828125
1010110011,18458,"[2, 1, 0, 3]",600,301.35345458984375,False,24.22674876887337,5,0.00048828125
1010110011,18459,"[2, 1, 0, 3]",600,301.36704444885254,True,24.22674876887337,5,0.00048828125
1010110011,18460,"[2, 1, 0, 3]",600,301.38468742370605,False,24.22674876887337,5,0.00048828125
1010110011,18461,"[2, 1, 0, 3]",600,301.39851570129395,True,24.22674876887337,5,0.00048828125
1010110011,18462,"[2, 1, 0, 3]",600,301.41592025756836,False,24.22674876887337,5,0.00048828125
1010110011,18463,"[2, 1, 0, 3]",600,301.42951011657715,True,24.22674876887337,5,0.00048828125
1010110011,18464,"[2, 1, 0, 3]",600,301.4488220214844,False,24.22674876887337,5,0.00048828125
1010110011,18465,"[2, 1, 0, 3]",600,301.46241188049316,True,24.22674876887337,5,0.00048828125
0001010100,18466,"[3, 2, 1, 0]",9600,301.4819622039795,False,23.636033823457012,5,0.00048828125
0001010100,18467,"[3, 2, 1, 0]",9600,301.4955520629883,True,23.636033823457012,5,0.00048828125
0001010100,18468,"[3, 2, 1, 0]",9600,301.5134334564209,False,23.636033823457012,5,0.00048828125
0001010100,18469,"[3, 2, 1, 0]",9600,301.5272617340088,True,23.636033823457012,5,0.00048828125
0001010100,18470,"[3, 2, 1, 0]",9600,301.546573638916,False,23.636033823457012,5,0.00048828125
0001010100,18471,"[3, 2, 1, 0]",9600,301.5596866607666,True,23.636033823457012,5,0.00048828125
0001010100,18472,"[3, 2, 1, 0]",9600,301.5773296356201,False,23.636033823457012,5,0.00048828125
0001010100,18473,"[3, 2, 1, 0]",9600,301.5899658203125,True,23.636033823457012,5,0.00048828125
0001010100,18474,"[3, 2, 1, 0]",9600,301.6073703765869,False,23.636033823457012,5,0.00048828125
0001010100,18475,"[3, 2, 1, 0]",9600,301.6202449798584,True,23.636033823457012,5,0.00048828125
1000111001,18476,"[2, 3, 0, 1]",6600,301.6378879547119,False,32.36504592906495,5,0.00048828125
1000111001,18477,"[2, 3, 0, 1]",6600,301.6507625579834,True,32.36504592906495,5,0.00048828125
1000111001,18478,"[2, 3, 0, 1]",6600,301.6681671142578,False,32.36504592906495,5,0.00048828125
1000111001,18479,"[2, 3, 0, 1]",6600,301.6812801361084,True,32.36504592906495,5,0.00048828125
1000111001,18480,"[2, 3, 0, 1]",6600,301.6986846923828,False,32.36504592906495,5,0.00048828125
1000111001,18481,"[2, 3, 0, 1]",6600,301.7115592956543,True,32.36504592906495,5,0.00048828125
1000111001,18482,"[2, 3, 0, 1]",6600,301.7287254333496,False,32.36504592906495,5,0.00048828125
1000111001,18483,"[2, 3, 0, 1]",6600,301.7418384552002,True,32.36504592906495,5,0.00048828125
1000111001,18484,"[2, 3, 0, 1]",6600,301.7585277557373,False,32.36504592906495,5,0.00048828125
1000111001,18485,"[2, 3, 0, 1]",6600,301.7714023590088,True,32.36504592906495,5,0.00048828125
0000000011,18486,"[3, 2, 1, 0]",9600,301.7885684967041,False,36.0,5,0.00048828125
0000000011,18487,"[3, 2, 1, 0]",9600,301.8014430999756,True,36.0,5,0.00048828125
0000000011,18488,"[3, 2, 1, 0]",9600,301.8190860748291,False,36.0,5,0.00048828125
0000000011,18489,"[3, 2, 1, 0]",9600,301.8319606781006,True,36.0,5,0.00048828125
0000000011,18490,"[3, 2, 1, 0]",9600,301.849365234375,False,36.0,5,0.00048828125
0000000011,18491,"[3, 2, 1, 0]",9600,301.8622398376465,True,36.0,5,0.00048828125
0000000011,18492,"[3, 2, 1, 0]",9600,301.8815517425537,False,36.0,5,0.00048828125
0000000011,18493,"[3, 2, 1, 0]",9600,301.8944263458252,True,36.0,5,0.00048828125
0000000011,18494,"[3, 2, 1, 0]",9600,301.9118309020996,False,36.0,5,0.00048828125
0000000011,18495,"[3, 2, 1, 0]",9600,301.924467086792,True,36.0,5,0.00048828125
1110011001,18496,"[0, 3, 1, 2]",750,301.9421100616455,False,25.038640720422187,5,0.00048828125
1110011001,18497,"[0, 1, 3, 2]",465,301.9556999206543,True,25.038640720422187,5,0.00048828125
1110011001,18498,"[0, 3, 1, 2]",750,301.9733428955078,False,25.038640720422187,5,0.00048828125
1110011001,18499,"[0, 1, 3, 2]",465,301.9869327545166,True,25.038640720422187,5,0.00048828125
1110011001,18500,"[0, 3, 1, 2]",750,302.0045757293701,False,25.038640720422187,5,0.00048828125
1110011001,18501,"[0, 1, 3, 2]",465,302.0179271697998,True,25.038640720422187,5,0.00048828125
1110011001,18502,"[0, 3, 1, 2]",750,302.0353317260742,False,25.038640720422187,5,0.00048828125
1110011001,18503,"[0, 1, 3, 2]",465,302.048921585083,True,25.038640720422187,5,0.00048828125
1110011001,18504,"[0, 3, 1, 2]",750,302.0665645599365,False,25.038640720422187,5,0.00048828125
1110011001,18505,"[0, 1, 3, 2]",465,302.0961284637451,True,25.038640720422187,5,0.00048828125
0001011110,18506,"[3, 2, 1, 0]",9600,302.11448669433594,False,21.863678515162277,5,0.00048828125
0001011110,18507,"[3, 2, 1, 0]",9600,302.1283149719238,True,21.863678515162277,5,0.00048828125
0001011110,18508,"[3, 2, 1, 0]",9600,302.14667320251465,False,21.863678515162277,5,0.00048828125
0001011110,18509,"[3, 2, 1, 0]",9600,302.16050148010254,True,21.863678515162277,5,0.00048828125
0001011110,18510,"[3, 2, 1, 0]",9600,302.17862129211426,False,21.863678515162277,5,0.00048828125
0001011110,18511,"[3, 2, 1, 0]",9600,302.19244956970215,True,21.863678515162277,5,0.00048828125
0001011110,18512,"[3, 2, 1, 0]",9600,302.2124767303467,False,21.863678515162277,5,0.00048828125
0001011110,18513,"[3, 2, 1, 0]",9600,302.22606658935547,True,21.863678515162277,5,0.00048828125
0001011110,18514,"[3, 2, 1, 0]",9600,302.2441864013672,False,21.863678515162277,5,0.00048828125
0001011110,18515,"[3, 2, 1, 0]",9600,302.257776260376,True,21.863678515162277,5,0.00048828125
0000011000,18516,"[3, 2, 1, 0]",9600,302.2768497467041,False,15.874566250762008,5,0.00048828125
0000011000,18517,"[3, 2, 1, 0]",9600,302.290678024292,True,15.874566250762008,5,0.00048828125
0000011000,18518,"[3, 2, 1, 0]",9600,302.3111820220947,False,15.874566250762008,5,0.00048828125
0000011000,18519,"[3, 2, 1, 0]",9600,302.3245334625244,True,15.874566250762008,5,0.00048828125
0000011000,18520,"[3, 2, 1, 0]",9600,302.34289169311523,False,15.874566250762008,5,0.00048828125
0000011000,18521,"[3, 2, 1, 0]",9600,302.3562431335449,True,15.874566250762008,5,0.00048828125
0000011000,18522,"[3, 2, 1, 0]",9600,302.37412452697754,False,15.874566250762008,5,0.00048828125
0000011000,18523,"[3, 2, 1, 0]",9600,302.3874759674072,True,15.874566250762008,5,0.00048828125
0000011000,18524,"[3, 2, 1, 0]",9600,302.40559577941895,False,15.874566250762008,5,0.00048828125
0000011000,18525,"[3, 2, 1, 0]",9600,302.41870880126953,True,15.874566250762008,5,0.00048828125
1100111000,18526,"[2, 0, 3, 1]",6200,302.43682861328125,False,25.569165911720873,5,0.00048828125
1100111000,18527,"[2, 0, 1, 3]",500,302.45113372802734,True,25.569165911720873,5,0.00048828125
1100111000,18528,"[2, 0, 3, 1]",6200,302.46949195861816,False,25.569165911720873,5,0.00048828125
1100111000,18529,"[2, 0, 1, 3]",500,302.48355865478516,True,25.569165911720873,5,0.00048828125
1100111000,18530,"[2, 0, 3, 1]",6200,302.5023937225342,False,25.569165911720873,5,0.00048828125
1100111000,18531,"[2, 0, 1, 3]",500,302.51622200012207,True,25.569165911720873,5,0.00048828125
1100111000,18532,"[2, 0, 3, 1]",6200,302.534818649292,False,25.569165911720873,5,0.00048828125
1100111000,18533,"[2, 0, 1, 3]",500,302.5486469268799,True,25.569165911720873,5,0.00048828125
1100111000,18534,"[2, 0, 3, 1]",6200,302.5686740875244,False,25.569165911720873,5,0.00048828125
1100111000,18535,"[2, 0, 1, 3]",500,302.5825023651123,True,25.569165911720873,5,0.00048828125
0001101111,18536,"[3, 2, 1, 0]",9600,302.6008605957031,False,15.894933484944303,5,0.00048828125
0001101111,18537,"[3, 2, 1, 0]",9600,302.6144504547119,True,15.894933484944303,5,0.00048828125
0001101111,18538,"[3, 2, 1, 0]",9600,302.63280868530273,False,15.894933484944303,5,0.00048828125
0001101111,18539,"[3, 2, 1, 0]",9600,302.6461601257324,True,15.894933484944303,5,0.00048828125
0001101111,18540,"[3, 2, 1, 0]",9600,302.66427993774414,False,15.894933484944303,5,0.00048828125
0001101111,18541,"[3, 2, 1, 0]",9600,302.67786979675293,True,15.894933484944303,5,0.00048828125
0001101111,18542,"[3, 2, 1, 0]",9600,302.69598960876465,False,15.894933484944303,5,0.00048828125
0001101111,18543,"[3, 2, 1, 0]",9600,302.70934104919434,True,15.894933484944303,5,0.00048828125
0001101111,18544,"[3, 2, 1, 0]",9600,302.72793769836426,False,15.894933484944303,5,0.00048828125
0001101111,18545,"[3, 2, 1, 0]",9600,302.74105072021484,True,15.894933484944303,5,0.00048828125
0101011001,18546,"[3, 2, 1, 0]",9600,302.75940895080566,False,12.318016911728506,5,0.00048828125
0101011001,18547,"[3, 2, 1, 0]",9600,302.77276039123535,True,12.318016911728506,5,0.00048828125
0101011001,18548,"[3, 2, 1, 0]",9600,302.79088020324707,False,12.318016911728506,5,0.00048828125
0101011001,18549,"[3, 2, 1, 0]",9600,302.80423164367676,True,12.318016911728506,5,0.00048828125
0101011001,18550,"[3, 2, 1, 0]",9600,302.8223514556885,False,12.318016911728506,5,0.00048828125
0101011001,18551,"[3, 2, 1, 0]",9600,302.83594131469727,True,12.318016911728506,5,0.00048828125
0101011001,18552,"[3, 2, 1, 0]",9600,302.854061126709,False,12.318016911728506,5,0.00048828125
0101011001,18553,"[3, 2, 1, 0]",9600,302.8678894042969,True,12.318016911728506,5,0.00048828125
0101011001,18554,"[3, 2, 1, 0]",9600,302.8876781463623,False,12.318016911728506,5,0.00048828125
0101011001,18555,"[3, 2, 1, 0]",9600,302.9015064239502,True,12.318016911728506,5,0.00048828125
1110010111,18556,"[0, 1, 3, 2]",465,302.9201030731201,False,13.10131501963538,5,0.00048828125
1110010111,18557,"[0, 1, 3, 2]",465,302.9346466064453,True,13.10131501963538,5,0.00048828125
1110010111,18558,"[0, 1, 3, 2]",465,302.95276641845703,False,13.10131501963538,5,0.00048828125
1110010111,18559,"[0, 1, 3, 2]",465,302.966833114624,True,13.10131501963538,5,0.00048828125
1110010111,18560,"[0, 1, 3, 2]",465,302.98519134521484,False,13.10131501963538,5,0.00048828125
1110010111,18561,"[0, 1, 3, 2]",465,302.99901962280273,True,13.10131501963538,5,0.00048828125
1110010111,18562,"[0, 1, 3, 2]",465,303.01713943481445,False,13.10131501963538,5,0.00048828125
1110010111,18563,"[0, 1, 3, 2]",465,303.0564785003662,True,13.10131501963538,5,0.00048828125
1110010111,18564,"[0, 1, 3, 2]",465,303.07531356811523,False,13.10131501963538,5,0.00048828125
1110010111,18565,"[0, 1, 3, 2]",465,303.0891418457031,True,13.10131501963538,5,0.00048828125
1110111111,18566,"[3, 2, 0, 1]",6600,303.10773849487305,False,35.354158193465224,5,0.00048828125
1110111111,18567,"[3, 2, 0, 1]",6600,303.12204360961914,True,35.354158193465224,5,0.00048828125
1110111111,18568,"[3, 2, 0, 1]",6600,303.1435012817383,False,35.354158193465224,5,0.00048828125
1110111111,18569,"[3, 2, 0, 1]",6600,303.1573295593262,True,35.354158193465224,5,0.00048828125
1110111111,18570,"[3, 2, 0, 1]",6600,303.1761646270752,False,35.354158193465224,5,0.00048828125
1110111111,18571,"[3, 2, 0, 1]",6600,303.189754486084,True,35.354158193465224,5,0.00048828125
1110111111,18572,"[3, 2, 0, 1]",6600,303.2083511352539,False,35.354158193465224,5,0.00048828125
1110111111,18573,"[3, 2, 0, 1]",6600,303.2221794128418,True,35.354158193465224,5,0.00048828125
1110111111,18574,"[3, 2, 0, 1]",6600,303.2402992248535,False,35.354158193465224,5,0.00048828125
1110111111,18575,"[3, 2, 0, 1]",6600,303.2536506652832,True,35.354158193465224,5,0.00048828125
1111101110,18576,"[3, 1, 0, 2]",900,303.27391624450684,False,38.98199549426178,5,0.00048828125
1111101110,18577,"[3, 1, 0, 2]",900,303.28822135925293,True,38.98199549426178,5,0.00048828125
1111101110,18578,"[3, 1, 0, 2]",900,303.3163547515869,False,38.98199549426178,5,0.00048828125
1111101110,18579,"[3, 1, 0, 2]",900,303.3297061920166,True,38.98199549426178,5,0.00048828125
1111101110,18580,"[3, 1, 0, 2]",900,303.3473491668701,False,38.98199549426178,5,0.00048828125
1111101110,18581,"[3, 1, 0, 2]",900,303.3609390258789,True,38.98199549426178,5,0.00048828125
1111101110,18582,"[3, 1, 0, 2]",900,303.3783435821533,False,38.98199549426178,5,0.00048828125
1111101110,18583,"[3, 1, 0, 2]",900,303.3919334411621,True,38.98199549426178,5,0.00048828125
1111101110,18584,"[3, 1, 0, 2]",900,303.4093379974365,False,38.98199549426178,5,0.00048828125
1111101110,18585,"[3, 1, 0, 2]",900,303.4229278564453,True,38.98199549426178,5,0.00048828125
0100011000,18586,"[3, 2, 0, 1]",6600,303.4403324127197,False,13.47662624208997,5,0.00048828125
0100011000,18587,"[3, 2, 0, 1]",6600,303.4534454345703,True,13.47662624208997,5,0.00048828125
0100011000,18588,"[3, 2, 0, 1]",6600,303.4708499908447,False,13.47662624208997,5,0.00048828125
0100011000,18589,"[3, 2, 0, 1]",6600,303.4839630126953,True,13.47662624208997,5,0.00048828125
0100011000,18590,"[3, 2, 0, 1]",6600,303.5013675689697,False,13.47662624208997,5,0.00048828125
0100011000,18591,"[3, 2, 0, 1]",6600,303.5142421722412,True,13.47662624208997,5,0.00048828125
0100011000,18592,"[3, 2, 0, 1]",6600,303.5318851470947,False,13.47662624208997,5,0.00048828125
0100011000,18593,"[3, 2, 0, 1]",6600,303.5447597503662,True,13.47662624208997,5,0.00048828125
0100011000,18594,"[3, 2, 0, 1]",6600,303.5621643066406,False,13.47662624208997,5,0.00048828125
0100011000,18595,"[3, 2, 0, 1]",6600,303.5750389099121,True,13.47662624208997,5,0.00048828125
0110101011,18596,"[3, 2, 1, 0]",9600,303.59458923339844,False,28.727548804578362,5,0.00048828125
0110101011,18597,"[3, 2, 1, 0]",9600,303.607702255249,True,28.727548804578362,5,0.00048828125
0110101011,18598,"[3, 2, 1, 0]",9600,303.62534523010254,False,28.727548804578362,5,0.00048828125
0110101011,18599,"[3, 2, 1, 0]",9600,303.638219833374,True,28.727548804578362,5,0.00048828125
0110101011,18600,"[3, 2, 1, 0]",9600,303.65562438964844,False,28.727548804578362,5,0.00048828125
0110101011,18601,"[3, 2, 1, 0]",9600,303.6684989929199,True,28.727548804578362,5,0.00048828125
0110101011,18602,"[3, 2, 1, 0]",9600,303.68614196777344,False,28.727548804578362,5,0.00048828125
0110101011,18603,"[3, 2, 1, 0]",9600,303.6987781524658,True,28.727548804578362,5,0.00048828125
0110101011,18604,"[3, 2, 1, 0]",9600,303.71618270874023,False,28.727548804578362,5,0.00048828125
0110101011,18605,"[3, 2, 1, 0]",9600,303.7292957305908,True,28.727548804578362,5,0.00048828125
1011111010,18606,"[2, 1, 3, 0]",9300,303.74670028686523,False,35.77216353404093,5,0.00048828125
1011111010,18607,"[2, 1, 0, 3]",600,303.760290145874,True,35.77216353404093,5,0.00048828125
1011111010,18608,"[2, 1, 3, 0]",9300,303.77817153930664,False,35.77216353404093,5,0.00048828125
1011111010,18609,"[2, 1, 0, 3]",600,303.7915229797363,True,35.77216353404093,5,0.00048828125
1011111010,18610,"[2, 1, 3, 0]",9300,303.80916595458984,False,35.77216353404093,5,0.00048828125
1011111010,18611,"[2, 1, 0, 3]",600,303.82275581359863,True,35.77216353404093,5,0.00048828125
1011111010,18612,"[2, 1, 3, 0]",9300,303.84373664855957,False,35.77216353404093,5,0.00048828125
1011111010,18613,"[2, 1, 0, 3]",600,303.85732650756836,True,35.77216353404093,5,0.00048828125
1011111010,18614,"[2, 1, 3, 0]",9300,303.8754463195801,False,35.77216353404093,5,0.00048828125
1011111010,18615,"[2, 1, 0, 3]",600,303.88879776000977,True,35.77216353404093,5,0.00048828125
0101100001,18616,"[2, 1, 0, 3]",600,303.9090633392334,False,9.075869699244596,5,0.00048828125
0101100001,18617,"[2, 1, 0, 3]",600,303.9231300354004,True,9.075869699244596,5,0.00048828125
0101100001,18618,"[2, 1, 0, 3]",600,303.9588928222656,False,9.075869699244596,5,0.00048828125
0101100001,18619,"[2, 1, 0, 3]",600,303.9727210998535,True,9.075869699244596,5,0.00048828125
0101100001,18620,"[2, 1, 0, 3]",600,303.99155616760254,False,9.075869699244596,5,0.00048828125
0101100001,18621,"[2, 1, 0, 3]",600,304.00538444519043,True,9.075869699244596,5,0.00048828125
0101100001,18622,"[2, 1, 0, 3]",600,304.02374267578125,False,9.075869699244596,5,0.00048828125
0101100001,18623,"[2, 1, 0, 3]",600,304.03780937194824,True,9.075869699244596,5,0.00048828125
0101100001,18624,"[2, 1, 0, 3]",600,304.05592918395996,False,9.075869699244596,5,0.00048828125
0101100001,18625,"[2, 1, 0, 3]",600,304.06999588012695,True,9.075869699244596,5,0.00048828125
1011100001,18626,"[1, 2, 0, 3]",600,304.0881156921387,False,28.121380351539056,5,0.00048828125
1011100001,18627,"[1, 0, 2, 3]",315,304.10289764404297,True,28.121380351539056,5,0.00048828125
1011100001,18628,"[1, 2, 0, 3]",600,304.1214942932129,False,28.121380351539056,5,0.00048828125
1011100001,18629,"[1, 0, 2, 3]",315,304.1360378265381,True,28.121380351539056,5,0.00048828125
1011100001,18630,"[1, 2, 0, 3]",600,304.154634475708,False,28.121380351539056,5,0.00048828125
1011100001,18631,"[1, 0, 2, 3]",315,304.1689395904541,True,28.121380351539056,5,0.00048828125
1011100001,18632,"[1, 2, 0, 3]",600,304.18872833251953,False,28.121380351539056,5,0.00048828125
1011100001,18633,"[1, 0, 2, 3]",315,304.2032718658447,True,28.121380351539056,5,0.00048828125
1011100001,18634,"[1, 2, 0, 3]",600,304.22139167785645,False,28.121380351539056,5,0.00048828125
1011100001,18635,"[1, 0, 2, 3]",315,304.23521995544434,True,28.121380351539056,5,0.00048828125
0010011111,18636,"[3, 1, 2, 0]",9450,304.25381660461426,False,15.894933484944307,5,0.00048828125
0010011111,18637,"[3, 1, 0, 2]",900,304.26836013793945,True,15.894933484944307,5,0.00048828125
0010011111,18638,"[3, 1, 2, 0]",9450,304.2886257171631,False,15.894933484944307,5,0.00048828125
0010011111,18639,"[3, 1, 0, 2]",900,304.3029308319092,True,15.894933484944307,5,0.00048828125
0010011111,18640,"[3, 1, 2, 0]",9450,304.3217658996582,False,15.894933484944307,5,0.00048828125
0010011111,18641,"[3, 1, 0, 2]",900,304.3358325958252,True,15.894933484944307,5,0.00048828125
0010011111,18642,"[3, 1, 2, 0]",9450,304.354190826416,False,15.894933484944307,5,0.00048828125
0010011111,18643,"[3, 1, 0, 2]",900,304.368257522583,True,15.894933484944307,5,0.00048828125
0010011111,18644,"[3, 1, 2, 0]",9450,304.3866157531738,False,15.894933484944307,5,0.00048828125
0010011111,18645,"[3, 1, 0, 2]",900,304.4004440307617,True,15.894933484944307,5,0.00048828125
0110101000,18646,"[3, 2, 1, 0]",9600,304.41904067993164,False,32.63603382345701,5,0.00048828125
0110101000,18647,"[3, 2, 1, 0]",9600,304.43263053894043,True,32.63603382345701,5,0.00048828125
0110101000,18648,"[3, 2, 1, 0]",9600,304.45122718811035,False,32.63603382345701,5,0.00048828125
0110101000,18649,"[3, 2, 1, 0]",9600,304.46457862854004,True,32.63603382345701,5,0.00048828125
0110101000,18650,"[3, 2, 1, 0]",9600,304.48317527770996,False,32.63603382345701,5,0.00048828125
0110101000,18651,"[3, 2, 1, 0]",9600,304.49652671813965,True,32.63603382345701,5,0.00048828125
0110101000,18652,"[3, 2, 1, 0]",9600,304.51464653015137,False,32.63603382345701,5,0.00048828125
0110101000,18653,"[3, 2, 1, 0]",9600,304.52799797058105,True,32.63603382345701,5,0.00048828125
0110101000,18654,"[3, 2, 1, 0]",9600,304.5463562011719,False,32.63603382345701,5,0.00048828125
0110101000,18655,"[3, 2, 1, 0]",9600,304.55946922302246,True,32.63603382345701,5,0.00048828125
0000011011,18656,"[3, 2, 1, 0]",9600,304.5775890350342,False,20.31826374999472,5,0.00048828125
0000011011,18657,"[3, 2, 1, 0]",9600,304.59117889404297,True,20.31826374999472,5,0.00048828125
0000011011,18658,"[3, 2, 1, 0]",9600,304.6092987060547,False,20.31826374999472,5,0.00048828125
0000011011,18659,"[3, 2, 1, 0]",9600,304.6226501464844,True,20.31826374999472,5,0.00048828125
0000011011,18660,"[3, 2, 1, 0]",9600,304.6431541442871,False,20.31826374999472,5,0.00048828125
0000011011,18661,"[3, 2, 1, 0]",9600,304.656982421875,True,20.31826374999472,5,0.00048828125
0000011011,18662,"[3, 2, 1, 0]",9600,304.6753406524658,False,20.31826374999472,5,0.00048828125
0000011011,18663,"[3, 2, 1, 0]",9600,304.6884536743164,True,20.31826374999472,5,0.00048828125
0000011011,18664,"[3, 2, 1, 0]",9600,304.7070503234863,False,20.31826374999472,5,0.00048828125
0000011011,18665,"[3, 2, 1, 0]",9600,304.720401763916,True,20.31826374999472,5,0.00048828125
1000010011,18666,"[0, 2, 3, 1]",6200,304.73875999450684,False,18.090619058289455,5,0.00048828125
1000010011,18667,"[0, 1, 2, 3]",315,304.75378036499023,True,18.090619058289455,5,0.00048828125
1000010011,18668,"[0, 2, 3, 1]",6200,304.77428436279297,False,18.090619058289455,5,0.00048828125
1000010011,18669,"[0, 1, 2, 3]",315,304.78858947753906,True,18.090619058289455,5,0.00048828125
1000010011,18670,"[0, 2, 3, 1]",6200,304.807186126709,False,18.090619058289455,5,0.00048828125
1000010011,18671,"[0, 1, 2, 3]",315,304.8210144042969,True,18.090619058289455,5,0.00048828125
1000010011,18672,"[0, 2, 3, 1]",6200,304.8396110534668,False,18.090619058289455,5,0.00048828125
1000010011,18673,"[0, 1, 2, 3]",315,304.8534393310547,True,18.090619058289455,5,0.00048828125
1000010011,18674,"[0, 2, 3, 1]",6200,304.8715591430664,False,18.090619058289455,5,0.00048828125
1000010011,18675,"[0, 1, 2, 3]",315,304.8849105834961,True,18.090619058289455,5,0.00048828125
0110001101,18676,"[3, 1, 0, 2]",900,304.903507232666,False,15.221423844398668,5,0.00048828125
0110001101,18677,"[3, 1, 0, 2]",900,304.917573928833,True,15.221423844398668,5,0.00048828125
0110001101,18678,"[3, 1, 0, 2]",900,304.93617057800293,False,15.221423844398668,5,0.00048828125
0110001101,18679,"[3, 1, 0, 2]",900,304.9499988555908,True,15.221423844398668,5,0.00048828125
0110001101,18680,"[3, 1, 0, 2]",900,304.97050285339355,False,15.221423844398668,5,0.00048828125
0110001101,18681,"[3, 1, 0, 2]",900,304.98385429382324,True,15.221423844398668,5,0.00048828125
0110001101,18682,"[3, 1, 0, 2]",900,305.00245094299316,False,15.221423844398668,5,0.00048828125
0110001101,18683,"[3, 1, 0, 2]",900,305.01604080200195,True,15.221423844398668,5,0.00048828125
0110001101,18684,"[3, 1, 0, 2]",900,305.0343990325928,False,15.221423844398668,5,0.00048828125
0110001101,18685,"[3, 1, 0, 2]",900,305.04822731018066,True,15.221423844398668,5,0.00048828125
1000110000,18686,"[2, 0, 3, 1]",6200,305.0665855407715,False,16.9874180905628,5,0.00048828125
1000110000,18687,"[2, 0, 1, 3]",500,305.0804138183594,True,16.9874180905628,5,0.00048828125
1000110000,18688,"[2, 0, 3, 1]",6200,305.0992488861084,False,16.9874180905628,5,0.00048828125
1000110000,18689,"[2, 0, 1, 3]",500,305.1133155822754,True,16.9874180905628,5,0.00048828125
1000110000,18690,"[2, 0, 3, 1]",6200,305.1319122314453,False,16.9874180905628,5,0.00048828125
1000110000,18691,"[2, 0, 1, 3]",500,305.15575408935547,True,16.9874180905628,5,0.00048828125
1000110000,18692,"[2, 0, 3, 1]",6200,305.1736354827881,False,16.9874180905628,5,0.00048828125
1000110000,18693,"[2, 0, 1, 3]",500,305.1869869232178,True,16.9874180905628,5,0.00048828125
1000110000,18694,"[2, 0, 3, 1]",6200,305.2046298980713,False,16.9874180905628,5,0.00048828125
1000110000,18695,"[2, 0, 1, 3]",500,305.217981338501,True,16.9874180905628,5,0.00048828125
1111111000,18696,"[2, 1, 0, 3]",600,305.2358627319336,False,46.6348910623589,5,0.00048828125
1111111000,18697,"[2, 1, 0, 3]",600,305.2492141723633,True,46.6348910623589,5,0.00048828125
1111111000,18698,"[2, 1, 0, 3]",600,305.267333984375,False,46.6348910623589,5,0.00048828125
1111111000,18699,"[2, 1, 0, 3]",600,305.2804470062256,True,46.6348910623589,5,0.00048828125
1111111000,18700,"[2, 1, 0, 3]",600,305.2988052368164,False,46.6348910623589,5,0.00048828125
1111111000,18701,"[2, 1, 0, 3]",600,305.3135871887207,True,46.6348910623589,5,0.00048828125
1111111000,18702,"[2, 1, 0, 3]",600,305.33337593078613,False,46.6348910623589,5,0.00048828125
1111111000,18703,"[2, 1, 0, 3]",600,305.3467273712158,True,46.6348910623589,5,0.00048828125
1111111000,18704,"[2, 1, 0, 3]",600,305.36437034606934,False,46.6348910623589,5,0.00048828125
1111111000,18705,"[2, 1, 0, 3]",600,305.3772449493408,True,46.6348910623589,5,0.00048828125
1001101110,18706,"[3, 2, 0, 1]",6600,305.39488792419434,False,24.75766101326228,5,0.00048828125
1001101110,18707,"[3, 2, 0, 1]",6600,305.4080009460449,True,24.75766101326228,5,0.00048828125
1001101110,18708,"[3, 2, 0, 1]",6600,305.42540550231934,False,24.75766101326228,5,0.00048828125
1001101110,18709,"[3, 2, 0, 1]",6600,305.4380416870117,True,24.75766101326228,5,0.00048828125
1001101110,18710,"[3, 2, 0, 1]",6600,305.45544624328613,False,24.75766101326228,5,0.00048828125
1001101110,18711,"[3, 2, 0, 1]",6600,305.4683208465576,True,24.75766101326228,5,0.00048828125
1001101110,18712,"[3, 2, 0, 1]",6600,305.48572540283203,False,24.75766101326228,5,0.00048828125
1001101110,18713,"[3, 2, 0, 1]",6600,305.4988384246826,True,24.75766101326228,5,0.00048828125
1001101110,18714,"[3, 2, 0, 1]",6600,305.51600456237793,False,24.75766101326228,5,0.00048828125
1001101110,18715,"[3, 2, 0, 1]",6600,305.5286407470703,True,24.75766101326228,5,0.00048828125
0111110001,18716,"[2, 1, 0, 3]",600,305.54652214050293,False,12.272259421167831,5,0.00048828125
0111110001,18717,"[2, 1, 0, 3]",600,305.5601119995117,True,12.272259421167831,5,0.00048828125
0111110001,18718,"[2, 1, 0, 3]",600,305.58037757873535,False,12.272259421167831,5,0.00048828125
0111110001,18719,"[2, 1, 0, 3]",600,305.59396743774414,True,12.272259421167831,5,0.00048828125
0111110001,18720,"[2, 1, 0, 3]",600,305.61161041259766,False,12.272259421167831,5,0.00048828125
0111110001,18721,"[2, 1, 0, 3]",600,305.62543869018555,True,12.272259421167831,5,0.00048828125
0111110001,18722,"[2, 1, 0, 3]",600,305.6447505950928,False,12.272259421167831,5,0.00048828125
0111110001,18723,"[2, 1, 0, 3]",600,305.65810203552246,True,12.272259421167831,5,0.00048828125
0111110001,18724,"[2, 1, 0, 3]",600,305.6755065917969,False,12.272259421167831,5,0.00048828125
0111110001,18725,"[2, 1, 0, 3]",600,305.68885803222656,True,12.272259421167831,5,0.00048828125
1011110000,18726,"[2, 1, 0, 3]",600,305.7067394256592,False,24.226501930607157,5,0.00048828125
1011110000,18727,"[2, 1, 0, 3]",600,305.71961402893066,True,24.226501930607157,5,0.00048828125
1011110000,18728,"[2, 1, 0, 3]",600,305.7374954223633,False,24.226501930607157,5,0.00048828125
1011110000,18729,"[2, 1, 0, 3]",600,305.75060844421387,True,24.226501930607157,5,0.00048828125
1011110000,18730,"[2, 1, 0, 3]",600,305.7682514190674,False,24.226501930607157,5,0.00048828125
1011110000,18731,"[2, 1, 0, 3]",600,305.78136444091797,True,24.226501930607157,5,0.00048828125
1011110000,18732,"[2, 1, 0, 3]",600,305.7987689971924,False,24.226501930607157,5,0.00048828125
1011110000,18733,"[2, 1, 0, 3]",600,305.81164360046387,True,24.226501930607157,5,0.00048828125
1011110000,18734,"[2, 1, 0, 3]",600,305.8292865753174,False,24.226501930607157,5,0.00048828125
1011110000,18735,"[2, 1, 0, 3]",600,305.84239959716797,True,24.226501930607157,5,0.00048828125
1010111111,18736,"[3, 2, 1, 0]",9600,305.8600425720215,False,36.79785569269792,5,0.00048828125
1010111111,18737,"[3, 2, 1, 0]",9600,305.8736324310303,True,36.79785569269792,5,0.00048828125
1010111111,18738,"[3, 2, 1, 0]",9600,305.8912754058838,False,36.79785569269792,5,0.00048828125
1010111111,18739,"[3, 2, 1, 0]",9600,305.9043884277344,True,36.79785569269792,5,0.00048828125
1010111111,18740,"[3, 2, 1, 0]",9600,305.922269821167,False,36.79785569269792,5,0.00048828125
1010111111,18741,"[3, 2, 1, 0]",9600,305.9356212615967,True,36.79785569269792,5,0.00048828125
1010111111,18742,"[3, 2, 1, 0]",9600,305.9535026550293,False,36.79785569269792,5,0.00048828125
1010111111,18743,"[3, 2, 1, 0]",9600,305.9661388397217,True,36.79785569269792,5,0.00048828125
1010111111,18744,"[3, 2, 1, 0]",9600,305.985689163208,False,36.79785569269792,5,0.00048828125
1010111111,18745,"[3, 2, 1, 0]",9600,305.9988021850586,True,36.79785569269792,5,0.00048828125
1110111010,18746,"[2, 0, 3, 1]",6200,306.0166835784912,False,34.9307728644024,5,0.00048828125
1110111010,18747,"[2, 0, 1, 3]",500,306.0297966003418,True,34.9307728644024,5,0.00048828125
1110111010,18748,"[2, 0, 3, 1]",6200,306.0476779937744,False,34.9307728644024,5,0.00048828125
1110111010,18749,"[2, 0, 1, 3]",500,306.0610294342041,True,34.9307728644024,5,0.00048828125
1110111010,18750,"[2, 0, 3, 1]",6200,306.0789108276367,False,34.9307728644024,5,0.00048828125
1110111010,18751,"[2, 0, 1, 3]",500,306.0920238494873,True,34.9307728644024,5,0.00048828125
1110111010,18752,"[2, 0, 3, 1]",6200,306.1096668243408,False,34.9307728644024,5,0.00048828125
1110111010,18753,"[2, 0, 1, 3]",500,306.1230182647705,True,34.9307728644024,5,0.00048828125
1110111010,18754,"[2, 0, 3, 1]",6200,306.140661239624,False,34.9307728644024,5,0.00048828125
1110111010,18755,"[2, 0, 1, 3]",500,306.1535358428955,True,34.9307728644024,5,0.00048828125
0101101101,18756,"[3, 2, 1, 0]",9600,306.1716556549072,False,16.75766101326228,5,0.00048828125
0101101101,18757,"[3, 2, 1, 0]",9600,306.1845302581787,True,16.75766101326228,5,0.00048828125
0101101101,18758,"[3, 2, 1, 0]",9600,306.201696395874,False,16.75766101326228,5,0.00048828125
0101101101,18759,"[3, 2, 1, 0]",9600,306.2145709991455,True,16.75766101326228,5,0.00048828125
0101101101,18760,"[3, 2, 1, 0]",9600,306.2317371368408,False,16.75766101326228,5,0.00048828125
0101101101,18761,"[3, 2, 1, 0]",9600,306.2446117401123,True,16.75766101326228,5,0.00048828125
0101101101,18762,"[3, 2, 1, 0]",9600,306.2617778778076,False,16.75766101326228,5,0.00048828125
0101101101,18763,"[3, 2, 1, 0]",9600,306.2744140625,True,16.75766101326228,5,0.00048828125
0101101101,18764,"[3, 2, 1, 0]",9600,306.29467964172363,False,16.75766101326228,5,0.00048828125
0101101101,18765,"[3, 2, 1, 0]",9600,306.3075542449951,True,16.75766101326228,5,0.00048828125
0001100011,18766,"[2, 1, 3, 0]",9300,306.32495880126953,False,18.121627189805274,5,0.00048828125
0001100011,18767,"[2, 1, 0, 3]",600,306.3385486602783,True,18.121627189805274,5,0.00048828125
0001100011,18768,"[2, 1, 3, 0]",9300,306.35666847229004,False,18.121627189805274,5,0.00048828125
0001100011,18769,"[2, 1, 0, 3]",600,306.37049674987793,True,18.121627189805274,5,0.00048828125
0001100011,18770,"[2, 1, 3, 0]",9300,306.38980865478516,False,18.121627189805274,5,0.00048828125
0001100011,18771,"[2, 1, 0, 3]",600,306.40363693237305,True,18.121627189805274,5,0.00048828125
0001100011,18772,"[2, 1, 3, 0]",9300,306.42151832580566,False,18.121627189805274,5,0.00048828125
0001100011,18773,"[2, 1, 0, 3]",600,306.43463134765625,True,18.121627189805274,5,0.00048828125
0001100011,18774,"[2, 1, 3, 0]",9300,306.45203590393066,False,18.121627189805274,5,0.00048828125
0001100011,18775,"[2, 1, 0, 3]",600,306.46562576293945,True,18.121627189805274,5,0.00048828125
1011010011,18776,"[1, 0, 2, 3]",315,306.48350715637207,False,9.565077850771768,5,0.00048828125
1011010011,18777,"[1, 0, 2, 3]",315,306.49709701538086,True,9.565077850771768,5,0.00048828125
1011010011,18778,"[1, 0, 2, 3]",315,306.5147399902344,False,9.565077850771768,5,0.00048828125
1011010011,18779,"[1, 0, 2, 3]",315,306.52809143066406,True,9.565077850771768,5,0.00048828125
1011010011,18780,"[1, 0, 2, 3]",315,306.5457344055176,False,9.565077850771768,5,0.00048828125
1011010011,18781,"[1, 0, 2, 3]",315,306.55884742736816,True,9.565077850771768,5,0.00048828125
1011010011,18782,"[1, 0, 2, 3]",315,306.5762519836426,False,9.565077850771768,5,0.00048828125
1011010011,18783,"[1, 0, 2, 3]",315,306.58960342407227,True,9.565077850771768,5,0.00048828125
1011010011,18784,"[1, 0, 2, 3]",315,306.6072463989258,False,9.565077850771768,5,0.00048828125
1011010011,18785,"[1, 0, 2, 3]",315,306.62059783935547,True,9.565077850771768,5,0.00048828125
1111110011,18786,"[2, 1, 0, 3]",600,306.6396713256836,False,14.272259421167831,5,0.00048828125
1111110011,18787,"[2, 1, 0, 3]",600,306.6532611846924,True,14.272259421167831,5,0.00048828125
1111110011,18788,"[2, 1, 0, 3]",600,306.6709041595459,False,14.272259421167831,5,0.00048828125
1111110011,18789,"[2, 1, 0, 3]",600,306.6842555999756,True,14.272259421167831,5,0.00048828125
1111110011,18790,"[2, 1, 0, 3]",600,306.70166015625,False,14.272259421167831,5,0.00048828125
1111110011,18791,"[2, 1, 0, 3]",600,306.7150115966797,True,14.272259421167831,5,0.00048828125
1111110011,18792,"[2, 1, 0, 3]",600,306.7324161529541,False,14.272259421167831,5,0.00048828125
1111110011,18793,"[2, 1, 0, 3]",600,306.7457675933838,True,14.272259421167831,5,0.00048828125
1111110011,18794,"[2, 1, 0, 3]",600,306.7634105682373,False,14.272259421167831,5,0.00048828125
1111110011,18795,"[2, 1, 0, 3]",600,306.7772388458252,True,14.272259421167831,5,0.00048828125
1001000110,18796,"[0, 3, 1, 2]",750,306.7951202392578,False,15.039536643254078,5,0.00048828125
1001000110,18797,"[0, 1, 3, 2]",465,306.8091869354248,True,15.039536643254078,5,0.00048828125
1001000110,18798,"[0, 3, 1, 2]",750,306.8268299102783,False,15.039536643254078,5,0.00048828125
1001000110,18799,"[0, 1, 3, 2]",465,306.840181350708,True,15.039536643254078,5,0.00048828125
1001000110,18800,"[0, 3, 1, 2]",750,306.85949325561523,False,15.039536643254078,5,0.00048828125
1001000110,18801,"[0, 1, 3, 2]",465,306.8723678588867,True,15.039536643254078,5,0.00048828125
1001000110,18802,"[0, 3, 1, 2]",750,306.89001083374023,False,15.039536643254078,5,0.00048828125
1001000110,18803,"[0, 1, 3, 2]",465,306.9031238555908,True,15.039536643254078,5,0.00048828125
1001000110,18804,"[0, 3, 1, 2]",750,306.92028999328613,False,15.039536643254078,5,0.00048828125
1001000110,18805,"[0, 1, 3, 2]",465,306.9336414337158,True,15.039536643254078,5,0.00048828125
1001111001,18806,"[2, 3, 0, 1]",6600,306.95295333862305,False,26.456314071920083,5,0.00048828125
1001111001,18807,"[2, 3, 0, 1]",6600,306.96654319763184,True,26.456314071920083,5,0.00048828125
1001111001,18808,"[2, 3, 0, 1]",6600,306.98418617248535,False,26.456314071920083,5,0.00048828125
1001111001,18809,"[2, 3, 0, 1]",6600,306.99706077575684,True,26.456314071920083,5,0.00048828125
1001111001,18810,"[2, 3, 0, 1]",6600,307.01446533203125,False,26.456314071920083,5,0.00048828125
1001111001,18811,"[2, 3, 0, 1]",6600,307.02733993530273,True,26.456314071920083,5,0.00048828125
1001111001,18812,"[2, 3, 0, 1]",6600,307.04450607299805,False,26.456314071920083,5,0.00048828125
1001111001,18813,"[2, 3, 0, 1]",6600,307.05714225769043,True,26.456314071920083,5,0.00048828125
1001111001,18814,"[2, 3, 0, 1]",6600,307.07454681396484,False,26.456314071920083,5,0.00048828125
1001111001,18815,"[2, 3, 0, 1]",6600,307.0871829986572,True,26.456314071920083,5,0.00048828125
0110111101,18816,"[3, 2, 1, 0]",9600,307.10434913635254,False,29.35415819346521,5,0.00048828125
0110111101,18817,"[3, 2, 1, 0]",9600,307.1179389953613,True,29.35415819346521,5,0.00048828125
0110111101,18818,"[3, 2, 1, 0]",9600,307.13605880737305,False,29.35415819346521,5,0.00048828125
0110111101,18819,"[3, 2, 1, 0]",9600,307.14964866638184,True,29.35415819346521,5,0.00048828125
0110111101,18820,"[3, 2, 1, 0]",9600,307.16919898986816,False,29.35415819346521,5,0.00048828125
0110111101,18821,"[3, 2, 1, 0]",9600,307.18255043029785,True,29.35415819346521,5,0.00048828125
0110111101,18822,"[3, 2, 1, 0]",9600,307.19995498657227,False,29.35415819346521,5,0.00048828125
0110111101,18823,"[3, 2, 1, 0]",9600,307.21306800842285,True,29.35415819346521,5,0.00048828125
0110111101,18824,"[3, 2, 1, 0]",9600,307.23071098327637,False,29.35415819346521,5,0.00048828125
0110111101,18825,"[3, 2, 1, 0]",9600,307.24334716796875,True,29.35415819346521,5,0.00048828125
1101010011,18826,"[0, 2, 1, 3]",500,307.26146697998047,False,10.136129710583916,5,0.00048828125
1101010011,18827,"[0, 1, 2, 3]",315,307.27481842041016,True,10.136129710583916,5,0.00048828125
1101010011,18828,"[0, 2, 1, 3]",500,307.2946071624756,False,10.136129710583916,5,0.00048828125
1101010011,18829,"[0, 1, 2, 3]",315,307.3081970214844,True,10.136129710583916,5,0.00048828125
1101010011,18830,"[0, 2, 1, 3]",500,307.3258399963379,False,10.136129710583916,5,0.00048828125
1101010011,18831,"[0, 1, 2, 3]",315,307.3391914367676,True,10.136129710583916,5,0.00048828125
1101010011,18832,"[0, 2, 1, 3]",500,307.3570728302002,False,10.136129710583916,5,0.00048828125
1101010011,18833,"[0, 1, 2, 3]",315,307.3704242706299,True,10.136129710583916,5,0.00048828125
1101010011,18834,"[0, 2, 1, 3]",500,307.3878288269043,False,10.136129710583916,5,0.00048828125
1101010011,18835,"[0, 1, 2, 3]",315,307.4009418487549,True,10.136129710583916,5,0.00048828125
0111001011,18836,"[1, 3, 0, 2]",900,307.4185848236084,False,10.116302265330567,5,0.00048828125
0111001011,18837,"[1, 0, 3, 2]",465,307.4319362640381,True,10.116302265330567,5,0.00048828125
0111001011,18838,"[1, 3, 0, 2]",900,307.4493408203125,False,10.116302265330567,5,0.00048828125
0111001011,18839,"[1, 0, 3, 2]",465,307.4624538421631,True,10.116302265330567,5,0.00048828125
0111001011,18840,"[1, 3, 0, 2]",900,307.4803352355957,False,10.116302265330567,5,0.00048828125
0111001011,18841,"[1, 0, 3, 2]",465,307.4934482574463,True,10.116302265330567,5,0.00048828125
0111001011,18842,"[1, 3, 0, 2]",900,307.5106143951416,False,10.116302265330567,5,0.00048828125
0111001011,18843,"[1, 0, 3, 2]",465,307.5239658355713,True,10.116302265330567,5,0.00048828125
0111001011,18844,"[1, 3, 0, 2]",900,307.5416088104248,False,10.116302265330567,5,0.00048828125
0111001011,18845,"[1, 0, 3, 2]",465,307.5549602508545,True,10.116302265330567,5,0.00048828125
1011001010,18846,"[1, 3, 0, 2]",900,307.572603225708,False,22.422727292881255,5,0.00048828125
1011001010,18847,"[1, 0, 3, 2]",465,307.5861930847168,True,22.422727292881255,5,0.00048828125
1011001010,18848,"[1, 3, 0, 2]",900,307.605504989624,False,22.422727292881255,5,0.00048828125
1011001010,18849,"[1, 0, 3, 2]",465,307.6190948486328,True,22.422727292881255,5,0.00048828125
1011001010,18850,"[1, 3, 0, 2]",900,307.6364994049072,False,22.422727292881255,5,0.00048828125
1011001010,18851,"[1, 0, 3, 2]",465,307.6493740081787,True,22.422727292881255,5,0.00048828125
1011001010,18852,"[1, 3, 0, 2]",900,307.6667785644531,False,22.422727292881255,5,0.00048828125
1011001010,18853,"[1, 0, 3, 2]",465,307.6798915863037,True,22.422727292881255,5,0.00048828125
1011001010,18854,"[1, 3, 0, 2]",900,307.6972961425781,False,22.422727292881255,5,0.00048828125
1011001010,18855,"[1, 0, 3, 2]",465,307.7104091644287,True,22.422727292881255,5,0.00048828125
1001110011,18856,"[2, 0, 1, 3]",500,307.7280521392822,False,11.874566250762012,5,0.00048828125
1001110011,18857,"[2, 0, 1, 3]",500,307.7418804168701,True,11.874566250762012,5,0.00048828125
1001110011,18858,"[2, 0, 1, 3]",500,307.75952339172363,False,11.874566250762012,5,0.00048828125
1001110011,18859,"[2, 0, 1, 3]",500,307.7728748321533,True,11.874566250762012,5,0.00048828125
1001110011,18860,"[2, 0, 1, 3]",500,307.79075622558594,False,11.874566250762012,5,0.00048828125
1001110011,18861,"[2, 0, 1, 3]",500,307.8038692474365,True,11.874566250762012,5,0.00048828125
1001110011,18862,"[2, 0, 1, 3]",500,307.82151222229004,False,11.874566250762012,5,0.00048828125
1001110011,18863,"[2, 0, 1, 3]",500,307.8343868255615,True,11.874566250762012,5,0.00048828125
1001110011,18864,"[2, 0, 1, 3]",500,307.85608291625977,False,11.874566250762012,5,0.00048828125
1001110011,18865,"[2, 0, 1, 3]",500,307.86871910095215,True,11.874566250762012,5,0.00048828125
1000011000,18866,"[3, 0, 2, 1]",6300,307.88683891296387,False,19.828808760201333,5,0.00048828125
1000011000,18867,"[3, 0, 1, 2]",750,307.89995193481445,True,19.828808760201333,5,0.00048828125
1000011000,18868,"[3, 0, 2, 1]",6300,307.9197406768799,False,19.828808760201333,5,0.00048828125
1000011000,18869,"[3, 0, 1, 2]",750,307.9338073730469,True,19.828808760201333,5,0.00048828125
1000011000,18870,"[3, 0, 2, 1]",6300,307.9533576965332,False,19.828808760201333,5,0.00048828125
1000011000,18871,"[3, 0, 1, 2]",750,307.966947555542,True,19.828808760201333,5,0.00048828125
1000011000,18872,"[3, 0, 2, 1]",6300,307.9845905303955,False,19.828808760201333,5,0.00048828125
1000011000,18873,"[3, 0, 1, 2]",750,307.9981803894043,True,19.828808760201333,5,0.00048828125
1000011000,18874,"[3, 0, 2, 1]",6300,308.0158233642578,False,19.828808760201333,5,0.00048828125
1000011000,18875,"[3, 0, 1, 2]",750,308.0294132232666,True,19.828808760201333,5,0.00048828125
0000101001,18876,"[3, 2, 1, 0]",9600,308.0470561981201,False,34.718124370008205,5,0.00048828125
0000101001,18877,"[3, 2, 1, 0]",9600,308.0606460571289,True,34.718124370008205,5,0.00048828125
0000101001,18878,"[3, 2, 1, 0]",9600,308.0782890319824,False,34.718124370008205,5,0.00048828125
0000101001,18879,"[3, 2, 1, 0]",9600,308.0916404724121,True,34.718124370008205,5,0.00048828125
0000101001,18880,"[3, 2, 1, 0]",9600,308.1088066101074,False,34.718124370008205,5,0.00048828125
0000101001,18881,"[3, 2, 1, 0]",9600,308.121919631958,True,34.718124370008205,5,0.00048828125
0000101001,18882,"[3, 2, 1, 0]",9600,308.1390857696533,False,34.718124370008205,5,0.00048828125
0000101001,18883,"[3, 2, 1, 0]",9600,308.1521987915039,True,34.718124370008205,5,0.00048828125
0000101001,18884,"[3, 2, 1, 0]",9600,308.1698417663574,False,34.718124370008205,5,0.00048828125
0000101001,18885,"[3, 2, 1, 0]",9600,308.1827163696289,True,34.718124370008205,5,0.00048828125
1100101100,18886,"[3, 0, 2, 1]",6300,308.2005977630615,False,26.41055658135941,5,0.00048828125
1100101100,18887,"[3, 0, 1, 2]",750,308.2139492034912,True,26.41055658135941,5,0.00048828125
1100101100,18888,"[3, 0, 2, 1]",6300,308.2318305969238,False,26.41055658135941,5,0.00048828125
1100101100,18889,"[3, 0, 1, 2]",750,308.2451820373535,True,26.41055658135941,5,0.00048828125
1100101100,18890,"[3, 0, 2, 1]",6300,308.26473236083984,False,26.41055658135941,5,0.00048828125
1100101100,18891,"[3, 0, 1, 2]",750,308.2776069641113,True,26.41055658135941,5,0.00048828125
1100101100,18892,"[3, 0, 2, 1]",6300,308.29548835754395,False,26.41055658135941,5,0.00048828125
1100101100,18893,"[3, 0, 1, 2]",750,308.30836296081543,True,26.41055658135941,5,0.00048828125
1100101100,18894,"[3, 0, 2, 1]",6300,308.32600593566895,False,26.41055658135941,5,0.00048828125
1100101100,18895,"[3, 0, 1, 2]",750,308.33911895751953,True,26.41055658135941,5,0.00048828125
0010000100,18896,"[1, 3, 2, 0]",9450,308.35700035095215,False,15.565077850771768,5,0.00048828125
0010000100,18897,"[1, 0, 3, 2]",465,308.37059020996094,True,15.565077850771768,5,0.00048828125
0010000100,18898,"[1, 3, 2, 0]",9450,308.38823318481445,False,15.565077850771768,5,0.00048828125
0010000100,18899,"[1, 0, 3, 2]",465,308.40182304382324,True,15.565077850771768,5,0.00048828125
0010000100,18900,"[1, 3, 2, 0]",9450,308.41946601867676,False,15.565077850771768,5,0.00048828125
0010000100,18901,"[1, 0, 3, 2]",465,308.43305587768555,True,15.565077850771768,5,0.00048828125
0010000100,18902,"[1, 3, 2, 0]",9450,308.45046043395996,False,15.565077850771768,5,0.00048828125
0010000100,18903,"[1, 0, 3, 2]",465,308.46381187438965,True,15.565077850771768,5,0.00048828125
0010000100,18904,"[1, 3, 2, 0]",9450,308.48121643066406,False,15.565077850771768,5,0.00048828125
0010000100,18905,"[1, 0, 3, 2]",465,308.49456787109375,True,15.565077850771768,5,0.00048828125
0000110010,18906,"[2, 3, 1, 0]",9600,308.51221084594727,False,15.783298107906877,5,0.00048828125
0000110010,18907,"[2, 3, 1, 0]",9600,308.52556228637695,True,15.783298107906877,5,0.00048828125
0000110010,18908,"[2, 3, 1, 0]",9600,308.54296684265137,False,15.783298107906877,5,0.00048828125
0000110010,18909,"[2, 3, 1, 0]",9600,308.55607986450195,True,15.783298107906877,5,0.00048828125
0000110010,18910,"[2, 3, 1, 0]",9600,308.57396125793457,False,15.783298107906877,5,0.00048828125
0000110010,18911,"[2, 3, 1, 0]",9600,308.6090087890625,True,15.783298107906877,5,0.00048828125
0000110010,18912,"[2, 3, 1, 0]",9600,308.63022804260254,False,15.783298107906877,5,0.00048828125
0000110010,18913,"[2, 3, 1, 0]",9600,308.6435794830322,True,15.783298107906877,5,0.00048828125
0000110010,18914,"[2, 3, 1, 0]",9600,308.66122245788574,False,15.783298107906877,5,0.00048828125
0000110010,18915,"[2, 3, 1, 0]",9600,308.6740970611572,True,15.783298107906877,5,0.00048828125
1110100110,18916,"[0, 2, 1, 3]",500,308.69197845458984,False,20.27225942116783,5,0.00048828125
1110100110,18917,"[0, 1, 2, 3]",315,308.70580673217773,True,20.27225942116783,5,0.00048828125
1110100110,18918,"[0, 2, 1, 3]",500,308.72344970703125,False,20.27225942116783,5,0.00048828125
1110100110,18919,"[0, 1, 2, 3]",315,308.73727798461914,True,20.27225942116783,5,0.00048828125
1110100110,18920,"[0, 2, 1, 3]",500,308.75658988952637,False,20.27225942116783,5,0.00048828125
1110100110,18921,"[0, 1, 2, 3]",315,308.76994132995605,True,20.27225942116783,5,0.00048828125
1110100110,18922,"[0, 2, 1, 3]",500,308.78734588623047,False,20.27225942116783,5,0.00048828125
1110100110,18923,"[0, 1, 2, 3]",315,308.80069732666016,True,20.27225942116783,5,0.00048828125
1110100110,18924,"[0, 2, 1, 3]",500,308.8183403015137,False,20.27225942116783,5,0.00048828125
1110100110,18925,"[0, 1, 2, 3]",315,308.83169174194336,True,20.27225942116783,5,0.00048828125
1110101111,18926,"[3, 0, 2, 1]",6300,308.8490962982178,False,33.8179210246016,5,0.00048828125
1110101111,18927,"[3, 0, 1, 2]",750,308.86268615722656,True,33.8179210246016,5,0.00048828125
1110101111,18928,"[3, 0, 2, 1]",6300,308.8803291320801,False,33.8179210246016,5,0.00048828125
1110101111,18929,"[3, 0, 1, 2]",750,308.89391899108887,True,33.8179210246016,5,0.00048828125
1110101111,18930,"[3, 0, 2, 1]",6300,308.9115619659424,False,33.8179210246016,5,0.00048828125
1110101111,18931,"[3, 0, 1, 2]",750,308.9251518249512,True,33.8179210246016,5,0.00048828125
1110101111,18932,"[3, 0, 2, 1]",6300,308.9442253112793,False,33.8179210246016,5,0.00048828125
1110101111,18933,"[3, 0, 1, 2]",750,308.957576751709,True,33.8179210246016,5,0.00048828125
1110101111,18934,"[3, 0, 2, 1]",6300,308.9749813079834,False,33.8179210246016,5,0.00048828125
1110101111,18935,"[3, 0, 1, 2]",750,308.9883327484131,True,33.8179210246016,5,0.00048828125
1101100100,18936,"[0, 2, 3, 1]",6200,309.0059757232666,False,20.64070071175015,5,0.00048828125
1101100100,18937,"[0, 1, 2, 3]",315,309.0193271636963,True,20.64070071175015,5,0.00048828125
1101100100,18938,"[0, 2, 3, 1]",6200,309.0369701385498,False,20.64070071175015,5,0.00048828125
1101100100,18939,"[0, 1, 2, 3]",315,309.0503215789795,True,20.64070071175015,5,0.00048828125
1101100100,18940,"[0, 2, 3, 1]",6200,309.0682029724121,False,20.64070071175015,5,0.00048828125
1101100100,18941,"[0, 1, 2, 3]",315,309.0813159942627,True,20.64070071175015,5,0.00048828125
1101100100,18942,"[0, 2, 3, 1]",6200,309.0989589691162,False,20.64070071175015,5,0.00048828125
1101100100,18943,"[0, 1, 2, 3]",315,309.1120719909668,True,20.64070071175015,5,0.00048828125
1101100100,18944,"[0, 2, 3, 1]",6200,309.1297149658203,False,20.64070071175015,5,0.00048828125
1101100100,18945,"[0, 1, 2, 3]",315,309.1423511505127,True,20.64070071175015,5,0.00048828125
0000000000,18946,"[3, 2, 1, 0]",9600,309.1599941253662,False,26.0,5,0.00048828125
0000000000,18947,"[3, 2, 1, 0]",9600,309.173583984375,True,26.0,5,0.00048828125
0000000000,18948,"[3, 2, 1, 0]",9600,309.1912269592285,False,26.0,5,0.00048828125
0000000000,18949,"[3, 2, 1, 0]",9600,309.2043399810791,True,26.0,5,0.00048828125
0000000000,18950,"[3, 2, 1, 0]",9600,309.2219829559326,False,26.0,5,0.00048828125
0000000000,18951,"[3, 2, 1, 0]",9600,309.2350959777832,True,26.0,5,0.00048828125
0000000000,18952,"[3, 2, 1, 0]",9600,309.2532157897949,False,26.0,5,0.00048828125
0000000000,18953,"[3, 2, 1, 0]",9600,309.2663288116455,True,26.0,5,0.00048828125
0000000000,18954,"[3, 2, 1, 0]",9600,309.28587913513184,False,26.0,5,0.00048828125
0000000000,18955,"[3, 2, 1, 0]",9600,309.2987537384033,True,26.0,5,0.00048828125
1001001001,18956,"[3, 0, 1, 2]",750,309.31711196899414,False,20.16713784209973,5,0.00048828125
1001001001,18957,"[3, 0, 1, 2]",750,309.33094024658203,True,20.16713784209973,5,0.00048828125
1001001001,18958,"[3, 0, 1, 2]",750,309.34882164001465,False,20.16713784209973,5,0.00048828125
1001001001,18959,"[3, 0, 1, 2]",750,309.36217308044434,True,20.16713784209973,5,0.00048828125
1001001001,18960,"[3, 0, 1, 2]",750,309.38005447387695,False,20.16713784209973,5,0.00048828125
1001001001,18961,"[3, 0, 1, 2]",750,309.39340591430664,True,20.16713784209973,5,0.00048828125
1001001001,18962,"[3, 0, 1, 2]",750,309.41128730773926,False,20.16713784209973,5,0.00048828125
1001001001,18963,"[3, 0, 1, 2]",750,309.42487716674805,True,20.16713784209973,5,0.00048828125
1001001001,18964,"[3, 0, 1, 2]",750,309.44275856018066,False,20.16713784209973,5,0.00048828125
1001001001,18965,"[3, 0, 1, 2]",750,309.45634841918945,True,20.16713784209973,5,0.00048828125
1010000010,18966,"[1, 0, 3, 2]",465,309.4744682312012,False,23.383190649627178,5,0.00048828125
1010000010,18967,"[1, 0, 3, 2]",465,309.48805809020996,True,23.383190649627178,5,0.00048828125
1010000010,18968,"[1, 0, 3, 2]",465,309.5083236694336,False,23.383190649627178,5,0.00048828125
1010000010,18969,"[1, 0, 3, 2]",465,309.5221519470215,True,23.383190649627178,5,0.00048828125
1010000010,18970,"[1, 0, 3, 2]",465,309.5414638519287,False,23.383190649627178,5,0.00048828125
1010000010,18971,"[1, 0, 3, 2]",465,309.5548152923584,True,23.383190649627178,5,0.00048828125
1010000010,18972,"[1, 0, 3, 2]",465,309.5724582672119,False,23.383190649627178,5,0.00048828125
1010000010,18973,"[1, 0, 3, 2]",465,309.5858097076416,True,23.383190649627178,5,0.00048828125
1010000010,18974,"[1, 0, 3, 2]",465,309.6048831939697,False,23.383190649627178,5,0.00048828125
1010000010,18975,"[1, 0, 3, 2]",465,309.6177577972412,True,23.383190649627178,5,0.00048828125
0001111110,18976,"[3, 2, 1, 0]",9600,309.6356391906738,False,22.797855692697922,5,0.00048828125
0001111110,18977,"[3, 2, 1, 0]",9600,309.6492290496826,True,22.797855692697922,5,0.00048828125
0001111110,18978,"[3, 2, 1, 0]",9600,309.66687202453613,False,22.797855692697922,5,0.00048828125
0001111110,18979,"[3, 2, 1, 0]",9600,309.6802234649658,True,22.797855692697922,5,0.00048828125
0001111110,18980,"[3, 2, 1, 0]",9600,309.69810485839844,False,22.797855692697922,5,0.00048828125
0001111110,18981,"[3, 2, 1, 0]",9600,309.711217880249,True,22.797855692697922,5,0.00048828125
0001111110,18982,"[3, 2, 1, 0]",9600,309.72886085510254,False,22.797855692697922,5,0.00048828125
0001111110,18983,"[3, 2, 1, 0]",9600,309.7419738769531,True,22.797855692697922,5,0.00048828125
0001111110,18984,"[3, 2, 1, 0]",9600,309.75961685180664,False,22.797855692697922,5,0.00048828125
0001111110,18985,"[3, 2, 1, 0]",9600,309.7727298736572,True,22.797855692697922,5,0.00048828125
1100110011,18986,"[2, 0, 3, 1]",6200,309.79037284851074,False,9.385358099234839,5,0.00048828125
1100110011,18987,"[2, 0, 1, 3]",500,309.80396270751953,True,9.385358099234839,5,0.00048828125
1100110011,18988,"[2, 0, 3, 1]",6200,309.82160568237305,False,9.385358099234839,5,0.00048828125
1100110011,18989,"[2, 0, 1, 3]",500,309.83471870422363,True,9.385358099234839,5,0.00048828125
1100110011,18990,"[2, 0, 3, 1]",6200,309.85260009765625,False,9.385358099234839,5,0.00048828125
1100110011,18991,"[2, 0, 1, 3]",500,309.86571311950684,True,9.385358099234839,5,0.00048828125
1100110011,18992,"[2, 0, 3, 1]",6200,309.88335609436035,False,9.385358099234839,5,0.00048828125
1100110011,18993,"[2, 0, 1, 3]",500,309.89646911621094,True,9.385358099234839,5,0.00048828125
1100110011,18994,"[2, 0, 3, 1]",6200,309.91435050964355,False,9.385358099234839,5,0.00048828125
1100110011,18995,"[2, 0, 1, 3]",500,309.92722511291504,True,9.385358099234839,5,0.00048828125
0100001111,18996,"[3, 0, 2, 1]",6300,309.94677543640137,False,12.409531892849856,5,0.00048828125
0100001111,18997,"[3, 0, 1, 2]",750,309.95988845825195,True,12.409531892849856,5,0.00048828125
0100001111,18998,"[3, 0, 2, 1]",6300,309.97776985168457,False,12.409531892849856,5,0.00048828125
0100001111,18999,"[3, 0, 1, 2]",750,309.99112129211426,True,12.409531892849856,5,0.00048828125
0100001111,19000,"[3, 0, 2, 1]",6300,310.0085258483887,False,12.409531892849856,5,0.00048828125
0100001111,19001,"[3, 0, 1, 2]",750,310.02163887023926,True,12.409531892849856,5,0.00048828125
0100001111,19002,"[3, 0, 2, 1]",6300,310.0392818450928,False,12.409531892849856,5,0.00048828125
0100001111,19003,"[3, 0, 1, 2]",750,310.05191802978516,True,12.409531892849856,5,0.00048828125
0100001111,19004,"[3, 0, 2, 1]",6300,310.0700378417969,False,12.409531892849856,5,0.00048828125
0100001111,19005,"[3, 0, 1, 2]",750,310.08291244506836,True,12.409531892849856,5,0.00048828125
1101101100,19006,"[3, 0, 2, 1]",6300,310.100793838501,False,31.620388541580255,5,0.00048828125
1101101100,19007,"[3, 0, 1, 2]",750,310.11414527893066,True,31.620388541580255,5,0.00048828125
1101101100,19008,"[3, 0, 2, 1]",6300,310.1317882537842,False,31.620388541580255,5,0.00048828125
1101101100,19009,"[3, 0, 1, 2]",750,310.14490127563477,True,31.620388541580255,5,0.00048828125
1101101100,19010,"[3, 0, 2, 1]",6300,310.1623058319092,False,31.620388541580255,5,0.00048828125
1101101100,19011,"[3, 0, 1, 2]",750,310.17565727233887,True,31.620388541580255,5,0.00048828125
1101101100,19012,"[3, 0, 2, 1]",6300,310.1930618286133,False,31.620388541580255,5,0.00048828125
1101101100,19013,"[3, 0, 1, 2]",750,310.20593643188477,True,31.620388541580255,5,0.00048828125
1101101100,19014,"[3, 0, 2, 1]",6300,310.2233409881592,False,31.620388541580255,5,0.00048828125
1101101100,19015,"[3, 0, 1, 2]",750,310.23693084716797,True,31.620388541580255,5,0.00048828125
0100111011,19016,"[2, 3, 0, 1]",6600,310.2564811706543,False,14.854500918858335,5,0.00048828125
0100111011,19017,"[2, 3, 0, 1]",6600,310.269832611084,True,14.854500918858335,5,0.00048828125
0100111011,19018,"[2, 3, 0, 1]",6600,310.2874755859375,False,14.854500918858335,5,0.00048828125
0100111011,19019,"[2, 3, 0, 1]",6600,310.3010654449463,True,14.854500918858335,5,0.00048828125
0100111011,19020,"[2, 3, 0, 1]",6600,310.3189468383789,False,14.854500918858335,5,0.00048828125
0100111011,19021,"[2, 3, 0, 1]",6600,310.3322982788086,True,14.854500918858335,5,0.00048828125
0100111011,19022,"[2, 3, 0, 1]",6600,310.352087020874,False,14.854500918858335,5,0.00048828125
0100111011,19023,"[2, 3, 0, 1]",6600,310.3647232055664,True,14.854500918858335,5,0.00048828125
0100111011,19024,"[2, 3, 0, 1]",6600,310.382604598999,False,14.854500918858335,5,0.00048828125
0100111011,19025,"[2, 3, 0, 1]",6600,310.3952407836914,True,14.854500918858335,5,0.00048828125
1000001000,19026,"[3, 0, 2, 1]",6300,310.4128837585449,False,28.136129710583916,4,0.000390625
1000001000,19027,"[3, 0, 1, 2]",750,310.4262351989746,True,28.136129710583916,4,0.000390625
1000001000,19028,"[3, 0, 2, 1]",6300,310.4441165924072,False,28.136129710583916,4,0.000390625
1000001000,19029,"[3, 0, 1, 2]",750,310.457706451416,True,28.136129710583916,4,0.000390625
1000001000,19030,"[3, 0, 2, 1]",6300,310.47534942626953,False,28.136129710583916,4,0.000390625
1000001000,19031,"[3, 0, 1, 2]",750,310.4889392852783,True,28.136129710583916,4,0.000390625
1000001000,19032,"[3, 0, 2, 1]",6300,310.50658226013184,False,28.136129710583916,4,0.000390625
1000001000,19033,"[3, 0, 1, 2]",750,310.5199337005615,True,28.136129710583916,4,0.000390625
0111001000,19034,"[1, 3, 0, 2]",900,310.53757667541504,False,15.774909810992618,4,0.000390625
0111001000,19035,"[1, 0, 3, 2]",465,310.5509281158447,True,15.774909810992618,4,0.000390625
0111001000,19036,"[1, 3, 0, 2]",900,310.56928634643555,False,15.774909810992618,4,0.000390625
0111001000,19037,"[1, 0, 3, 2]",465,310.58263778686523,True,15.774909810992618,4,0.000390625
0111001000,19038,"[1, 3, 0, 2]",900,310.60218811035156,False,15.774909810992618,4,0.000390625
0111001000,19039,"[1, 0, 3, 2]",465,310.61553955078125,True,15.774909810992618,4,0.000390625
0111001000,19040,"[1, 3, 0, 2]",900,310.63318252563477,False,15.774909810992618,4,0.000390625
0111001000,19041,"[1, 0, 3, 2]",465,310.64677238464355,True,15.774909810992618,4,0.000390625
0101101000,19042,"[3, 2, 1, 0]",9600,310.66441535949707,False,18.453497537746742,4,0.000390625
0101101000,19043,"[3, 2, 1, 0]",9600,310.67776679992676,True,18.453497537746742,4,0.000390625
0101101000,19044,"[3, 2, 1, 0]",9600,310.6954097747803,False,18.453497537746742,4,0.000390625
0101101000,19045,"[3, 2, 1, 0]",9600,310.70828437805176,True,18.453497537746742,4,0.000390625
0101101000,19046,"[3, 2, 1, 0]",9600,310.7256889343262,False,18.453497537746742,4,0.000390625
0101101000,19047,"[3, 2, 1, 0]",9600,310.73880195617676,True,18.453497537746742,4,0.000390625
0101101000,19048,"[3, 2, 1, 0]",9600,310.7564449310303,False,18.453497537746742,4,0.000390625
0101101000,19049,"[3, 2, 1, 0]",9600,310.76955795288086,True,18.453497537746742,4,0.000390625
0101000011,19050,"[1, 0, 3, 2]",465,310.7872009277344,False,16.383190649627178,4,0.000390625
0101000011,19051,"[1, 0, 3, 2]",465,310.80079078674316,True,16.383190649627178,4,0.000390625
0101000011,19052,"[1, 0, 3, 2]",465,310.8184337615967,False,16.383190649627178,4,0.000390625
0101000011,19053,"[1, 0, 3, 2]",465,310.83202362060547,True,16.383190649627178,4,0.000390625
0101000011,19054,"[1, 0, 3, 2]",465,310.849666595459,False,16.383190649627178,4,0.000390625
0101000011,19055,"[1, 0, 3, 2]",465,310.8632564544678,True,16.383190649627178,4,0.000390625
0101000011,19056,"[1, 0, 3, 2]",465,310.8808994293213,False,16.383190649627178,4,0.000390625
0101000011,19057,"[1, 0, 3, 2]",465,310.894250869751,True,16.383190649627178,4,0.000390625
0001111001,19058,"[2, 3, 1, 0]",9600,310.9138011932373,False,15.900011571152795,4,0.000390625
0001111001,19059,"[2, 3, 1, 0]",9600,310.927152633667,True,15.900011571152795,4,0.000390625
0001111001,19060,"[2, 3, 1, 0]",9600,310.9447956085205,False,15.900011571152795,4,0.000390625
0001111001,19061,"[2, 3, 1, 0]",9600,310.957670211792,True,15.900011571152795,4,0.000390625
0001111001,19062,"[2, 3, 1, 0]",9600,310.9748363494873,False,15.900011571152795,4,0.000390625
0001111001,19063,"[2, 3, 1, 0]",9600,310.988187789917,True,15.900011571152795,4,0.000390625
0001111001,19064,"[2, 3, 1, 0]",9600,311.0053539276123,False,15.900011571152795,4,0.000390625
0001111001,19065,"[2, 3, 1, 0]",9600,311.0184669494629,True,15.900011571152795,4,0.000390625
1110000100,19066,"[0, 1, 3, 2]",465,311.0361099243164,False,14.871502878322456,4,0.000390625
1110000100,19067,"[0, 1, 3, 2]",465,311.0499382019043,True,14.871502878322456,4,0.000390625
1110000100,19068,"[0, 1, 3, 2]",465,311.0678195953369,False,14.871502878322456,4,0.000390625
1110000100,19069,"[0, 1, 3, 2]",465,311.0811710357666,True,14.871502878322456,4,0.000390625
1110000100,19070,"[0, 1, 3, 2]",465,311.0990524291992,False,14.871502878322456,4,0.000390625
1110000100,19071,"[0, 1, 3, 2]",465,311.1124038696289,True,14.871502878322456,4,0.000390625
1110000100,19072,"[0, 1, 3, 2]",465,311.13147735595703,False,14.871502878322456,4,0.000390625
1110000100,19073,"[0, 1, 3, 2]",465,311.1445903778076,True,14.871502878322456,4,0.000390625
0011100111,19074,"[1, 2, 3, 0]",9300,311.16199493408203,False,12.91499881684798,4,0.000390625
0011100111,19075,"[1, 0, 2, 3]",315,311.1753463745117,True,12.91499881684798,4,0.000390625
0011100111,19076,"[1, 2, 3, 0]",9300,311.19298934936523,False,12.91499881684798,4,0.000390625
0011100111,19077,"[1, 0, 2, 3]",315,311.2061023712158,True,12.91499881684798,4,0.000390625
0011100111,19078,"[1, 2, 3, 0]",9300,311.22374534606934,False,12.91499881684798,4,0.000390625
0011100111,19079,"[1, 0, 2, 3]",315,311.237096786499,True,12.91499881684798,4,0.000390625
0011100111,19080,"[1, 2, 3, 0]",9300,311.25664710998535,False,12.91499881684798,4,0.000390625
0011100111,19081,"[1, 0, 2, 3]",315,311.27023696899414,True,12.91499881684798,4,0.000390625
1111001111,19082,"[3, 1, 0, 2]",900,311.28787994384766,False,16.079073286508155,4,0.000390625
1111001111,19083,"[3, 1, 0, 2]",900,311.30170822143555,True,16.079073286508155,4,0.000390625
1111001111,19084,"[3, 1, 0, 2]",900,311.31982803344727,False,16.079073286508155,4,0.000390625
1111001111,19085,"[3, 1, 0, 2]",900,311.33317947387695,True,16.079073286508155,4,0.000390625
1111001111,19086,"[3, 1, 0, 2]",900,311.35058403015137,False,16.079073286508155,4,0.000390625
1111001111,19087,"[3, 1, 0, 2]",900,311.36369705200195,True,16.079073286508155,4,0.000390625
1111001111,19088,"[3, 1, 0, 2]",900,311.38110160827637,False,16.079073286508155,4,0.000390625
1111001111,19089,"[3, 1, 0, 2]",900,311.39421463012695,True,16.079073286508155,4,0.000390625
0111101001,19090,"[1, 3, 2, 0]",9450,311.41185760498047,False,25.019224473084186,4,0.000390625
0111101001,19091,"[1, 0, 3, 2]",465,311.42520904541016,True,25.019224473084186,4,0.000390625
0111101001,19092,"[1, 3, 2, 0]",9450,311.4428520202637,False,25.019224473084186,4,0.000390625
0111101001,19093,"[1, 0, 3, 2]",465,311.45596504211426,True,25.019224473084186,4,0.000390625
0111101001,19094,"[1, 3, 2, 0]",9450,311.4738464355469,False,25.019224473084186,4,0.000390625
0111101001,19095,"[1, 0, 3, 2]",465,311.48695945739746,True,25.019224473084186,4,0.000390625
0111101001,19096,"[1, 3, 2, 0]",9450,311.504602432251,False,25.019224473084186,4,0.000390625
0111101001,19097,"[1, 0, 3, 2]",465,311.51771545410156,True,25.019224473084186,4,0.000390625
0100101010,19098,"[3, 2, 0, 1]",6600,311.5353584289551,False,20.161821869240917,4,0.000390625
0100101010,19099,"[3, 2, 0, 1]",6600,311.54894828796387,True,20.161821869240917,4,0.000390625
0100101010,19100,"[3, 2, 0, 1]",6600,311.568021774292,False,20.161821869240917,4,0.000390625
0100101010,19101,"[3, 2, 0, 1]",6600,311.5813732147217,True,20.161821869240917,4,0.000390625
0100101010,19102,"[3, 2, 0, 1]",6600,311.5987777709961,False,20.161821869240917,4,0.000390625
0100101010,19103,"[3, 2, 0, 1]",6600,311.6118907928467,True,20.161821869240917,4,0.000390625
0100101010,19104,"[3, 2, 0, 1]",6600,311.6292953491211,False,20.161821869240917,4,0.000390625
0100101010,19105,"[3, 2, 0, 1]",6600,311.6421699523926,True,20.161821869240917,4,0.000390625
0001011100,19106,"[3, 2, 1, 0]",9600,311.659574508667,False,19.817921024601603,4,0.000390625
0001011100,19107,"[3, 2, 1, 0]",9600,311.6726875305176,True,19.817921024601603,4,0.000390625
0001011100,19108,"[3, 2, 1, 0]",9600,311.6903305053711,False,19.817921024601603,4,0.000390625
0001011100,19109,"[3, 2, 1, 0]",9600,311.7034435272217,True,19.817921024601603,4,0.000390625
0001011100,19110,"[3, 2, 1, 0]",9600,311.7208480834961,False,19.817921024601603,4,0.000390625
0001011100,19111,"[3, 2, 1, 0]",9600,311.7339611053467,True,19.817921024601603,4,0.000390625
0001011100,19112,"[3, 2, 1, 0]",9600,311.7516040802002,False,19.817921024601603,4,0.000390625
0001011100,19113,"[3, 2, 1, 0]",9600,311.7647171020508,True,19.817921024601603,4,0.000390625
1010000001,19114,"[1, 0, 3, 2]",465,311.7821216583252,False,31.73537316773854,4,0.000390625
1010000001,19115,"[1, 0, 3, 2]",465,311.7959499359131,True,31.73537316773854,4,0.000390625
1010000001,19116,"[1, 0, 3, 2]",465,311.8135929107666,False,31.73537316773854,4,0.000390625
1010000001,19117,"[1, 0, 3, 2]",465,311.8269443511963,True,31.73537316773854,4,0.000390625
1010000001,19118,"[1, 0, 3, 2]",465,311.8479251861572,False,31.73537316773854,4,0.000390625
1010000001,19119,"[1, 0, 3, 2]",465,311.861515045166,True,31.73537316773854,4,0.000390625
1010000001,19120,"[1, 0, 3, 2]",465,311.89799308776855,False,31.73537316773854,4,0.000390625
1010000001,19121,"[1, 0, 3, 2]",465,311.91229820251465,True,31.73537316773854,4,0.000390625
0000101011,19122,"[3, 2, 1, 0]",9600,311.9328022003174,False,34.16182186924092,4,0.000390625
0000101011,19123,"[3, 2, 1, 0]",9600,311.9466304779053,True,34.16182186924092,4,0.000390625
0000101011,19124,"[3, 2, 1, 0]",9600,311.9654655456543,False,34.16182186924092,4,0.000390625
0000101011,19125,"[3, 2, 1, 0]",9600,311.978816986084,True,34.16182186924092,4,0.000390625
0000101011,19126,"[3, 2, 1, 0]",9600,311.9971752166748,False,34.16182186924092,4,0.000390625
0000101011,19127,"[3, 2, 1, 0]",9600,312.0102882385254,True,34.16182186924092,4,0.000390625
0000101011,19128,"[3, 2, 1, 0]",9600,312.0286464691162,False,34.16182186924092,4,0.000390625
0000101011,19129,"[3, 2, 1, 0]",9600,312.0419979095459,True,34.16182186924092,4,0.000390625
0010101111,19130,"[3, 2, 1, 0]",9600,312.0601177215576,False,28.955193496283627,4,0.000390625
0010101111,19131,"[3, 2, 1, 0]",9600,312.0739459991455,True,28.955193496283627,4,0.000390625
0010101111,19132,"[3, 2, 1, 0]",9600,312.09254264831543,False,28.955193496283627,4,0.000390625
0010101111,19133,"[3, 2, 1, 0]",9600,312.1066093444824,True,28.955193496283627,4,0.000390625
0010101111,19134,"[3, 2, 1, 0]",9600,312.12520599365234,False,28.955193496283627,4,0.000390625
0010101111,19135,"[3, 2, 1, 0]",9600,312.13927268981934,True,28.955193496283627,4,0.000390625
0010101111,19136,"[3, 2, 1, 0]",9600,312.15929985046387,False,28.955193496283627,4,0.000390625
0010101111,19137,"[3, 2, 1, 0]",9600,312.17288970947266,True,28.955193496283627,4,0.000390625
0100110111,19138,"[2, 3, 0, 1]",6600,312.1912479400635,False,15.80874342829766,4,0.000390625
0100110111,19139,"[2, 3, 0, 1]",6600,312.20459938049316,True,15.80874342829766,4,0.000390625
0100110111,19140,"[2, 3, 0, 1]",6600,312.222957611084,False,15.80874342829766,4,0.000390625
0100110111,19141,"[2, 3, 0, 1]",6600,312.2367858886719,True,15.80874342829766,4,0.000390625
0100110111,19142,"[2, 3, 0, 1]",6600,312.2565746307373,False,15.80874342829766,4,0.000390625
0100110111,19143,"[2, 3, 0, 1]",6600,312.2701644897461,True,15.80874342829766,4,0.000390625
0100110111,19144,"[2, 3, 0, 1]",6600,312.288761138916,False,15.80874342829766,4,0.000390625
0100110111,19145,"[2, 3, 0, 1]",6600,312.3018741607666,True,15.80874342829766,4,0.000390625
1100001101,19146,"[3, 0, 2, 1]",6300,312.3207092285156,False,12.318016911728506,4,0.000390625
1100001101,19147,"[3, 0, 1, 2]",750,312.3345375061035,True,12.318016911728506,4,0.000390625
1100001101,19148,"[3, 0, 2, 1]",6300,312.35313415527344,False,12.318016911728506,4,0.000390625
1100001101,19149,"[3, 0, 1, 2]",750,312.36720085144043,True,12.318016911728506,4,0.000390625
1100001101,19150,"[3, 0, 2, 1]",6300,312.38579750061035,False,12.318016911728506,4,0.000390625
1100001101,19151,"[3, 0, 1, 2]",750,312.39938735961914,True,12.318016911728506,4,0.000390625
1100001101,19152,"[3, 0, 2, 1]",6300,312.41798400878906,False,12.318016911728506,4,0.000390625
1100001101,19153,"[3, 0, 1, 2]",750,312.43157386779785,True,12.318016911728506,4,0.000390625
0101010010,19154,"[2, 1, 0, 3]",600,312.4501705169678,False,25.09037222002324,4,0.000390625
0101010010,19155,"[2, 1, 0, 3]",600,312.46423721313477,True,25.09037222002324,4,0.000390625
0101010010,19156,"[2, 1, 0, 3]",600,312.4833106994629,False,25.09037222002324,4,0.000390625
0101010010,19157,"[2, 1, 0, 3]",600,312.4971389770508,True,25.09037222002324,4,0.000390625
0101010010,19158,"[2, 1, 0, 3]",600,312.5154972076416,False,25.09037222002324,4,0.000390625
0101010010,19159,"[2, 1, 0, 3]",600,312.5293254852295,True,25.09037222002324,4,0.000390625
0101010010,19160,"[2, 1, 0, 3]",600,312.5479221343994,False,25.09037222002324,4,0.000390625
0101010010,19161,"[2, 1, 0, 3]",600,312.5617504119873,True,25.09037222002324,4,0.000390625
1001110010,19162,"[2, 0, 1, 3]",500,312.58082389831543,False,13.828808760201337,4,0.000390625
1001110010,19163,"[2, 0, 1, 3]",500,312.5948905944824,True,13.828808760201337,4,0.000390625
1001110010,19164,"[2, 0, 1, 3]",500,312.61610984802246,False,13.828808760201337,4,0.000390625
1001110010,19165,"[2, 0, 1, 3]",500,312.62993812561035,True,13.828808760201337,4,0.000390625
1001110010,19166,"[2, 0, 1, 3]",500,312.6482963562012,False,13.828808760201337,4,0.000390625
1001110010,19167,"[2, 0, 1, 3]",500,312.66212463378906,True,13.828808760201337,4,0.000390625
1001110010,19168,"[2, 0, 1, 3]",500,312.680721282959,False,13.828808760201337,4,0.000390625
1001110010,19169,"[2, 0, 1, 3]",500,312.6945495605469,True,13.828808760201337,4,0.000390625
0001101011,19170,"[3, 2, 1, 0]",9600,312.7133846282959,False,21.19283000075673,4,0.000390625
0001101011,19171,"[3, 2, 1, 0]",9600,312.727689743042,True,21.19283000075673,4,0.000390625
0001101011,19172,"[3, 2, 1, 0]",9600,312.7484321594238,False,21.19283000075673,4,0.000390625
0001101011,19173,"[3, 2, 1, 0]",9600,312.7620220184326,True,21.19283000075673,4,0.000390625
0001101011,19174,"[3, 2, 1, 0]",9600,312.78085708618164,False,21.19283000075673,4,0.000390625
0001101011,19175,"[3, 2, 1, 0]",9600,312.7942085266113,True,21.19283000075673,4,0.000390625
0001101011,19176,"[3, 2, 1, 0]",9600,312.81280517578125,False,21.19283000075673,4,0.000390625
0001101011,19177,"[3, 2, 1, 0]",9600,312.82591819763184,True,21.19283000075673,4,0.000390625
1110111011,19178,"[2, 0, 3, 1]",6200,312.84451484680176,False,33.32871287307444,4,0.000390625
1110111011,19179,"[2, 0, 1, 3]",500,312.85810470581055,True,33.32871287307444,4,0.000390625
1110111011,19180,"[2, 0, 3, 1]",6200,312.87670135498047,False,33.32871287307444,4,0.000390625
1110111011,19181,"[2, 0, 1, 3]",500,312.89029121398926,True,33.32871287307444,4,0.000390625
1110111011,19182,"[2, 0, 3, 1]",6200,312.9086494445801,False,33.32871287307444,4,0.000390625
1110111011,19183,"[2, 0, 1, 3]",500,312.92247772216797,True,33.32871287307444,4,0.000390625
1110111011,19184,"[2, 0, 3, 1]",6200,312.9432201385498,False,33.32871287307444,4,0.000390625
1110111011,19185,"[2, 0, 1, 3]",500,312.9570484161377,True,33.32871287307444,4,0.000390625
1010011010,19186,"[3, 1, 0, 2]",900,312.9761219024658,False,24.732215692871492,4,0.000390625
1010011010,19187,"[3, 1, 0, 2]",900,312.9901885986328,True,24.732215692871492,4,0.000390625
1010011010,19188,"[3, 1, 0, 2]",900,313.00902366638184,False,24.732215692871492,4,0.000390625
1010011010,19189,"[3, 1, 0, 2]",900,313.0230903625488,True,24.732215692871492,4,0.000390625
1010011010,19190,"[3, 1, 0, 2]",900,313.04168701171875,False,24.732215692871492,4,0.000390625
1010011010,19191,"[3, 1, 0, 2]",900,313.05551528930664,True,24.732215692871492,4,0.000390625
1010011010,19192,"[3, 1, 0, 2]",900,313.07387351989746,False,24.732215692871492,4,0.000390625
1010011010,19193,"[3, 1, 0, 2]",900,313.08770179748535,True,24.732215692871492,4,0.000390625
1111001101,19194,"[3, 1, 0, 2]",900,313.11559677124023,False,22.385498314058843,4,0.000390625
1111001101,19195,"[3, 1, 0, 2]",900,313.1289482116699,True,22.385498314058843,4,0.000390625
1111001101,19196,"[3, 1, 0, 2]",900,313.14659118652344,False,22.385498314058843,4,0.000390625
1111001101,19197,"[3, 1, 0, 2]",900,313.159704208374,True,22.385498314058843,4,0.000390625
1111001101,19198,"[3, 1, 0, 2]",900,313.17758560180664,False,22.385498314058843,4,0.000390625
1111001101,19199,"[3, 1, 0, 2]",900,313.190221786499,True,22.385498314058843,4,0.000390625
1111001101,19200,"[3, 1, 0, 2]",900,313.20786476135254,False,22.385498314058843,4,0.000390625
1111001101,19201,"[3, 1, 0, 2]",900,313.220739364624,True,22.385498314058843,4,0.000390625
0101101110,19202,"[3, 2, 1, 0]",9600,313.23814392089844,False,22.50778354004568,4,0.000390625
0101101110,19203,"[3, 2, 1, 0]",9600,313.251256942749,True,22.50778354004568,4,0.000390625
0101101110,19204,"[3, 2, 1, 0]",9600,313.26913833618164,False,22.50778354004568,4,0.000390625
0101101110,19205,"[3, 2, 1, 0]",9600,313.2820129394531,True,22.50778354004568,4,0.000390625
0101101110,19206,"[3, 2, 1, 0]",9600,313.30108642578125,False,22.50778354004568,4,0.000390625
0101101110,19207,"[3, 2, 1, 0]",9600,313.31419944763184,True,22.50778354004568,4,0.000390625
0101101110,19208,"[3, 2, 1, 0]",9600,313.33160400390625,False,22.50778354004568,4,0.000390625
0101101110,19209,"[3, 2, 1, 0]",9600,313.34447860717773,True,22.50778354004568,4,0.000390625
1100110111,19210,"[2, 0, 3, 1]",6200,313.36188316345215,False,13.410803419625623,4,0.000390625
1100110111,19211,"[2, 0, 1, 3]",500,313.37523460388184,True,13.410803419625623,4,0.000390625
1100110111,19212,"[2, 0, 3, 1]",6200,313.39335441589355,False,13.410803419625623,4,0.000390625
1100110111,19213,"[2, 0, 1, 3]",500,313.40813636779785,True,13.410803419625623,4,0.000390625
1100110111,19214,"[2, 0, 3, 1]",6200,313.42601776123047,False,13.410803419625623,4,0.000390625
1100110111,19215,"[2, 0, 1, 3]",500,313.43936920166016,True,13.410803419625623,4,0.000390625
1100110111,19216,"[2, 0, 3, 1]",6200,313.4572505950928,False,13.410803419625623,4,0.000390625
1100110111,19217,"[2, 0, 1, 3]",500,313.47060203552246,True,13.410803419625623,4,0.000390625
0011000000,19218,"[1, 3, 2, 0]",9450,313.4884834289551,False,12.766381299254355,4,0.000390625
0011000000,19219,"[1, 0, 3, 2]",465,313.50183486938477,True,12.766381299254355,4,0.000390625
0011000000,19220,"[1, 3, 2, 0]",9450,313.5197162628174,False,12.766381299254355,4,0.000390625
0011000000,19221,"[1, 0, 3, 2]",465,313.5335445404053,True,12.766381299254355,4,0.000390625
0011000000,19222,"[1, 3, 2, 0]",9450,313.5533332824707,False,12.766381299254355,4,0.000390625
0011000000,19223,"[1, 0, 3, 2]",465,313.5669231414795,True,12.766381299254355,4,0.000390625
0011000000,19224,"[1, 3, 2, 0]",9450,313.584566116333,False,12.766381299254355,4,0.000390625
0011000000,19225,"[1, 0, 3, 2]",465,313.5981559753418,True,12.766381299254355,4,0.000390625
0101100110,19226,"[2, 3, 1, 0]",9600,313.6179447174072,False,21.436580729094217,4,0.000390625
0101100110,19227,"[2, 3, 1, 0]",9600,313.6310577392578,True,21.436580729094217,4,0.000390625
0101100110,19228,"[2, 3, 1, 0]",9600,313.64917755126953,False,21.436580729094217,4,0.000390625
0101100110,19229,"[2, 3, 1, 0]",9600,313.6618137359619,True,21.436580729094217,4,0.000390625
0101100110,19230,"[2, 3, 1, 0]",9600,313.6792182922363,False,21.436580729094217,4,0.000390625
0101100110,19231,"[2, 3, 1, 0]",9600,313.6920928955078,True,21.436580729094217,4,0.000390625
0101100110,19232,"[2, 3, 1, 0]",9600,313.7094974517822,False,21.436580729094217,4,0.000390625
0101100110,19233,"[2, 3, 1, 0]",9600,313.7223720550537,True,21.436580729094217,4,0.000390625
1110100011,19234,"[0, 2, 1, 3]",500,313.7400150299072,False,22.136129710583916,4,0.000390625
1110100011,19235,"[0, 1, 2, 3]",315,313.7533664703369,True,22.136129710583916,4,0.000390625
1110100011,19236,"[0, 2, 1, 3]",500,313.77100944519043,False,22.136129710583916,4,0.000390625
1110100011,19237,"[0, 1, 2, 3]",315,313.7838840484619,True,22.136129710583916,4,0.000390625
1110100011,19238,"[0, 2, 1, 3]",500,313.8012886047363,False,22.136129710583916,4,0.000390625
1110100011,19239,"[0, 1, 2, 3]",315,313.814640045166,True,22.136129710583916,4,0.000390625
1110100011,19240,"[0, 2, 1, 3]",500,313.83228302001953,False,22.136129710583916,4,0.000390625
1110100011,19241,"[0, 1, 2, 3]",315,313.8453960418701,True,22.136129710583916,4,0.000390625
1011011100,19242,"[3, 1, 0, 2]",900,313.86327743530273,False,32.98199549426178,4,0.000390625
1011011100,19243,"[3, 1, 0, 2]",900,313.8768672943115,True,32.98199549426178,4,0.000390625
1011011100,19244,"[3, 1, 0, 2]",900,313.89451026916504,False,32.98199549426178,4,0.000390625
1011011100,19245,"[3, 1, 0, 2]",900,313.90833854675293,True,32.98199549426178,4,0.000390625
1011011100,19246,"[3, 1, 0, 2]",900,313.92621994018555,False,32.98199549426178,4,0.000390625
1011011100,19247,"[3, 1, 0, 2]",900,313.93980979919434,True,32.98199549426178,4,0.000390625
1011011100,19248,"[3, 1, 0, 2]",900,313.97247314453125,False,32.98199549426178,4,0.000390625
1011011100,19249,"[3, 1, 0, 2]",900,313.98630142211914,True,32.98199549426178,4,0.000390625
0111011100,19250,"[3, 1, 2, 0]",9450,314.0144348144531,False,33.584055485589744,4,0.000390625
0111011100,19251,"[3, 1, 0, 2]",900,314.028263092041,True,33.584055485589744,4,0.000390625
0111011100,19252,"[3, 1, 2, 0]",9450,314.0561580657959,False,33.584055485589744,4,0.000390625
0111011100,19253,"[3, 1, 0, 2]",900,314.0699863433838,True,33.584055485589744,4,0.000390625
0111011100,19254,"[3, 1, 2, 0]",9450,314.0978813171387,False,33.584055485589744,4,0.000390625
0111011100,19255,"[3, 1, 0, 2]",900,314.11170959472656,True,33.584055485589744,4,0.000390625
0111011100,19256,"[3, 1, 2, 0]",9450,314.13960456848145,False,33.584055485589744,4,0.000390625
0111011100,19257,"[3, 1, 0, 2]",900,314.15343284606934,True,33.584055485589744,4,0.000390625
1110111100,19258,"[3, 2, 0, 1]",6600,314.1813278198242,False,48.81894571311116,4,0.000390625
1110111100,19259,"[3, 2, 0, 1]",6600,314.21780586242676,True,48.81894571311116,4,0.000390625
1110111100,19260,"[3, 2, 0, 1]",6600,314.24665451049805,False,48.81894571311116,4,0.000390625
1110111100,19261,"[3, 2, 0, 1]",6600,314.26048278808594,True,48.81894571311116,4,0.000390625
1110111100,19262,"[3, 2, 0, 1]",6600,314.2883777618408,False,48.81894571311116,4,0.000390625
1110111100,19263,"[3, 2, 0, 1]",6600,314.3019676208496,True,48.81894571311116,4,0.000390625
1110111100,19264,"[3, 2, 0, 1]",6600,314.3296241760254,False,48.81894571311116,4,0.000390625
1110111100,19265,"[3, 2, 0, 1]",6600,314.3429756164551,True,48.81894571311116,4,0.000390625
0011111010,19266,"[2, 1, 3, 0]",9300,314.37063217163086,False,22.863678515162277,4,0.000390625
0011111010,19267,"[2, 1, 0, 3]",600,314.39971923828125,True,22.863678515162277,4,0.000390625
0011111010,19268,"[2, 1, 3, 0]",9300,314.4216537475586,False,22.863678515162277,4,0.000390625
0011111010,19269,"[2, 1, 0, 3]",600,314.4352436065674,True,22.863678515162277,4,0.000390625
0011111010,19270,"[2, 1, 3, 0]",9300,314.453125,False,22.863678515162277,4,0.000390625
0011111010,19271,"[2, 1, 0, 3]",600,314.4669532775879,True,22.863678515162277,4,0.000390625
0011111010,19272,"[2, 1, 3, 0]",9300,314.4850730895996,False,22.863678515162277,4,0.000390625
0011111010,19273,"[2, 1, 0, 3]",600,314.4989013671875,True,22.863678515162277,4,0.000390625
1000110111,19274,"[2, 0, 3, 1]",6200,314.51869010925293,False,14.854500918858335,4,0.000390625
1000110111,19275,"[2, 0, 1, 3]",500,314.5327568054199,True,14.854500918858335,4,0.000390625
1000110111,19276,"[2, 0, 3, 1]",6200,314.55063819885254,False,14.854500918858335,4,0.000390625
1000110111,19277,"[2, 0, 1, 3]",500,314.5642280578613,True,14.854500918858335,4,0.000390625
1000110111,19278,"[2, 0, 3, 1]",6200,314.58187103271484,False,14.854500918858335,4,0.000390625
1000110111,19279,"[2, 0, 1, 3]",500,314.59569931030273,True,14.854500918858335,4,0.000390625
1000110111,19280,"[2, 0, 3, 1]",6200,314.61334228515625,False,14.854500918858335,4,0.000390625
1000110111,19281,"[2, 0, 1, 3]",500,314.62693214416504,True,14.854500918858335,4,0.000390625
0010001101,19282,"[3, 1, 2, 0]",9450,314.64433670043945,False,21.267181334959343,4,0.000390625
0010001101,19283,"[3, 1, 0, 2]",900,314.65792655944824,True,21.267181334959343,4,0.000390625
0010001101,19284,"[3, 1, 2, 0]",9450,314.67533111572266,False,21.267181334959343,4,0.000390625
0010001101,19285,"[3, 1, 0, 2]",900,314.68868255615234,True,21.267181334959343,4,0.000390625
0010001101,19286,"[3, 1, 2, 0]",9450,314.70632553100586,False,21.267181334959343,4,0.000390625
0010001101,19287,"[3, 1, 0, 2]",900,314.71991539001465,True,21.267181334959343,4,0.000390625
0010001101,19288,"[3, 1, 2, 0]",9450,314.73779678344727,False,21.267181334959343,4,0.000390625
0010001101,19289,"[3, 1, 0, 2]",900,314.75114822387695,True,21.267181334959343,4,0.000390625
1101110100,19290,"[2, 0, 3, 1]",6200,314.7709369659424,False,31.83925788328105,4,0.000390625
1101110100,19291,"[2, 0, 1, 3]",500,314.78404998779297,True,31.83925788328105,4,0.000390625
1101110100,19292,"[2, 0, 3, 1]",6200,314.8021697998047,False,31.83925788328105,4,0.000390625
1101110100,19293,"[2, 0, 1, 3]",500,314.8150444030762,True,31.83925788328105,4,0.000390625
1101110100,19294,"[2, 0, 3, 1]",6200,314.8326873779297,False,31.83925788328105,4,0.000390625
1101110100,19295,"[2, 0, 1, 3]",500,314.8458003997803,True,31.83925788328105,4,0.000390625
1101110100,19296,"[2, 0, 3, 1]",6200,314.8636817932129,False,31.83925788328105,4,0.000390625
1101110100,19297,"[2, 0, 1, 3]",500,314.8770332336426,True,31.83925788328105,4,0.000390625
0100011011,19298,"[3, 2, 0, 1]",6600,314.8949146270752,False,13.920323741322683,4,0.000390625
0100011011,19299,"[3, 2, 0, 1]",6600,314.9087429046631,True,13.920323741322683,4,0.000390625
0100011011,19300,"[3, 2, 0, 1]",6600,314.9263858795166,False,13.920323741322683,4,0.000390625
0100011011,19301,"[3, 2, 0, 1]",6600,314.9402141571045,True,13.920323741322683,4,0.000390625
0100011011,19302,"[3, 2, 0, 1]",6600,314.9576187133789,False,13.920323741322683,4,0.000390625
0100011011,19303,"[3, 2, 0, 1]",6600,314.9712085723877,True,13.920323741322683,4,0.000390625
0100011011,19304,"[3, 2, 0, 1]",6600,314.9905204772949,False,13.920323741322683,4,0.000390625
0100011011,19305,"[3, 2, 0, 1]",6600,315.0036334991455,True,13.920323741322683,4,0.000390625
0101010011,19306,"[2, 1, 0, 3]",600,315.021276473999,False,19.136129710583916,4,0.000390625
0101010011,19307,"[2, 1, 0, 3]",600,315.0346279144287,True,19.136129710583916,4,0.000390625
0101010011,19308,"[2, 1, 0, 3]",600,315.0525093078613,False,19.136129710583916,4,0.000390625
0101010011,19309,"[2, 1, 0, 3]",600,315.065860748291,True,19.136129710583916,4,0.000390625
0101010011,19310,"[2, 1, 0, 3]",600,315.08517265319824,False,19.136129710583916,4,0.000390625
0101010011,19311,"[2, 1, 0, 3]",600,315.09852409362793,True,19.136129710583916,4,0.000390625
0101010011,19312,"[2, 1, 0, 3]",600,315.11592864990234,False,19.136129710583916,4,0.000390625
0101010011,19313,"[2, 1, 0, 3]",600,315.12904167175293,True,19.136129710583916,4,0.000390625
0011100000,19314,"[1, 2, 3, 0]",9300,315.14668464660645,False,17.519320360211093,4,0.000390625
0011100000,19315,"[1, 0, 2, 3]",315,315.16027450561523,True,17.519320360211093,4,0.000390625
0011100000,19316,"[1, 2, 3, 0]",9300,315.17791748046875,False,17.519320360211093,4,0.000390625
0011100000,19317,"[1, 0, 2, 3]",315,315.19174575805664,True,17.519320360211093,4,0.000390625
0011100000,19318,"[1, 2, 3, 0]",9300,315.20915031433105,False,17.519320360211093,4,0.000390625
0011100000,19319,"[1, 0, 2, 3]",315,315.22250175476074,True,17.519320360211093,4,0.000390625
0011100000,19320,"[1, 2, 3, 0]",9300,315.24014472961426,False,17.519320360211093,4,0.000390625
0011100000,19321,"[1, 0, 2, 3]",315,315.25325775146484,True,17.519320360211093,4,0.000390625
1101010010,19322,"[0, 2, 1, 3]",500,315.27113914489746,False,16.09037222002324,4,0.000390625
1101010010,19323,"[0, 1, 2, 3]",315,315.28449058532715,True,16.09037222002324,4,0.000390625
1101010010,19324,"[0, 2, 1, 3]",500,315.3038024902344,False,16.09037222002324,4,0.000390625
1101010010,19325,"[0, 1, 2, 3]",315,315.31691551208496,True,16.09037222002324,4,0.000390625
1101010010,19326,"[0, 2, 1, 3]",500,315.3345584869385,False,16.09037222002324,4,0.000390625
1101010010,19327,"[0, 1, 2, 3]",315,315.34767150878906,True,16.09037222002324,4,0.000390625
1101010010,19328,"[0, 2, 1, 3]",500,315.3653144836426,False,16.09037222002324,4,0.000390625
1101010010,19329,"[0, 1, 2, 3]",315,315.37866592407227,True,16.09037222002324,4,0.000390625
1001111101,19330,"[3, 2, 0, 1]",6600,315.3965473175049,False,29.001975675353847,4,0.000390625
1001111101,19331,"[3, 2, 0, 1]",6600,315.4103755950928,True,29.001975675353847,4,0.000390625
1001111101,19332,"[3, 2, 0, 1]",6600,315.4301643371582,False,29.001975675353847,4,0.000390625
1001111101,19333,"[3, 2, 0, 1]",6600,315.4432773590088,True,29.001975675353847,4,0.000390625
1001111101,19334,"[3, 2, 0, 1]",6600,315.4609203338623,False,29.001975675353847,4,0.000390625
1001111101,19335,"[3, 2, 0, 1]",6600,315.4740333557129,True,29.001975675353847,4,0.000390625
1001111101,19336,"[3, 2, 0, 1]",6600,315.4919147491455,False,29.001975675353847,4,0.000390625
1001111101,19337,"[3, 2, 0, 1]",6600,315.5050277709961,True,29.001975675353847,4,0.000390625
0111011000,19338,"[1, 3, 2, 0]",9450,315.5224323272705,False,21.129908863277322,4,0.000390625
0111011000,19339,"[1, 0, 3, 2]",465,315.5357837677002,True,21.129908863277322,4,0.000390625
0111011000,19340,"[1, 3, 2, 0]",9450,315.5534267425537,False,21.129908863277322,4,0.000390625
0111011000,19341,"[1, 0, 3, 2]",465,315.5667781829834,True,21.129908863277322,4,0.000390625
0111011000,19342,"[1, 3, 2, 0]",9450,315.5841827392578,False,21.129908863277322,4,0.000390625
0111011000,19343,"[1, 0, 3, 2]",465,315.5970573425293,True,21.129908863277322,4,0.000390625
0111011000,19344,"[1, 3, 2, 0]",9450,315.6149387359619,False,21.129908863277322,4,0.000390625
0111011000,19345,"[1, 0, 3, 2]",465,315.6275749206543,True,21.129908863277322,4,0.000390625
1110001001,19346,"[0, 3, 1, 2]",750,315.645694732666,False,29.34596167080477,4,0.000390625
1110001001,19347,"[0, 1, 3, 2]",465,315.6585693359375,True,29.34596167080477,4,0.000390625
1110001001,19348,"[0, 3, 1, 2]",750,315.676212310791,False,29.34596167080477,4,0.000390625
1110001001,19349,"[0, 1, 3, 2]",465,315.6893253326416,True,29.34596167080477,4,0.000390625
1110001001,19350,"[0, 3, 1, 2]",750,315.706729888916,False,29.34596167080477,4,0.000390625
1110001001,19351,"[0, 1, 3, 2]",465,315.7198429107666,True,29.34596167080477,4,0.000390625
1110001001,19352,"[0, 3, 1, 2]",750,315.73939323425293,False,29.34596167080477,4,0.000390625
1110001001,19353,"[0, 1, 3, 2]",465,315.7522678375244,True,29.34596167080477,4,0.000390625
1100101101,19354,"[3, 0, 2, 1]",6300,315.76991081237793,False,24.456314071920083,4,0.000390625
1100101101,19355,"[3, 0, 1, 2]",750,315.7835006713867,True,24.456314071920083,4,0.000390625
1100101101,19356,"[3, 0, 2, 1]",6300,315.80114364624023,False,24.456314071920083,4,0.000390625
1100101101,19357,"[3, 0, 1, 2]",750,315.8149719238281,True,24.456314071920083,4,0.000390625
1100101101,19358,"[3, 0, 2, 1]",6300,315.83309173583984,False,24.456314071920083,4,0.000390625
1100101101,19359,"[3, 0, 1, 2]",750,315.85097312927246,True,24.456314071920083,4,0.000390625
1100101101,19360,"[3, 0, 2, 1]",6300,315.8693313598633,False,24.456314071920083,4,0.000390625
1100101101,19361,"[3, 0, 1, 2]",750,315.88268280029297,True,24.456314071920083,4,0.000390625
0100110011,19362,"[2, 0, 3, 1]",6200,315.9170150756836,False,11.783298107906877,4,0.000390625
0100110011,19363,"[2, 0, 1, 3]",500,315.9306049346924,True,11.783298107906877,4,0.000390625
0100110011,19364,"[2, 0, 3, 1]",6200,315.9494400024414,False,11.783298107906877,4,0.000390625
0100110011,19365,"[2, 0, 1, 3]",500,315.9630298614502,True,11.783298107906877,4,0.000390625
0100110011,19366,"[2, 0, 3, 1]",6200,315.9816265106201,False,11.783298107906877,4,0.000390625
0100110011,19367,"[2, 0, 1, 3]",500,315.9952163696289,True,11.783298107906877,4,0.000390625
0100110011,19368,"[2, 0, 3, 1]",6200,316.01428985595703,False,11.783298107906877,4,0.000390625
0100110011,19369,"[2, 0, 1, 3]",500,316.0276412963867,True,11.783298107906877,4,0.000390625
0001011000,19370,"[3, 2, 1, 0]",9600,316.04623794555664,False,14.318016911728506,4,0.000390625
0001011000,19371,"[3, 2, 1, 0]",9600,316.06030464172363,True,14.318016911728506,4,0.000390625
0001011000,19372,"[3, 2, 1, 0]",9600,316.08104705810547,False,14.318016911728506,4,0.000390625
0001011000,19373,"[3, 2, 1, 0]",9600,316.09559059143066,True,14.318016911728506,4,0.000390625
0001011000,19374,"[3, 2, 1, 0]",9600,316.1165714263916,False,14.318016911728506,4,0.000390625
0001011000,19375,"[3, 2, 1, 0]",9600,316.1303997039795,True,14.318016911728506,4,0.000390625
0001011000,19376,"[3, 2, 1, 0]",9600,316.1492347717285,False,14.318016911728506,4,0.000390625
0001011000,19377,"[3, 2, 1, 0]",9600,316.1628246307373,True,14.318016911728506,4,0.000390625
0000001110,19378,"[3, 2, 1, 0]",9600,316.1814212799072,False,16.409531892849856,4,0.000390625
0000001110,19379,"[3, 2, 1, 0]",9600,316.195011138916,True,16.409531892849856,4,0.000390625
0000001110,19380,"[3, 2, 1, 0]",9600,316.21313095092773,False,16.409531892849856,4,0.000390625
0000001110,19381,"[3, 2, 1, 0]",9600,316.2267208099365,True,16.409531892849856,4,0.000390625
0000001110,19382,"[3, 2, 1, 0]",9600,316.24507904052734,False,16.409531892849856,4,0.000390625
0000001110,19383,"[3, 2, 1, 0]",9600,316.25890731811523,True,16.409531892849856,4,0.000390625
0000001110,19384,"[3, 2, 1, 0]",9600,316.27726554870605,False,16.409531892849856,4,0.000390625
0000001110,19385,"[3, 2, 1, 0]",9600,316.29061698913574,True,16.409531892849856,4,0.000390625
0001100000,19386,"[2, 1, 3, 0]",9300,316.30897521972656,False,15.075869699244597,4,0.000390625
0001100000,19387,"[2, 1, 0, 3]",600,316.32304191589355,True,15.075869699244597,4,0.000390625
0001100000,19388,"[2, 1, 3, 0]",9300,316.3411617279053,False,15.075869699244597,4,0.000390625
0001100000,19389,"[2, 1, 0, 3]",600,316.35546684265137,True,15.075869699244597,4,0.000390625
0001100000,19390,"[2, 1, 3, 0]",9300,316.3738250732422,False,15.075869699244597,4,0.000390625
0001100000,19391,"[2, 1, 0, 3]",600,316.3876533508301,True,15.075869699244597,4,0.000390625
0001100000,19392,"[2, 1, 3, 0]",9300,316.40625,False,15.075869699244597,4,0.000390625
0001100000,19393,"[2, 1, 0, 3]",600,316.4200782775879,True,15.075869699244597,4,0.000390625
1101010111,19394,"[0, 3, 2, 1]",6300,316.4408206939697,False,21.636033823457012,4,0.000390625
1101010111,19395,"[0, 1, 3, 2]",465,316.4548873901367,True,21.636033823457012,4,0.000390625
1101010111,19396,"[0, 3, 2, 1]",6300,316.47372245788574,False,21.636033823457012,4,0.000390625
1101010111,19397,"[0, 1, 3, 2]",465,316.48778915405273,True,21.636033823457012,4,0.000390625
1101010111,19398,"[0, 3, 2, 1]",6300,316.50638580322266,False,21.636033823457012,4,0.000390625
1101010111,19399,"[0, 1, 3, 2]",465,316.52021408081055,True,21.636033823457012,4,0.000390625
1101010111,19400,"[0, 3, 2, 1]",6300,316.53881072998047,False,21.636033823457012,4,0.000390625
1101010111,19401,"[0, 1, 3, 2]",465,316.55240058898926,True,21.636033823457012,4,0.000390625
0101011010,19402,"[3, 2, 1, 0]",9600,316.5707588195801,False,20.318016911728506,4,0.000390625
0101011010,19403,"[3, 2, 1, 0]",9600,316.58458709716797,True,20.318016911728506,4,0.000390625
0101011010,19404,"[3, 2, 1, 0]",9600,316.6029453277588,False,20.318016911728506,4,0.000390625
0101011010,19405,"[3, 2, 1, 0]",9600,316.6165351867676,True,20.318016911728506,4,0.000390625
0101011010,19406,"[3, 2, 1, 0]",9600,316.6348934173584,False,20.318016911728506,4,0.000390625
0101011010,19407,"[3, 2, 1, 0]",9600,316.6482448577881,True,20.318016911728506,4,0.000390625
0101011010,19408,"[3, 2, 1, 0]",9600,316.6666030883789,False,20.318016911728506,4,0.000390625
0101011010,19409,"[3, 2, 1, 0]",9600,316.6801929473877,True,20.318016911728506,4,0.000390625
0100110010,19410,"[2, 0, 3, 1]",6200,316.6987895965576,False,13.385358099234839,4,0.000390625
0100110010,19411,"[2, 0, 1, 3]",500,316.7128562927246,True,13.385358099234839,4,0.000390625
0100110010,19412,"[2, 0, 3, 1]",6200,316.73121452331543,False,13.385358099234839,4,0.000390625
0100110010,19413,"[2, 0, 1, 3]",500,316.7452812194824,True,13.385358099234839,4,0.000390625
0100110010,19414,"[2, 0, 3, 1]",6200,316.76411628723145,False,13.385358099234839,4,0.000390625
0100110010,19415,"[2, 0, 1, 3]",500,316.77818298339844,True,13.385358099234839,4,0.000390625
0100110010,19416,"[2, 0, 3, 1]",6200,316.7986869812012,False,13.385358099234839,4,0.000390625
0100110010,19417,"[2, 0, 1, 3]",500,316.81251525878906,True,13.385358099234839,4,0.000390625
0001101101,19418,"[3, 2, 1, 0]",9600,316.8308734893799,False,16.45123598571159,4,0.000390625
0001101101,19419,"[3, 2, 1, 0]",9600,316.8447017669678,True,16.45123598571159,4,0.000390625
0001101101,19420,"[3, 2, 1, 0]",9600,316.8630599975586,False,16.45123598571159,4,0.000390625
0001101101,19421,"[3, 2, 1, 0]",9600,316.8768882751465,True,16.45123598571159,4,0.000390625
0001101101,19422,"[3, 2, 1, 0]",9600,316.8954849243164,False,16.45123598571159,4,0.000390625
0001101101,19423,"[3, 2, 1, 0]",9600,316.9097900390625,True,16.45123598571159,4,0.000390625
0001101101,19424,"[3, 2, 1, 0]",9600,316.93029403686523,False,16.45123598571159,4,0.000390625
0001101101,19425,"[3, 2, 1, 0]",9600,316.9434070587158,True,16.45123598571159,4,0.000390625
0000010010,19426,"[2, 3, 1, 0]",9600,316.96200370788574,False,22.692679049617418,4,0.000390625
0000010010,19427,"[2, 3, 1, 0]",9600,316.97559356689453,True,22.692679049617418,4,0.000390625
0000010010,19428,"[2, 3, 1, 0]",9600,316.99371337890625,False,22.692679049617418,4,0.000390625
0000010010,19429,"[2, 3, 1, 0]",9600,317.00682640075684,True,22.692679049617418,4,0.000390625
0000010010,19430,"[2, 3, 1, 0]",9600,317.02494621276855,False,22.692679049617418,4,0.000390625
0000010010,19431,"[2, 3, 1, 0]",9600,317.03829765319824,True,22.692679049617418,4,0.000390625
0000010010,19432,"[2, 3, 1, 0]",9600,317.05641746520996,False,22.692679049617418,4,0.000390625
0000010010,19433,"[2, 3, 1, 0]",9600,317.07000732421875,True,22.692679049617418,4,0.000390625
1101101010,19434,"[0, 3, 2, 1]",6300,317.08836555480957,False,22.453497537746742,4,0.000390625
1101101010,19435,"[0, 1, 3, 2]",465,317.10290908813477,True,22.453497537746742,4,0.000390625
1101101010,19436,"[0, 3, 2, 1]",6300,317.1243667602539,False,22.453497537746742,4,0.000390625
1101101010,19437,"[0, 1, 3, 2]",465,317.138671875,True,22.453497537746742,4,0.000390625
1101101010,19438,"[0, 3, 2, 1]",6300,317.1567916870117,False,22.453497537746742,4,0.000390625
1101101010,19439,"[0, 1, 3, 2]",465,317.1708583831787,True,22.453497537746742,4,0.000390625
1101101010,19440,"[0, 3, 2, 1]",6300,317.18897819519043,False,22.453497537746742,4,0.000390625
1101101010,19441,"[0, 1, 3, 2]",465,317.2028064727783,True,22.453497537746742,4,0.000390625
1011011110,19442,"[3, 1, 0, 2]",900,317.22140312194824,False,26.675570466711093,4,0.000390625
1011011110,19443,"[3, 1, 0, 2]",900,317.23546981811523,True,26.675570466711093,4,0.000390625
1011011110,19444,"[3, 1, 0, 2]",900,317.25382804870605,False,26.675570466711093,4,0.000390625
1011011110,19445,"[3, 1, 0, 2]",900,317.26789474487305,True,26.675570466711093,4,0.000390625
1011011110,19446,"[3, 1, 0, 2]",900,317.28625297546387,False,26.675570466711093,4,0.000390625
1011011110,19447,"[3, 1, 0, 2]",900,317.30031967163086,True,26.675570466711093,4,0.000390625
1011011110,19448,"[3, 1, 0, 2]",900,317.3189163208008,False,26.675570466711093,4,0.000390625
1011011110,19449,"[3, 1, 0, 2]",900,317.3332214355469,True,26.675570466711093,4,0.000390625
0111001010,19450,"[1, 3, 0, 2]",900,317.3513412475586,False,13.46848478344193,4,0.000390625
0111001010,19451,"[1, 0, 3, 2]",465,317.3656463623047,True,13.46848478344193,4,0.000390625
0111001010,19452,"[1, 3, 0, 2]",900,317.3837661743164,False,13.46848478344193,4,0.000390625
0111001010,19453,"[1, 0, 3, 2]",465,317.3978328704834,True,13.46848478344193,4,0.000390625
0111001010,19454,"[1, 3, 0, 2]",900,317.4164295196533,False,13.46848478344193,4,0.000390625
0111001010,19455,"[1, 0, 3, 2]",465,317.4405097961426,True,13.46848478344193,4,0.000390625
0111001010,19456,"[1, 3, 0, 2]",900,317.4581527709961,False,13.46848478344193,4,0.000390625
0111001010,19457,"[1, 0, 3, 2]",465,317.4717426300049,True,13.46848478344193,4,0.000390625
1001110101,19458,"[2, 0, 3, 1]",6200,317.4910545349121,False,18.022287845523742,4,0.000390625
1001110101,19459,"[2, 0, 1, 3]",500,317.5046443939209,True,18.022287845523742,4,0.000390625
1001110101,19460,"[2, 0, 3, 1]",6200,317.5225257873535,False,18.022287845523742,4,0.000390625
1001110101,19461,"[2, 0, 1, 3]",500,317.5361156463623,True,18.022287845523742,4,0.000390625
1001110101,19462,"[2, 0, 3, 1]",6200,317.554235458374,False,18.022287845523742,4,0.000390625
1001110101,19463,"[2, 0, 1, 3]",500,317.5680637359619,True,18.022287845523742,4,0.000390625
1001110101,19464,"[2, 0, 3, 1]",6200,317.58618354797363,False,18.022287845523742,4,0.000390625
1001110101,19465,"[2, 0, 1, 3]",500,317.5995349884033,True,18.022287845523742,4,0.000390625
0110101010,19466,"[3, 2, 1, 0]",9600,317.61765480041504,False,27.727548804578362,4,0.000390625
0110101010,19467,"[3, 2, 1, 0]",9600,317.6312446594238,True,27.727548804578362,4,0.000390625
0110101010,19468,"[3, 2, 1, 0]",9600,317.64912605285645,False,27.727548804578362,4,0.000390625
0110101010,19469,"[3, 2, 1, 0]",9600,317.66295433044434,True,27.727548804578362,4,0.000390625
0110101010,19470,"[3, 2, 1, 0]",9600,317.68083572387695,False,27.727548804578362,4,0.000390625
0110101010,19471,"[3, 2, 1, 0]",9600,317.69394874572754,True,27.727548804578362,4,0.000390625
0110101010,19472,"[3, 2, 1, 0]",9600,317.71349906921387,False,27.727548804578362,4,0.000390625
0110101010,19473,"[3, 2, 1, 0]",9600,317.72685050964355,True,27.727548804578362,4,0.000390625
0101010100,19474,"[3, 2, 1, 0]",9600,317.7449703216553,False,34.54451884233566,4,0.000390625
0101010100,19475,"[3, 2, 1, 0]",9600,317.75808334350586,True,34.54451884233566,4,0.000390625
0101010100,19476,"[3, 2, 1, 0]",9600,317.7776336669922,False,34.54451884233566,4,0.000390625
0101010100,19477,"[3, 2, 1, 0]",9600,317.7907466888428,True,34.54451884233566,4,0.000390625
0101010100,19478,"[3, 2, 1, 0]",9600,317.8098201751709,False,34.54451884233566,4,0.000390625
0101010100,19479,"[3, 2, 1, 0]",9600,317.8226947784424,True,34.54451884233566,4,0.000390625
0101010100,19480,"[3, 2, 1, 0]",9600,317.8403377532959,False,34.54451884233566,4,0.000390625
0101010100,19481,"[3, 2, 1, 0]",9600,317.8532123565674,True,34.54451884233566,4,0.000390625
1101001010,19482,"[0, 3, 1, 2]",750,317.8706169128418,False,12.917260368883131,4,0.000390625
1101001010,19483,"[0, 1, 3, 2]",465,317.8839683532715,True,12.917260368883131,4,0.000390625
1101001010,19484,"[0, 3, 1, 2]",750,317.9018497467041,False,12.917260368883131,4,0.000390625
1101001010,19485,"[0, 1, 3, 2]",465,317.9152011871338,True,12.917260368883131,4,0.000390625
1101001010,19486,"[0, 3, 1, 2]",750,317.9326057434082,False,12.917260368883131,4,0.000390625
1101001010,19487,"[0, 1, 3, 2]",465,317.9459571838379,True,12.917260368883131,4,0.000390625
1101001010,19488,"[0, 3, 1, 2]",750,317.9636001586914,False,12.917260368883131,4,0.000390625
1101001010,19489,"[0, 1, 3, 2]",465,317.9769515991211,True,12.917260368883131,4,0.000390625
1011000000,19490,"[1, 0, 3, 2]",465,317.9945945739746,False,16.118563817365718,4,0.000390625
1011000000,19491,"[1, 0, 3, 2]",465,318.0081844329834,True,16.118563817365718,4,0.000390625
1011000000,19492,"[1, 0, 3, 2]",465,318.0258274078369,False,16.118563817365718,4,0.000390625
1011000000,19493,"[1, 0, 3, 2]",465,318.0389404296875,True,16.118563817365718,4,0.000390625
1011000000,19494,"[1, 0, 3, 2]",465,318.0561065673828,False,16.118563817365718,4,0.000390625
1011000000,19495,"[1, 0, 3, 2]",465,318.0694580078125,True,16.118563817365718,4,0.000390625
1011000000,19496,"[1, 0, 3, 2]",465,318.0868625640869,False,16.118563817365718,4,0.000390625
1011000000,19497,"[1, 0, 3, 2]",465,318.0999755859375,True,16.118563817365718,4,0.000390625
1010011000,19498,"[3, 1, 0, 2]",900,318.117618560791,False,31.03864072042218,4,0.000390625
1010011000,19499,"[3, 1, 0, 2]",900,318.1314468383789,True,31.03864072042218,4,0.000390625
1010011000,19500,"[3, 1, 0, 2]",900,318.15075874328613,False,31.03864072042218,4,0.000390625
1010011000,19501,"[3, 1, 0, 2]",900,318.1643486022949,True,31.03864072042218,4,0.000390625
1010011000,19502,"[3, 1, 0, 2]",900,318.18199157714844,False,31.03864072042218,4,0.000390625
1010011000,19503,"[3, 1, 0, 2]",900,318.1955814361572,True,31.03864072042218,4,0.000390625
1010011000,19504,"[3, 1, 0, 2]",900,318.21322441101074,False,31.03864072042218,4,0.000390625
1010011000,19505,"[3, 1, 0, 2]",900,318.22657585144043,True,31.03864072042218,4,0.000390625
0111101011,19506,"[1, 3, 2, 0]",9450,318.24398040771484,False,20.110739454205536,4,0.000390625
0111101011,19507,"[1, 0, 3, 2]",465,318.25757026672363,True,20.110739454205536,4,0.000390625
0111101011,19508,"[1, 3, 2, 0]",9450,318.27521324157715,False,20.110739454205536,4,0.000390625
0111101011,19509,"[1, 0, 3, 2]",465,318.28832626342773,True,20.110739454205536,4,0.000390625
0111101011,19510,"[1, 3, 2, 0]",9450,318.30573081970215,False,20.110739454205536,4,0.000390625
0111101011,19511,"[1, 0, 3, 2]",465,318.31908226013184,True,20.110739454205536,4,0.000390625
0111101011,19512,"[1, 3, 2, 0]",9450,318.33672523498535,False,20.110739454205536,4,0.000390625
0111101011,19513,"[1, 0, 3, 2]",465,318.35007667541504,True,20.110739454205536,4,0.000390625
0100001010,19514,"[3, 0, 2, 1]",6300,318.36771965026855,False,17.227644691705265,4,0.000390625
0100001010,19515,"[3, 0, 1, 2]",750,318.38154792785645,True,17.227644691705265,4,0.000390625
0100001010,19516,"[3, 0, 2, 1]",6300,318.39895248413086,False,17.227644691705265,4,0.000390625
0100001010,19517,"[3, 0, 1, 2]",750,318.41278076171875,True,17.227644691705265,4,0.000390625
0100001010,19518,"[3, 0, 2, 1]",6300,318.43042373657227,False,17.227644691705265,4,0.000390625
0100001010,19519,"[3, 0, 1, 2]",750,318.44449043273926,True,17.227644691705265,4,0.000390625
0100001010,19520,"[3, 0, 2, 1]",6300,318.4645175933838,False,17.227644691705265,4,0.000390625
0100001010,19521,"[3, 0, 1, 2]",750,318.4783458709717,True,17.227644691705265,4,0.000390625
1010001000,19522,"[3, 1, 0, 2]",900,318.4959888458252,False,39.34596167080477,3,0.00029296875
1010001000,19523,"[3, 1, 0, 2]",900,318.5100555419922,True,39.34596167080477,3,0.00029296875
1010001000,19524,"[3, 1, 0, 2]",900,318.5279369354248,False,39.34596167080477,3,0.00029296875
1010001000,19525,"[3, 1, 0, 2]",900,318.5412883758545,True,39.34596167080477,3,0.00029296875
1010001000,19526,"[3, 1, 0, 2]",900,318.5603618621826,False,39.34596167080477,3,0.00029296875
1010001000,19527,"[3, 1, 0, 2]",900,318.5739517211914,True,39.34596167080477,3,0.00029296875
0100010001,19528,"[2, 0, 3, 1]",6200,318.5915946960449,False,13.69267904961742,3,0.00029296875
0100010001,19529,"[2, 0, 1, 3]",500,318.6051845550537,True,13.69267904961742,3,0.00029296875
0100010001,19530,"[2, 0, 3, 1]",6200,318.6230659484863,False,13.69267904961742,3,0.00029296875
0100010001,19531,"[2, 0, 1, 3]",500,318.636417388916,True,13.69267904961742,3,0.00029296875
0100010001,19532,"[2, 0, 3, 1]",6200,318.65429878234863,False,13.69267904961742,3,0.00029296875
0100010001,19533,"[2, 0, 1, 3]",500,318.6674118041992,True,13.69267904961742,3,0.00029296875
0101110010,19534,"[2, 1, 0, 3]",600,318.68529319763184,False,18.180991278312696,3,0.00029296875
0101110010,19535,"[2, 1, 0, 3]",600,318.6984062194824,True,18.180991278312696,3,0.00029296875
0101110010,19536,"[2, 1, 0, 3]",600,318.71652603149414,False,18.180991278312696,3,0.00029296875
0101110010,19537,"[2, 1, 0, 3]",600,318.7296390533447,True,18.180991278312696,3,0.00029296875
0101110010,19538,"[2, 1, 0, 3]",600,318.74728202819824,False,18.180991278312696,3,0.00029296875
0101110010,19539,"[2, 1, 0, 3]",600,318.7603950500488,True,18.180991278312696,3,0.00029296875
1101100011,19540,"[0, 2, 1, 3]",500,318.77803802490234,False,9.075869699244599,3,0.00029296875
1101100011,19541,"[0, 1, 2, 3]",315,318.79138946533203,True,9.075869699244599,3,0.00029296875
1101100011,19542,"[0, 2, 1, 3]",500,318.81093978881836,False,9.075869699244599,3,0.00029296875
1101100011,19543,"[0, 1, 2, 3]",315,318.82452964782715,True,9.075869699244599,3,0.00029296875
1101100011,19544,"[0, 2, 1, 3]",500,318.84264945983887,False,9.075869699244599,3,0.00029296875
1101100011,19545,"[0, 1, 2, 3]",315,318.85576248168945,True,9.075869699244599,3,0.00029296875
1101111001,19546,"[2, 0, 3, 1]",6200,318.87340545654297,False,24.410556581359415,3,0.00029296875
1101111001,19547,"[2, 0, 1, 3]",500,318.88699531555176,True,24.410556581359415,3,0.00029296875
1101111001,19548,"[2, 0, 3, 1]",6200,318.9053535461426,False,24.410556581359415,3,0.00029296875
1101111001,19549,"[2, 0, 1, 3]",500,318.91846656799316,True,24.410556581359415,3,0.00029296875
1101111001,19550,"[2, 0, 3, 1]",6200,318.9365863800049,False,24.410556581359415,3,0.00029296875
1101111001,19551,"[2, 0, 1, 3]",500,318.94946098327637,True,24.410556581359415,3,0.00029296875
1010111110,19552,"[3, 2, 1, 0]",9600,318.967342376709,False,37.35415819346521,3,0.00029296875
1010111110,19553,"[3, 2, 1, 0]",9600,318.9806938171387,True,37.35415819346521,3,0.00029296875
1010111110,19554,"[3, 2, 1, 0]",9600,318.9983367919922,False,37.35415819346521,3,0.00029296875
1010111110,19555,"[3, 2, 1, 0]",9600,319.0116882324219,True,37.35415819346521,3,0.00029296875
1010111110,19556,"[3, 2, 1, 0]",9600,319.0293312072754,False,37.35415819346521,3,0.00029296875
1010111110,19557,"[3, 2, 1, 0]",9600,319.0422058105469,True,37.35415819346521,3,0.00029296875
1010111010,19558,"[2, 3, 1, 0]",9600,319.0598487854004,False,39.32871287307443,3,0.00029296875
1010111010,19559,"[2, 3, 1, 0]",9600,319.0727233886719,True,39.32871287307443,3,0.00029296875
1010111010,19560,"[2, 3, 1, 0]",9600,319.0901279449463,False,39.32871287307443,3,0.00029296875
1010111010,19561,"[2, 3, 1, 0]",9600,319.1032409667969,True,39.32871287307443,3,0.00029296875
1010111010,19562,"[2, 3, 1, 0]",9600,319.1220760345459,False,39.32871287307443,3,0.00029296875
1010111010,19563,"[2, 3, 1, 0]",9600,319.1349506378174,True,39.32871287307443,3,0.00029296875
0101110100,19564,"[2, 3, 1, 0]",9600,319.1521167755127,False,30.23719789195308,3,0.00029296875
0101110100,19565,"[2, 3, 1, 0]",9600,319.1647529602051,True,30.23719789195308,3,0.00029296875
0101110100,19566,"[2, 3, 1, 0]",9600,319.1821575164795,False,30.23719789195308,3,0.00029296875
0101110100,19567,"[2, 3, 1, 0]",9600,319.195032119751,True,30.23719789195308,3,0.00029296875
0101110100,19568,"[2, 3, 1, 0]",9600,319.2124366760254,False,30.23719789195308,3,0.00029296875
0101110100,19569,"[2, 3, 1, 0]",9600,319.225549697876,True,30.23719789195308,3,0.00029296875
0110001111,19570,"[3, 1, 0, 2]",900,319.2429542541504,False,12.91499881684798,3,0.00029296875
0110001111,19571,"[3, 1, 0, 2]",900,319.2567825317383,True,12.91499881684798,3,0.00029296875
0110001111,19572,"[3, 1, 0, 2]",900,319.2744255065918,False,12.91499881684798,3,0.00029296875
0110001111,19573,"[3, 1, 0, 2]",900,319.2882537841797,True,12.91499881684798,3,0.00029296875
0110001111,19574,"[3, 1, 0, 2]",900,319.3058967590332,False,12.91499881684798,3,0.00029296875
0110001111,19575,"[3, 1, 0, 2]",900,319.3192481994629,True,12.91499881684798,3,0.00029296875
1110001011,19576,"[0, 3, 1, 2]",750,319.338321685791,False,23.03953664325408,3,0.00029296875
1110001011,19577,"[0, 1, 3, 2]",465,319.3519115447998,True,23.03953664325408,3,0.00029296875
1110001011,19578,"[0, 3, 1, 2]",750,319.3695545196533,False,23.03953664325408,3,0.00029296875
1110001011,19579,"[0, 1, 3, 2]",465,319.382905960083,True,23.03953664325408,3,0.00029296875
1110001011,19580,"[0, 3, 1, 2]",750,319.4005489349365,False,23.03953664325408,3,0.00029296875
1110001011,19581,"[0, 1, 3, 2]",465,319.4136619567871,True,23.03953664325408,3,0.00029296875
1001010111,19582,"[0, 3, 2, 1]",6300,319.4313049316406,False,16.727548804578362,3,0.00029296875
1001010111,19583,"[0, 1, 3, 2]",465,319.4444179534912,True,16.727548804578362,3,0.00029296875
1001010111,19584,"[0, 3, 2, 1]",6300,319.46420669555664,False,16.727548804578362,3,0.00029296875
1001010111,19585,"[0, 1, 3, 2]",465,319.476842880249,True,16.727548804578362,3,0.00029296875
1001010111,19586,"[0, 3, 2, 1]",6300,319.49448585510254,False,16.727548804578362,3,0.00029296875
1001010111,19587,"[0, 1, 3, 2]",465,319.507360458374,True,16.727548804578362,3,0.00029296875
1010100100,19588,"[2, 1, 0, 3]",600,319.52524185180664,False,30.27225942116783,3,0.00029296875
1010100100,19589,"[2, 1, 0, 3]",600,319.5385932922363,True,30.27225942116783,3,0.00029296875
1010100100,19590,"[2, 1, 0, 3]",600,319.55623626708984,False,30.27225942116783,3,0.00029296875
1010100100,19591,"[2, 1, 0, 3]",600,319.56958770751953,True,30.27225942116783,3,0.00029296875
1010100100,19592,"[2, 1, 0, 3]",600,319.58723068237305,False,30.27225942116783,3,0.00029296875
1010100100,19593,"[2, 1, 0, 3]",600,319.60058212280273,True,30.27225942116783,3,0.00029296875
0100011101,19594,"[3, 2, 0, 1]",6600,319.61822509765625,False,13.900011571152788,3,0.00029296875
0100011101,19595,"[3, 2, 0, 1]",6600,319.63157653808594,True,13.900011571152788,3,0.00029296875
0100011101,19596,"[3, 2, 0, 1]",6600,319.64898109436035,False,13.900011571152788,3,0.00029296875
0100011101,19597,"[3, 2, 0, 1]",6600,319.66233253479004,True,13.900011571152788,3,0.00029296875
0100011101,19598,"[3, 2, 0, 1]",6600,319.67973709106445,False,13.900011571152788,3,0.00029296875
0100011101,19599,"[3, 2, 0, 1]",6600,319.69261169433594,True,13.900011571152788,3,0.00029296875
1111010001,19600,"[1, 0, 2, 3]",315,319.71073150634766,False,10.87150287832246,3,0.00029296875
1111010001,19601,"[1, 0, 2, 3]",315,319.72384452819824,True,10.87150287832246,3,0.00029296875
1111010001,19602,"[1, 0, 2, 3]",315,319.74196434020996,False,10.87150287832246,3,0.00029296875
1111010001,19603,"[1, 0, 2, 3]",315,319.75531578063965,True,10.87150287832246,3,0.00029296875
1111010001,19604,"[1, 0, 2, 3]",315,319.774866104126,False,10.87150287832246,3,0.00029296875
1111010001,19605,"[1, 0, 2, 3]",315,319.78845596313477,True,10.87150287832246,3,0.00029296875
0010001000,19606,"[3, 1, 2, 0]",9450,319.8063373565674,False,29.039536643254078,3,0.00029296875
0010001000,19607,"[3, 1, 0, 2]",900,319.84591484069824,True,29.039536643254078,3,0.00029296875
0010001000,19608,"[3, 1, 2, 0]",9450,319.86498832702637,False,29.039536643254078,3,0.00029296875
0010001000,19609,"[3, 1, 0, 2]",900,319.87881660461426,True,29.039536643254078,3,0.00029296875
0010001000,19610,"[3, 1, 2, 0]",9450,319.896936416626,False,29.039536643254078,3,0.00029296875
0010001000,19611,"[3, 1, 0, 2]",900,319.91052627563477,True,29.039536643254078,3,0.00029296875
0110000000,19612,"[1, 0, 3, 2]",465,319.9284076690674,False,14.383190649627178,3,0.00029296875
0110000000,19613,"[1, 0, 3, 2]",465,319.9419975280762,True,14.383190649627178,3,0.00029296875
0110000000,19614,"[1, 0, 3, 2]",465,319.9596405029297,False,14.383190649627178,3,0.00029296875
0110000000,19615,"[1, 0, 3, 2]",465,319.9729919433594,True,14.383190649627178,3,0.00029296875
0110000000,19616,"[1, 0, 3, 2]",465,319.9906349182129,False,14.383190649627178,3,0.00029296875
0110000000,19617,"[1, 0, 3, 2]",465,320.0039863586426,True,14.383190649627178,3,0.00029296875
1100100111,19618,"[0, 2, 3, 1]",6200,320.021390914917,False,11.874566250762008,3,0.00029296875
1100100111,19619,"[0, 1, 2, 3]",315,320.0347423553467,True,11.874566250762008,3,0.00029296875
1100100111,19620,"[0, 2, 3, 1]",6200,320.0523853302002,False,11.874566250762008,3,0.00029296875
1100100111,19621,"[0, 1, 2, 3]",315,320.0657367706299,True,11.874566250762008,3,0.00029296875
1100100111,19622,"[0, 2, 3, 1]",6200,320.0831413269043,False,11.874566250762008,3,0.00029296875
1100100111,19623,"[0, 1, 2, 3]",315,320.096492767334,True,11.874566250762008,3,0.00029296875
1110110000,19624,"[2, 0, 1, 3]",500,320.1160430908203,False,23.38511126096862,3,0.00029296875
1110110000,19625,"[2, 0, 1, 3]",500,320.1305866241455,True,23.38511126096862,3,0.00029296875
1110110000,19626,"[2, 0, 1, 3]",500,320.15013694763184,False,23.38511126096862,3,0.00029296875
1110110000,19627,"[2, 0, 1, 3]",500,320.1637268066406,True,23.38511126096862,3,0.00029296875
1110110000,19628,"[2, 0, 1, 3]",500,320.18136978149414,False,23.38511126096862,3,0.00029296875
1110110000,19629,"[2, 0, 1, 3]",500,320.1947212219238,True,23.38511126096862,3,0.00029296875
1101011111,19630,"[3, 0, 2, 1]",6300,320.21236419677734,False,21.817921024601603,3,0.00029296875
1101011111,19631,"[3, 0, 1, 2]",750,320.22595405578613,True,21.817921024601603,3,0.00029296875
1101011111,19632,"[3, 0, 2, 1]",6300,320.24359703063965,False,21.817921024601603,3,0.00029296875
1101011111,19633,"[3, 0, 1, 2]",750,320.25718688964844,True,21.817921024601603,3,0.00029296875
1101011111,19634,"[3, 0, 2, 1]",6300,320.27482986450195,False,21.817921024601603,3,0.00029296875
1101011111,19635,"[3, 0, 1, 2]",750,320.28889656066895,True,21.817921024601603,3,0.00029296875
1110001000,19636,"[0, 3, 1, 2]",750,320.30701637268066,False,28.34596167080477,3,0.00029296875
1110001000,19637,"[0, 1, 3, 2]",465,320.32084465026855,True,28.34596167080477,3,0.00029296875
1110001000,19638,"[0, 3, 1, 2]",750,320.33848762512207,False,28.34596167080477,3,0.00029296875
1110001000,19639,"[0, 1, 3, 2]",465,320.35207748413086,True,28.34596167080477,3,0.00029296875
1110001000,19640,"[0, 3, 1, 2]",750,320.3723430633545,False,28.34596167080477,3,0.00029296875
1110001000,19641,"[0, 1, 3, 2]",465,320.3856945037842,True,28.34596167080477,3,0.00029296875
0101110101,19642,"[2, 3, 1, 0]",9600,320.4030990600586,False,21.32871287307443,3,0.00029296875
0101110101,19643,"[2, 3, 1, 0]",9600,320.4166889190674,True,21.32871287307443,3,0.00029296875
0101110101,19644,"[2, 3, 1, 0]",9600,320.4343318939209,False,21.32871287307443,3,0.00029296875
0101110101,19645,"[2, 3, 1, 0]",9600,320.4476833343506,True,21.32871287307443,3,0.00029296875
0101110101,19646,"[2, 3, 1, 0]",9600,320.4667568206787,False,21.32871287307443,3,0.00029296875
0101110101,19647,"[2, 3, 1, 0]",9600,320.4796314239502,True,21.32871287307443,3,0.00029296875
0101101001,19648,"[3, 2, 1, 0]",9600,320.4975128173828,False,15.10131501963538,3,0.00029296875
0101101001,19649,"[3, 2, 1, 0]",9600,320.5108642578125,True,15.10131501963538,3,0.00029296875
0101101001,19650,"[3, 2, 1, 0]",9600,320.528507232666,False,15.10131501963538,3,0.00029296875
0101101001,19651,"[3, 2, 1, 0]",9600,320.5416202545166,True,15.10131501963538,3,0.00029296875
0101101001,19652,"[3, 2, 1, 0]",9600,320.5592632293701,False,15.10131501963538,3,0.00029296875
0101101001,19653,"[3, 2, 1, 0]",9600,320.5723762512207,True,15.10131501963538,3,0.00029296875
1001001010,19654,"[3, 0, 1, 2]",750,320.5897808074951,False,17.565077850771768,3,0.00029296875
1001001010,19655,"[3, 0, 1, 2]",750,320.603609085083,True,17.565077850771768,3,0.00029296875
1001001010,19656,"[3, 0, 1, 2]",750,320.6210136413574,False,17.565077850771768,3,0.00029296875
1001001010,19657,"[3, 0, 1, 2]",750,320.6346035003662,True,17.565077850771768,3,0.00029296875
1001001010,19658,"[3, 0, 1, 2]",750,320.6522464752197,False,17.565077850771768,3,0.00029296875
1001001010,19659,"[3, 0, 1, 2]",750,320.6653594970703,True,17.565077850771768,3,0.00029296875
1001001000,19660,"[3, 0, 1, 2]",750,320.68324089050293,False,19.519320360211093,3,0.00029296875
1001001000,19661,"[3, 0, 1, 2]",750,320.6961154937744,True,19.519320360211093,3,0.00029296875
1001001000,19662,"[3, 0, 1, 2]",750,320.71423530578613,False,19.519320360211093,3,0.00029296875
1001001000,19663,"[3, 0, 1, 2]",750,320.7271099090576,True,19.519320360211093,3,0.00029296875
1001001000,19664,"[3, 0, 1, 2]",750,320.74522972106934,False,19.519320360211093,3,0.00029296875
1001001000,19665,"[3, 0, 1, 2]",750,320.7578659057617,True,19.519320360211093,3,0.00029296875
0110011010,19666,"[3, 1, 2, 0]",9450,320.77598571777344,False,16.027850656648774,3,0.00029296875
0110011010,19667,"[3, 1, 0, 2]",900,320.7895755767822,True,16.027850656648774,3,0.00029296875
0110011010,19668,"[3, 1, 2, 0]",9450,320.80912590026855,False,16.027850656648774,3,0.00029296875
0110011010,19669,"[3, 1, 0, 2]",900,320.82271575927734,True,16.027850656648774,3,0.00029296875
0110011010,19670,"[3, 1, 2, 0]",9450,320.84059715270996,False,16.027850656648774,3,0.00029296875
0110011010,19671,"[3, 1, 0, 2]",900,320.85371017456055,True,16.027850656648774,3,0.00029296875
0100111111,19672,"[3, 2, 0, 1]",6600,320.87159156799316,False,16.879946239249122,3,0.00029296875
0100111111,19673,"[3, 2, 0, 1]",6600,320.88494300842285,True,16.879946239249122,3,0.00029296875
0100111111,19674,"[3, 2, 0, 1]",6600,320.90282440185547,False,16.879946239249122,3,0.00029296875
0100111111,19675,"[3, 2, 0, 1]",6600,320.91665267944336,True,16.879946239249122,3,0.00029296875
0100111111,19676,"[3, 2, 0, 1]",6600,320.9366798400879,False,16.879946239249122,3,0.00029296875
0100111111,19677,"[3, 2, 0, 1]",6600,320.9502696990967,True,16.879946239249122,3,0.00029296875
1111011110,19678,"[3, 1, 0, 2]",900,320.9681510925293,False,35.584055485589744,3,0.00029296875
1111011110,19679,"[3, 1, 0, 2]",900,320.9817409515381,True,35.584055485589744,3,0.00029296875
1111011110,19680,"[3, 1, 0, 2]",900,320.9996223449707,False,35.584055485589744,3,0.00029296875
1111011110,19681,"[3, 1, 0, 2]",900,321.0129737854004,True,35.584055485589744,3,0.00029296875
1111011110,19682,"[3, 1, 0, 2]",900,321.0306167602539,False,35.584055485589744,3,0.00029296875
1111011110,19683,"[3, 1, 0, 2]",900,321.0437297821045,True,35.584055485589744,3,0.00029296875
0101011110,19684,"[3, 2, 1, 0]",9600,321.061372756958,False,32.77216353404093,3,0.00029296875
0101011110,19685,"[3, 2, 1, 0]",9600,321.0742473602295,True,32.77216353404093,3,0.00029296875
0101011110,19686,"[3, 2, 1, 0]",9600,321.091890335083,False,32.77216353404093,3,0.00029296875
0101011110,19687,"[3, 2, 1, 0]",9600,321.1052417755127,True,32.77216353404093,3,0.00029296875
0101011110,19688,"[3, 2, 1, 0]",9600,321.1245536804199,False,32.77216353404093,3,0.00029296875
0101011110,19689,"[3, 2, 1, 0]",9600,321.1379051208496,True,32.77216353404093,3,0.00029296875
0110001011,19690,"[3, 1, 0, 2]",900,321.1557865142822,False,18.73311161570339,3,0.00029296875
0110001011,19691,"[3, 1, 0, 2]",900,321.1691379547119,True,18.73311161570339,3,0.00029296875
0110001011,19692,"[3, 1, 0, 2]",900,321.18678092956543,False,18.73311161570339,3,0.00029296875
0110001011,19693,"[3, 1, 0, 2]",900,321.2001323699951,True,18.73311161570339,3,0.00029296875
0110001011,19694,"[3, 1, 0, 2]",900,321.21777534484863,False,18.73311161570339,3,0.00029296875
0110001011,19695,"[3, 1, 0, 2]",900,321.2306499481201,True,18.73311161570339,3,0.00029296875
1001111010,19696,"[2, 3, 0, 1]",6600,321.24805450439453,False,23.85425408059212,3,0.00029296875
1001111010,19697,"[2, 3, 0, 1]",6600,321.2611675262451,True,23.85425408059212,3,0.00029296875
1001111010,19698,"[2, 3, 0, 1]",6600,321.27857208251953,False,23.85425408059212,3,0.00029296875
1001111010,19699,"[2, 3, 0, 1]",6600,321.2916851043701,True,23.85425408059212,3,0.00029296875
1001111010,19700,"[2, 3, 0, 1]",6600,321.30908966064453,False,23.85425408059212,3,0.00029296875
1001111010,19701,"[2, 3, 0, 1]",6600,321.3222026824951,True,23.85425408059212,3,0.00029296875
0011010011,19702,"[1, 2, 3, 0]",9300,321.33936882019043,False,10.212895332660406,3,0.00029296875
0011010011,19703,"[1, 0, 2, 3]",315,321.3534355163574,True,10.212895332660406,3,0.00029296875
0011010011,19704,"[1, 2, 3, 0]",9300,321.37084007263184,False,10.212895332660406,3,0.00029296875
0011010011,19705,"[1, 0, 2, 3]",315,321.3846683502197,True,10.212895332660406,3,0.00029296875
0011010011,19706,"[1, 2, 3, 0]",9300,321.40183448791504,False,10.212895332660406,3,0.00029296875
0011010011,19707,"[1, 0, 2, 3]",315,321.4154243469238,True,10.212895332660406,3,0.00029296875
0101001111,19708,"[3, 1, 0, 2]",900,321.43330574035645,False,13.267181334959346,3,0.00029296875
0101001111,19709,"[3, 1, 0, 2]",900,321.44689559936523,True,13.267181334959346,3,0.00029296875
0101001111,19710,"[3, 1, 0, 2]",900,321.46644592285156,False,13.267181334959346,3,0.00029296875
0101001111,19711,"[3, 1, 0, 2]",900,321.47979736328125,True,13.267181334959346,3,0.00029296875
0101001111,19712,"[3, 1, 0, 2]",900,321.49744033813477,False,13.267181334959346,3,0.00029296875
0101001111,19713,"[3, 1, 0, 2]",900,321.51079177856445,True,13.267181334959346,3,0.00029296875
1101100110,19714,"[0, 2, 3, 1]",6200,321.52867317199707,False,19.038640720422187,3,0.00029296875
1101100110,19715,"[0, 1, 2, 3]",315,321.54202461242676,True,19.038640720422187,3,0.00029296875
1101100110,19716,"[0, 2, 3, 1]",6200,321.5599060058594,False,19.038640720422187,3,0.00029296875
1101100110,19717,"[0, 1, 2, 3]",315,321.57301902770996,True,19.038640720422187,3,0.00029296875
1101100110,19718,"[0, 2, 3, 1]",6200,321.5904235839844,False,19.038640720422187,3,0.00029296875
1101100110,19719,"[0, 1, 2, 3]",315,321.60353660583496,True,19.038640720422187,3,0.00029296875
1010010000,19720,"[1, 0, 2, 3]",315,321.6211795806885,False,18.428052217355958,3,0.00029296875
1010010000,19721,"[1, 0, 2, 3]",315,321.63453102111816,True,18.428052217355958,3,0.00029296875
1010010000,19722,"[1, 0, 2, 3]",315,321.6519355773926,False,18.428052217355958,3,0.00029296875
1010010000,19723,"[1, 0, 2, 3]",315,321.66504859924316,True,18.428052217355958,3,0.00029296875
1010010000,19724,"[1, 0, 2, 3]",315,321.6826915740967,False,18.428052217355958,3,0.00029296875
1010010000,19725,"[1, 0, 2, 3]",315,321.69651985168457,True,18.428052217355958,3,0.00029296875
1111101101,19726,"[3, 1, 0, 2]",900,321.7158317565918,False,41.584055485589744,3,0.00029296875
1111101101,19727,"[3, 1, 0, 2]",900,321.7296600341797,True,41.584055485589744,3,0.00029296875
1111101101,19728,"[3, 1, 0, 2]",900,321.7473030090332,False,41.584055485589744,3,0.00029296875
1111101101,19729,"[3, 1, 0, 2]",900,321.7611312866211,True,41.584055485589744,3,0.00029296875
1111101101,19730,"[3, 1, 0, 2]",900,321.7804431915283,False,41.584055485589744,3,0.00029296875
1111101101,19731,"[3, 1, 0, 2]",900,321.7942714691162,True,41.584055485589744,3,0.00029296875
1101000010,19732,"[0, 1, 3, 2]",465,321.8119144439697,False,10.73537316773854,3,0.00029296875
1101000010,19733,"[0, 1, 3, 2]",465,321.8255043029785,True,10.73537316773854,3,0.00029296875
1101000010,19734,"[0, 1, 3, 2]",465,321.84314727783203,False,10.73537316773854,3,0.00029296875
1101000010,19735,"[0, 1, 3, 2]",465,321.8560218811035,True,10.73537316773854,3,0.00029296875
1101000010,19736,"[0, 1, 3, 2]",465,321.87342643737793,False,10.73537316773854,3,0.00029296875
1101000010,19737,"[0, 1, 3, 2]",465,321.8863010406494,True,10.73537316773854,3,0.00029296875
1100011111,19738,"[3, 0, 2, 1]",6300,321.9037055969238,False,13.900011571152788,3,0.00029296875
1100011111,19739,"[3, 0, 1, 2]",750,321.9172954559326,True,13.900011571152788,3,0.00029296875
1100011111,19740,"[3, 0, 2, 1]",6300,321.93517684936523,False,13.900011571152788,3,0.00029296875
1100011111,19741,"[3, 0, 1, 2]",750,321.9485282897949,True,13.900011571152788,3,0.00029296875
1100011111,19742,"[3, 0, 2, 1]",6300,321.96617126464844,False,13.900011571152788,3,0.00029296875
1100011111,19743,"[3, 0, 1, 2]",750,321.979284286499,True,13.900011571152788,3,0.00029296875
0110111011,19744,"[2, 3, 1, 0]",9600,321.99716567993164,False,22.420227854195772,3,0.00029296875
0110111011,19745,"[2, 3, 1, 0]",9600,322.0105171203613,True,22.420227854195772,3,0.00029296875
0110111011,19746,"[2, 3, 1, 0]",9600,322.02792167663574,False,22.420227854195772,3,0.00029296875
0110111011,19747,"[2, 3, 1, 0]",9600,322.0407962799072,True,22.420227854195772,3,0.00029296875
0110111011,19748,"[2, 3, 1, 0]",9600,322.05820083618164,False,22.420227854195772,3,0.00029296875
0110111011,19749,"[2, 3, 1, 0]",9600,322.0713138580322,True,22.420227854195772,3,0.00029296875
1100101001,19750,"[0, 3, 2, 1]",6300,322.08871841430664,False,30.274426870775493,3,0.00029296875
1100101001,19751,"[0, 1, 3, 2]",465,322.1020698547363,True,30.274426870775493,3,0.00029296875
1100101001,19752,"[0, 3, 2, 1]",6300,322.12352752685547,False,30.274426870775493,3,0.00029296875
1100101001,19753,"[0, 1, 3, 2]",465,322.13687896728516,True,30.274426870775493,3,0.00029296875
1100101001,19754,"[0, 3, 2, 1]",6300,322.1547603607178,False,30.274426870775493,3,0.00029296875
1100101001,19755,"[0, 1, 3, 2]",465,322.16811180114746,True,30.274426870775493,3,0.00029296875
1000011101,19756,"[3, 0, 2, 1]",6300,322.1859931945801,False,17.29795157982483,3,0.00029296875
1000011101,19757,"[3, 0, 1, 2]",750,322.19982147216797,True,17.29795157982483,3,0.00029296875
1000011101,19758,"[3, 0, 2, 1]",6300,322.2174644470215,False,17.29795157982483,3,0.00029296875
1000011101,19759,"[3, 0, 1, 2]",750,322.23057746887207,True,17.29795157982483,3,0.00029296875
1000011101,19760,"[3, 0, 2, 1]",6300,322.2482204437256,False,17.29795157982483,3,0.00029296875
1000011101,19761,"[3, 0, 1, 2]",750,322.2613334655762,True,17.29795157982483,3,0.00029296875
0101001011,19762,"[3, 1, 0, 2]",900,322.2789764404297,False,11.610835341332443,3,0.00029296875
0101001011,19763,"[3, 1, 0, 2]",900,322.2923278808594,True,11.610835341332443,3,0.00029296875
0101001011,19764,"[3, 1, 0, 2]",900,322.310209274292,False,11.610835341332443,3,0.00029296875
0101001011,19765,"[3, 1, 0, 2]",900,322.3235607147217,True,11.610835341332443,3,0.00029296875
0101001011,19766,"[3, 1, 0, 2]",900,322.3412036895752,False,11.610835341332443,3,0.00029296875
0101001011,19767,"[3, 1, 0, 2]",900,322.3707675933838,True,11.610835341332443,3,0.00029296875
0000111101,19768,"[3, 2, 1, 0]",9600,322.3917484283447,False,16.87994623924912,3,0.00029296875
0000111101,19769,"[3, 2, 1, 0]",9600,322.4055767059326,True,16.87994623924912,3,0.00029296875
0000111101,19770,"[3, 2, 1, 0]",9600,322.42393493652344,False,16.87994623924912,3,0.00029296875
0000111101,19771,"[3, 2, 1, 0]",9600,322.4377632141113,True,16.87994623924912,3,0.00029296875
0000111101,19772,"[3, 2, 1, 0]",9600,322.45802879333496,False,16.87994623924912,3,0.00029296875
0000111101,19773,"[3, 2, 1, 0]",9600,322.47185707092285,True,16.87994623924912,3,0.00029296875
0110000100,19774,"[1, 3, 0, 2]",900,322.48997688293457,False,13.519320360211093,3,0.00029296875
0110000100,19775,"[1, 0, 3, 2]",465,322.50475883483887,True,13.519320360211093,3,0.00029296875
0110000100,19776,"[1, 3, 0, 2]",900,322.5235939025879,False,13.519320360211093,3,0.00029296875
0110000100,19777,"[1, 0, 3, 2]",465,322.537899017334,True,13.519320360211093,3,0.00029296875
0110000100,19778,"[1, 3, 0, 2]",900,322.5579261779785,False,13.519320360211093,3,0.00029296875
0110000100,19779,"[1, 0, 3, 2]",465,322.5719928741455,True,13.519320360211093,3,0.00029296875
1011101001,19780,"[1, 3, 2, 0]",9450,322.59058952331543,False,48.57552697385148,3,0.00029296875
1011101001,19781,"[1, 0, 3, 2]",465,322.6048946380615,True,48.57552697385148,3,0.00029296875
1011101001,19782,"[1, 3, 2, 0]",9450,322.62349128723145,False,48.57552697385148,3,0.00029296875
1011101001,19783,"[1, 0, 3, 2]",465,322.63731956481934,True,48.57552697385148,3,0.00029296875
1011101001,19784,"[1, 3, 2, 0]",9450,322.65567779541016,False,48.57552697385148,3,0.00029296875
1011101001,19785,"[1, 0, 3, 2]",465,322.66974449157715,True,48.57552697385148,3,0.00029296875
1101001111,19786,"[3, 0, 1, 2]",750,322.68810272216797,False,11.221423844398672,3,0.00029296875
1101001111,19787,"[3, 0, 1, 2]",750,322.70240783691406,True,11.221423844398672,3,0.00029296875
1101001111,19788,"[3, 0, 1, 2]",750,322.7207660675049,False,11.221423844398672,3,0.00029296875
1101001111,19789,"[3, 0, 1, 2]",750,322.7348327636719,True,11.221423844398672,3,0.00029296875
1101001111,19790,"[3, 0, 1, 2]",750,322.7529525756836,False,11.221423844398672,3,0.00029296875
1101001111,19791,"[3, 0, 1, 2]",750,322.7667808532715,True,11.221423844398672,3,0.00029296875
0000100010,19792,"[2, 3, 1, 0]",9600,322.7853775024414,False,26.090619058289455,3,0.00029296875
0000100010,19793,"[2, 3, 1, 0]",9600,322.7992057800293,True,26.090619058289455,3,0.00029296875
0000100010,19794,"[2, 3, 1, 0]",9600,322.8192329406738,False,26.090619058289455,3,0.00029296875
0000100010,19795,"[2, 3, 1, 0]",9600,322.8328227996826,True,26.090619058289455,3,0.00029296875
0000100010,19796,"[2, 3, 1, 0]",9600,322.85118103027344,False,26.090619058289455,3,0.00029296875
0000100010,19797,"[2, 3, 1, 0]",9600,322.8647708892822,True,26.090619058289455,3,0.00029296875
0011100001,19798,"[1, 2, 3, 0]",9300,322.88289070129395,False,18.16713784209973,3,0.00029296875
0011100001,19799,"[1, 0, 2, 3]",315,322.89695739746094,True,18.16713784209973,3,0.00029296875
0011100001,19800,"[1, 2, 3, 0]",9300,322.91626930236816,False,18.16713784209973,3,0.00029296875
0011100001,19801,"[1, 0, 2, 3]",315,322.93057441711426,True,18.16713784209973,3,0.00029296875
0011100001,19802,"[1, 2, 3, 0]",9300,322.948694229126,False,18.16713784209973,3,0.00029296875
0011100001,19803,"[1, 0, 2, 3]",315,322.9634761810303,True,18.16713784209973,3,0.00029296875
1110011101,19804,"[3, 0, 1, 2]",750,322.9820728302002,False,27.064086040812967,3,0.00029296875
1110011101,19805,"[3, 0, 1, 2]",750,322.9968547821045,True,27.064086040812967,3,0.00029296875
1110011101,19806,"[3, 0, 1, 2]",750,323.0154514312744,False,27.064086040812967,3,0.00029296875
1110011101,19807,"[3, 0, 1, 2]",750,323.0299949645996,True,27.064086040812967,3,0.00029296875
1110011101,19808,"[3, 0, 1, 2]",750,323.05049896240234,False,27.064086040812967,3,0.00029296875
1110011101,19809,"[3, 0, 1, 2]",750,323.06480407714844,True,27.064086040812967,3,0.00029296875
1010001011,19810,"[3, 1, 0, 2]",900,323.08316230773926,False,38.03953664325408,3,0.00029296875
1010001011,19811,"[3, 1, 0, 2]",900,323.09746742248535,True,38.03953664325408,3,0.00029296875
1010001011,19812,"[3, 1, 0, 2]",900,323.11558723449707,False,38.03953664325408,3,0.00029296875
1010001011,19813,"[3, 1, 0, 2]",900,323.13013076782227,True,38.03953664325408,3,0.00029296875
1010001011,19814,"[3, 1, 0, 2]",900,323.1501579284668,False,38.03953664325408,3,0.00029296875
1010001011,19815,"[3, 1, 0, 2]",900,323.1639862060547,True,38.03953664325408,3,0.00029296875
1001110100,19816,"[2, 0, 3, 1]",6200,323.1825828552246,False,22.930772864402392,3,0.00029296875
1001110100,19817,"[2, 0, 1, 3]",500,323.1966495513916,True,22.930772864402392,3,0.00029296875
1001110100,19818,"[2, 0, 3, 1]",6200,323.2152462005615,False,22.930772864402392,3,0.00029296875
1001110100,19819,"[2, 0, 1, 3]",500,323.2290744781494,True,22.930772864402392,3,0.00029296875
1001110100,19820,"[2, 0, 3, 1]",6200,323.24814796447754,False,22.930772864402392,3,0.00029296875
1001110100,19821,"[2, 0, 1, 3]",500,323.26197624206543,True,22.930772864402392,3,0.00029296875
0000011100,19822,"[3, 2, 1, 0]",9600,323.28057289123535,False,13.900011571152792,3,0.00029296875
0000011100,19823,"[3, 2, 1, 0]",9600,323.29463958740234,True,13.900011571152792,3,0.00029296875
0000011100,19824,"[3, 2, 1, 0]",9600,323.31323623657227,False,13.900011571152792,3,0.00029296875
0000011100,19825,"[3, 2, 1, 0]",9600,323.32706451416016,True,13.900011571152792,3,0.00029296875
0000011100,19826,"[3, 2, 1, 0]",9600,323.3461380004883,False,13.900011571152792,3,0.00029296875
0000011100,19827,"[3, 2, 1, 0]",9600,323.3602046966553,True,13.900011571152792,3,0.00029296875
0100111101,19828,"[3, 2, 0, 1]",6600,323.3814239501953,False,17.43624874001641,3,0.00029296875
0100111101,19829,"[3, 2, 0, 1]",6600,323.40478897094727,True,17.43624874001641,3,0.00029296875
0100111101,19830,"[3, 2, 0, 1]",6600,323.4221935272217,False,17.43624874001641,3,0.00029296875
0100111101,19831,"[3, 2, 0, 1]",6600,323.43506813049316,True,17.43624874001641,3,0.00029296875
0100111101,19832,"[3, 2, 0, 1]",6600,323.4529495239258,False,17.43624874001641,3,0.00029296875
0100111101,19833,"[3, 2, 0, 1]",6600,323.46582412719727,True,17.43624874001641,3,0.00029296875
0010111000,19834,"[2, 3, 1, 0]",9600,323.4834671020508,False,31.32871287307443,3,0.00029296875
0010111000,19835,"[2, 3, 1, 0]",9600,323.49681854248047,True,31.32871287307443,3,0.00029296875
0010111000,19836,"[2, 3, 1, 0]",9600,323.5161304473877,False,31.32871287307443,3,0.00029296875
0010111000,19837,"[2, 3, 1, 0]",9600,323.5292434692383,True,31.32871287307443,3,0.00029296875
0010111000,19838,"[2, 3, 1, 0]",9600,323.5461711883545,False,31.32871287307443,3,0.00029296875
0010111000,19839,"[2, 3, 1, 0]",9600,323.559045791626,True,31.32871287307443,3,0.00029296875
1111100101,19840,"[1, 0, 2, 3]",315,323.5764503479004,False,23.129908863277322,3,0.00029296875
1111100101,19841,"[1, 0, 2, 3]",315,323.5898017883301,True,23.129908863277322,3,0.00029296875
1111100101,19842,"[1, 0, 2, 3]",315,323.6074447631836,False,23.129908863277322,3,0.00029296875
1111100101,19843,"[1, 0, 2, 3]",315,323.6205577850342,True,23.129908863277322,3,0.00029296875
1111100101,19844,"[1, 0, 2, 3]",315,323.6382007598877,False,23.129908863277322,3,0.00029296875
1111100101,19845,"[1, 0, 2, 3]",315,323.6515522003174,True,23.129908863277322,3,0.00029296875
0101011101,19846,"[3, 2, 1, 0]",9600,323.6689567565918,False,21.817921024601603,3,0.00029296875
0101011101,19847,"[3, 2, 1, 0]",9600,323.6820697784424,True,21.817921024601603,3,0.00029296875
0101011101,19848,"[3, 2, 1, 0]",9600,323.6997127532959,False,21.817921024601603,3,0.00029296875
0101011101,19849,"[3, 2, 1, 0]",9600,323.7125873565674,True,21.817921024601603,3,0.00029296875
0101011101,19850,"[3, 2, 1, 0]",9600,323.7299919128418,False,21.817921024601603,3,0.00029296875
0101011101,19851,"[3, 2, 1, 0]",9600,323.7428665161133,True,21.817921024601603,3,0.00029296875
1111101100,19852,"[3, 1, 0, 2]",900,323.7605094909668,False,47.89048051314043,3,0.00029296875
1111101100,19853,"[3, 1, 0, 2]",900,323.7738609313965,True,47.89048051314043,3,0.00029296875
1111101100,19854,"[3, 1, 0, 2]",900,323.7912654876709,False,47.89048051314043,3,0.00029296875
1111101100,19855,"[3, 1, 0, 2]",900,323.8046169281006,True,47.89048051314043,3,0.00029296875
1111101100,19856,"[3, 1, 0, 2]",900,323.8239288330078,False,47.89048051314043,3,0.00029296875
1111101100,19857,"[3, 1, 0, 2]",900,323.8370418548584,True,47.89048051314043,3,0.00029296875
1101110011,19858,"[2, 0, 1, 3]",500,323.85826110839844,False,9.82880876020134,3,0.00029296875
1101110011,19859,"[2, 0, 1, 3]",500,323.8718509674072,True,9.82880876020134,3,0.00029296875
1101110011,19860,"[2, 0, 1, 3]",500,323.88949394226074,False,9.82880876020134,3,0.00029296875
1101110011,19861,"[2, 0, 1, 3]",500,323.90284538269043,True,9.82880876020134,3,0.00029296875
1101110011,19862,"[2, 0, 1, 3]",500,323.92024993896484,False,9.82880876020134,3,0.00029296875
1101110011,19863,"[2, 0, 1, 3]",500,323.93360137939453,True,9.82880876020134,3,0.00029296875
0000001001,19864,"[3, 2, 1, 0]",9600,323.95124435424805,False,29.18188720114459,3,0.00029296875
0000001001,19865,"[3, 2, 1, 0]",9600,323.96483421325684,True,29.18188720114459,3,0.00029296875
0000001001,19866,"[3, 2, 1, 0]",9600,323.98223876953125,False,29.18188720114459,3,0.00029296875
0000001001,19867,"[3, 2, 1, 0]",9600,323.99559020996094,True,29.18188720114459,3,0.00029296875
0000001001,19868,"[3, 2, 1, 0]",9600,324.01299476623535,False,29.18188720114459,3,0.00029296875
0000001001,19869,"[3, 2, 1, 0]",9600,324.02610778808594,True,29.18188720114459,3,0.00029296875
0110110101,19870,"[2, 1, 3, 0]",9300,324.04375076293945,False,17.854254080592113,3,0.00029296875
0110110101,19871,"[2, 1, 0, 3]",600,324.05710220336914,True,17.854254080592113,3,0.00029296875
0110110101,19872,"[2, 1, 3, 0]",9300,324.07498359680176,False,17.854254080592113,3,0.00029296875
0110110101,19873,"[2, 1, 0, 3]",600,324.08833503723145,True,17.854254080592113,3,0.00029296875
0110110101,19874,"[2, 1, 3, 0]",9300,324.10597801208496,False,17.854254080592113,3,0.00029296875
0110110101,19875,"[2, 1, 0, 3]",600,324.11909103393555,True,17.854254080592113,3,0.00029296875
1001100011,19876,"[2, 0, 1, 3]",500,324.1386413574219,False,17.723687181133236,3,0.00029296875
1001100011,19877,"[2, 0, 1, 3]",500,324.15270805358887,True,17.723687181133236,3,0.00029296875
1001100011,19878,"[2, 0, 1, 3]",500,324.1722583770752,False,17.723687181133236,3,0.00029296875
1001100011,19879,"[2, 0, 1, 3]",500,324.1853713989258,True,17.723687181133236,3,0.00029296875
1001100011,19880,"[2, 0, 1, 3]",500,324.2034912109375,False,17.723687181133236,3,0.00029296875
1001100011,19881,"[2, 0, 1, 3]",500,324.2166042327881,True,17.723687181133236,3,0.00029296875
1110110011,19882,"[2, 0, 1, 3]",500,324.2342472076416,False,15.828808760201333,3,0.00029296875
1110110011,19883,"[2, 0, 1, 3]",500,324.246883392334,True,15.828808760201333,3,0.00029296875
1110110011,19884,"[2, 0, 1, 3]",500,324.2645263671875,False,15.828808760201333,3,0.00029296875
1110110011,19885,"[2, 0, 1, 3]",500,324.2776393890381,True,15.828808760201333,3,0.00029296875
1110110011,19886,"[2, 0, 1, 3]",500,324.2950439453125,False,15.828808760201333,3,0.00029296875
1110110011,19887,"[2, 0, 1, 3]",500,324.324369430542,True,15.828808760201333,3,0.00029296875
0100101101,19888,"[3, 2, 0, 1]",6600,324.3427276611328,False,15.900011571152795,3,0.00029296875
0100101101,19889,"[3, 2, 0, 1]",6600,324.3567943572998,True,15.900011571152795,3,0.00029296875
0100101101,19890,"[3, 2, 0, 1]",6600,324.3751525878906,False,15.900011571152795,3,0.00029296875
0100101101,19891,"[3, 2, 0, 1]",6600,324.3892192840576,True,15.900011571152795,3,0.00029296875
0100101101,19892,"[3, 2, 0, 1]",6600,324.40781593322754,False,15.900011571152795,3,0.00029296875
0100101101,19893,"[3, 2, 0, 1]",6600,324.4209289550781,True,15.900011571152795,3,0.00029296875
0011110001,19894,"[2, 1, 3, 0]",9300,324.43928718566895,False,12.318016911728506,3,0.00029296875
0011110001,19895,"[2, 1, 0, 3]",600,324.45335388183594,True,12.318016911728506,3,0.00029296875
0011110001,19896,"[2, 1, 3, 0]",9300,324.47195053100586,False,12.318016911728506,3,0.00029296875
0011110001,19897,"[2, 1, 0, 3]",600,324.48625564575195,True,12.318016911728506,3,0.00029296875
0011110001,19898,"[2, 1, 3, 0]",9300,324.5065212249756,False,12.318016911728506,3,0.00029296875
0011110001,19899,"[2, 1, 0, 3]",600,324.5205879211426,True,12.318016911728506,3,0.00029296875
0001011101,19900,"[3, 2, 1, 0]",9600,324.5391845703125,False,14.909436005722952,3,0.00029296875
0001011101,19901,"[3, 2, 1, 0]",9600,324.5530128479004,True,14.909436005722952,3,0.00029296875
0001011101,19902,"[3, 2, 1, 0]",9600,324.5716094970703,False,14.909436005722952,3,0.00029296875
0001011101,19903,"[3, 2, 1, 0]",9600,324.5854377746582,True,14.909436005722952,3,0.00029296875
0001011101,19904,"[3, 2, 1, 0]",9600,324.603796005249,False,14.909436005722952,3,0.00029296875
0001011101,19905,"[3, 2, 1, 0]",9600,324.6173858642578,True,14.909436005722952,3,0.00029296875
1001100000,19906,"[2, 0, 1, 3]",500,324.63574409484863,False,18.67792969057256,3,0.00029296875
1001100000,19907,"[2, 0, 1, 3]",500,324.6498107910156,True,18.67792969057256,3,0.00029296875
1001100000,19908,"[2, 0, 1, 3]",500,324.66864585876465,False,18.67792969057256,3,0.00029296875
1001100000,19909,"[2, 0, 1, 3]",500,324.68295097351074,True,18.67792969057256,3,0.00029296875
1001100000,19910,"[2, 0, 1, 3]",500,324.70107078552246,False,18.67792969057256,3,0.00029296875
1001100000,19911,"[2, 0, 1, 3]",500,324.71513748168945,True,18.67792969057256,3,0.00029296875
0101010111,19912,"[3, 2, 1, 0]",9600,324.7332572937012,False,30.636033823457012,3,0.00029296875
0101010111,19913,"[3, 2, 1, 0]",9600,324.74708557128906,True,30.636033823457012,3,0.00029296875
0101010111,19914,"[3, 2, 1, 0]",9600,324.765682220459,False,30.636033823457012,3,0.00029296875
0101010111,19915,"[3, 2, 1, 0]",9600,324.7795104980469,True,30.636033823457012,3,0.00029296875
0101010111,19916,"[3, 2, 1, 0]",9600,324.7976303100586,False,30.636033823457012,3,0.00029296875
0101010111,19917,"[3, 2, 1, 0]",9600,324.8112201690674,True,30.636033823457012,3,0.00029296875
1010111000,19918,"[2, 3, 1, 0]",9600,324.8293399810791,False,48.23719789195308,2,0.0001953125
1010111000,19919,"[2, 3, 1, 0]",9600,324.8429298400879,True,48.23719789195308,2,0.0001953125
1010111000,19920,"[2, 3, 1, 0]",9600,324.8629570007324,False,48.23719789195308,2,0.0001953125
1010111000,19921,"[2, 3, 1, 0]",9600,324.8765468597412,True,48.23719789195308,2,0.0001953125
0011110000,19922,"[2, 1, 3, 0]",9300,324.89466667175293,False,14.272259421167831,2,0.0001953125
0011110000,19923,"[2, 1, 0, 3]",600,324.9087333679199,True,14.272259421167831,2,0.0001953125
0011110000,19924,"[2, 1, 3, 0]",9300,324.92733001708984,False,14.272259421167831,2,0.0001953125
0011110000,19925,"[2, 1, 0, 3]",600,324.94115829467773,True,14.272259421167831,2,0.0001953125
0001110010,19926,"[2, 1, 3, 0]",9300,324.96023178100586,False,14.226748768873373,2,0.0001953125
0001110010,19927,"[2, 1, 0, 3]",600,324.97477531433105,True,14.226748768873373,2,0.0001953125
0001110010,19928,"[2, 1, 3, 0]",9300,324.9952793121338,False,14.226748768873373,2,0.0001953125
0001110010,19929,"[2, 1, 0, 3]",600,325.0091075897217,True,14.226748768873373,2,0.0001953125
1111110101,19930,"[2, 1, 0, 3]",600,325.0279426574707,False,31.726406043480253,2,0.0001953125
1111110101,19931,"[2, 1, 0, 3]",600,325.0417709350586,True,31.726406043480253,2,0.0001953125
1111110101,19932,"[2, 1, 0, 3]",600,325.0606060028076,False,31.726406043480253,2,0.0001953125
1111110101,19933,"[2, 1, 0, 3]",600,325.0746726989746,True,31.726406043480253,2,0.0001953125
1100010101,19934,"[0, 3, 2, 1]",6300,325.09303092956543,False,12.718124370008205,2,0.0001953125
1100010101,19935,"[0, 1, 3, 2]",465,325.1171112060547,True,12.718124370008205,2,0.0001953125
1100010101,19936,"[0, 3, 2, 1]",6300,325.1349925994873,False,12.718124370008205,2,0.0001953125
1100010101,19937,"[0, 1, 3, 2]",465,325.1485824584961,True,12.718124370008205,2,0.0001953125
0101001010,19938,"[3, 1, 0, 2]",900,325.1662254333496,False,14.963017859443806,2,0.0001953125
0101001010,19939,"[3, 1, 0, 2]",900,325.1798152923584,True,14.963017859443806,2,0.0001953125
0101001010,19940,"[3, 1, 0, 2]",900,325.1996040344238,False,14.963017859443806,2,0.0001953125
0101001010,19941,"[3, 1, 0, 2]",900,325.2134323120117,True,14.963017859443806,2,0.0001953125
0100110101,19942,"[2, 3, 0, 1]",6600,325.23107528686523,False,13.410803419625623,2,0.0001953125
0100110101,19943,"[2, 3, 0, 1]",6600,325.244665145874,True,13.410803419625623,2,0.0001953125
0100110101,19944,"[2, 3, 0, 1]",6600,325.26230812072754,False,13.410803419625623,2,0.0001953125
0100110101,19945,"[2, 3, 0, 1]",6600,325.2756595611572,True,13.410803419625623,2,0.0001953125
0000011010,19946,"[3, 2, 1, 0]",9600,325.29306411743164,False,17.920323741322683,2,0.0001953125
0000011010,19947,"[3, 2, 1, 0]",9600,325.3059387207031,True,17.920323741322683,2,0.0001953125
0000011010,19948,"[3, 2, 1, 0]",9600,325.32358169555664,False,17.920323741322683,2,0.0001953125
0000011010,19949,"[3, 2, 1, 0]",9600,325.3366947174072,True,17.920323741322683,2,0.0001953125
1000001010,19950,"[3, 0, 2, 1]",6300,325.35409927368164,False,26.18188720114459,2,0.0001953125
1000001010,19951,"[3, 0, 1, 2]",750,325.3674507141113,True,26.18188720114459,2,0.0001953125
1000001010,19952,"[3, 0, 2, 1]",6300,325.38533210754395,False,26.18188720114459,2,0.0001953125
1000001010,19953,"[3, 0, 1, 2]",750,325.39868354797363,True,26.18188720114459,2,0.0001953125
1101000000,19954,"[0, 1, 3, 2]",465,325.41656494140625,False,9.73537316773854,2,0.0001953125
1101000000,19955,"[0, 1, 3, 2]",465,325.4530429840088,True,9.73537316773854,2,0.0001953125
1101000000,19956,"[0, 1, 3, 2]",465,325.4711627960205,False,9.73537316773854,2,0.0001953125
1101000000,19957,"[0, 1, 3, 2]",465,325.4852294921875,True,9.73537316773854,2,0.0001953125
1101000111,19958,"[0, 3, 1, 2]",750,325.5026340484619,False,11.039536643254081,2,0.0001953125
1101000111,19959,"[0, 1, 3, 2]",465,325.5164623260498,True,11.039536643254081,2,0.0001953125
1101000111,19960,"[0, 3, 1, 2]",750,325.5341053009033,False,11.039536643254081,2,0.0001953125
1101000111,19961,"[0, 1, 3, 2]",465,325.5476951599121,True,11.039536643254081,2,0.0001953125
1111110100,19962,"[2, 1, 0, 3]",600,325.56748390197754,False,40.6348910623589,2,0.0001953125
1111110100,19963,"[2, 1, 0, 3]",600,325.5810737609863,True,40.6348910623589,2,0.0001953125
1111110100,19964,"[2, 1, 0, 3]",600,325.59895515441895,False,40.6348910623589,2,0.0001953125
1111110100,19965,"[2, 1, 0, 3]",600,325.61230659484863,True,40.6348910623589,2,0.0001953125
0001000010,19966,"[1, 3, 2, 0]",9450,325.62994956970215,False,22.383190649627178,2,0.0001953125
0001000010,19967,"[1, 0, 3, 2]",465,325.64377784729004,True,22.383190649627178,2,0.0001953125
0001000010,19968,"[1, 3, 2, 0]",9450,325.66165924072266,False,22.383190649627178,2,0.0001953125
0001000010,19969,"[1, 0, 3, 2]",465,325.67524909973145,True,22.383190649627178,2,0.0001953125
0001011010,19970,"[3, 2, 1, 0]",9600,325.69289207458496,False,16.36377440228918,2,0.0001953125
0001011010,19971,"[3, 2, 1, 0]",9600,325.70719718933105,True,16.36377440228918,2,0.0001953125
0001011010,19972,"[3, 2, 1, 0]",9600,325.72484016418457,False,16.36377440228918,2,0.0001953125
0001011010,19973,"[3, 2, 1, 0]",9600,325.73866844177246,True,16.36377440228918,2,0.0001953125
0100001100,19974,"[3, 0, 2, 1]",6300,325.756311416626,False,12.318016911728506,2,0.0001953125
0100001100,19975,"[3, 0, 1, 2]",750,325.77013969421387,True,12.318016911728506,2,0.0001953125
0100001100,19976,"[3, 0, 2, 1]",6300,325.7899284362793,False,12.318016911728506,2,0.0001953125
0100001100,19977,"[3, 0, 1, 2]",750,325.8037567138672,True,12.318016911728506,2,0.0001953125
0011000111,19978,"[1, 3, 2, 0]",9450,325.8235454559326,False,10.764119747219205,2,0.0001953125
0011000111,19979,"[1, 0, 3, 2]",465,325.8378505706787,True,10.764119747219205,2,0.0001953125
0011000111,19980,"[1, 3, 2, 0]",9450,325.8554935455322,False,10.764119747219205,2,0.0001953125
0011000111,19981,"[1, 0, 3, 2]",465,325.8695602416992,True,10.764119747219205,2,0.0001953125
1101000100,19982,"[0, 3, 1, 2]",750,325.88887214660645,False,16.34596167080477,2,0.0001953125
1101000100,19983,"[0, 1, 3, 2]",465,325.90246200561523,True,16.34596167080477,2,0.0001953125
1101000100,19984,"[0, 3, 1, 2]",750,325.91986656188965,False,16.34596167080477,2,0.0001953125
1101000100,19985,"[0, 1, 3, 2]",465,325.93297958374023,True,16.34596167080477,2,0.0001953125
0100001101,19986,"[3, 0, 2, 1]",6300,325.95038414001465,False,10.363774402289181,2,0.0001953125
0100001101,19987,"[3, 0, 1, 2]",750,325.96397399902344,True,10.363774402289181,2,0.0001953125
0100001101,19988,"[3, 0, 2, 1]",6300,325.98161697387695,False,10.363774402289181,2,0.0001953125
0100001101,19989,"[3, 0, 1, 2]",750,325.99472999572754,True,10.363774402289181,2,0.0001953125
0110011111,19990,"[3, 1, 2, 0]",9450,326.01261138916016,False,16.45123598571159,2,0.0001953125
0110011111,19991,"[3, 1, 0, 2]",900,326.02596282958984,True,16.45123598571159,2,0.0001953125
0110011111,19992,"[3, 1, 2, 0]",9450,326.04360580444336,False,16.45123598571159,2,0.0001953125
0110011111,19993,"[3, 1, 0, 2]",900,326.05719566345215,True,16.45123598571159,2,0.0001953125
0000011001,19994,"[3, 2, 1, 0]",9600,326.07507705688477,False,18.272506259434046,2,0.0001953125
0000011001,19995,"[3, 2, 1, 0]",9600,326.08842849731445,True,18.272506259434046,2,0.0001953125
0000011001,19996,"[3, 2, 1, 0]",9600,326.10607147216797,False,18.272506259434046,2,0.0001953125
0000011001,19997,"[3, 2, 1, 0]",9600,326.11942291259766,True,18.272506259434046,2,0.0001953125
0101111100,19998,"[3, 2, 1, 0]",9600,326.1370658874512,False,34.26264321234386,2,0.0001953125
0101111100,19999,"[3, 2, 1, 0]",9600,326.14994049072266,True,34.26264321234386,2,0.0001953125
0101111100,20000,"[3, 2, 1, 0]",9600,326.16710662841797,False,34.26264321234386,2,0.0001953125
0101111100,20001,"[3, 2, 1, 0]",9600,326.18021965026855,True,34.26264321234386,2,0.0001953125
1010000101,20002,"[1, 0, 3, 2]",465,326.1981010437012,False,20.963017859443806,2,0.0001953125
1010000101,20003,"[1, 0, 3, 2]",465,326.21169090270996,True,20.963017859443806,2,0.0001953125
1010000101,20004,"[1, 0, 3, 2]",465,326.2312412261963,False,20.963017859443806,2,0.0001953125
1010000101,20005,"[1, 0, 3, 2]",465,326.244592666626,True,20.963017859443806,2,0.0001953125
0010011110,20006,"[3, 1, 2, 0]",9450,326.2624740600586,False,16.451235985711595,2,0.0001953125
0010011110,20007,"[3, 1, 0, 2]",900,326.2758255004883,True,16.451235985711595,2,0.0001953125
0010011110,20008,"[3, 1, 2, 0]",9450,326.2934684753418,False,16.451235985711595,2,0.0001953125
0010011110,20009,"[3, 1, 0, 2]",900,326.3068199157715,True,16.451235985711595,2,0.0001953125
1011000111,20010,"[1, 0, 3, 2]",465,326.324462890625,False,10.116302265330567,2,0.0001953125
1011000111,20011,"[1, 0, 3, 2]",465,326.3378143310547,True,10.116302265330567,2,0.0001953125
1011000111,20012,"[1, 0, 3, 2]",465,326.3554573059082,False,10.116302265330567,2,0.0001953125
1011000111,20013,"[1, 0, 3, 2]",465,326.3683319091797,True,10.116302265330567,2,0.0001953125
0010111010,20014,"[2, 3, 1, 0]",9600,326.3857364654541,False,26.42022785419578,2,0.0001953125
0010111010,20015,"[2, 3, 1, 0]",9600,326.3988494873047,True,26.42022785419578,2,0.0001953125
0010111010,20016,"[2, 3, 1, 0]",9600,326.4162540435791,False,26.42022785419578,2,0.0001953125
0010111010,20017,"[2, 3, 1, 0]",9600,326.4291286468506,True,26.42022785419578,2,0.0001953125
1011111110,20018,"[3, 2, 1, 0]",9600,326.446533203125,False,41.272067646914024,2,0.0001953125
1011111110,20019,"[3, 2, 1, 0]",9600,326.4596462249756,True,41.272067646914024,2,0.0001953125
1011111110,20020,"[3, 2, 1, 0]",9600,326.47705078125,False,41.272067646914024,2,0.0001953125
1011111110,20021,"[3, 2, 1, 0]",9600,326.4901638031006,True,41.272067646914024,2,0.0001953125
1110101001,20022,"[0, 3, 2, 1]",6300,326.5080451965332,False,48.54451884233566,2,0.0001953125
1110101001,20023,"[0, 1, 3, 2]",465,326.5218734741211,True,48.54451884233566,2,0.0001953125
1110101001,20024,"[0, 3, 2, 1]",6300,326.5411853790283,False,48.54451884233566,2,0.0001953125
1110101001,20025,"[0, 1, 3, 2]",465,326.5547752380371,True,48.54451884233566,2,0.0001953125
0011111101,20026,"[3, 2, 1, 0]",9600,326.5724182128906,False,28.363582628035374,2,0.0001953125
0011111101,20027,"[3, 2, 1, 0]",9600,326.5860080718994,True,28.363582628035374,2,0.0001953125
0011111101,20028,"[3, 2, 1, 0]",9600,326.60365104675293,False,28.363582628035374,2,0.0001953125
0011111101,20029,"[3, 2, 1, 0]",9600,326.6167640686035,True,28.363582628035374,2,0.0001953125
1100100100,20030,"[0, 2, 3, 1]",6200,326.63726806640625,False,15.430868751529296,2,0.0001953125
1100100100,20031,"[0, 1, 2, 3]",315,326.65061950683594,True,15.430868751529296,2,0.0001953125
1100100100,20032,"[0, 2, 3, 1]",6200,326.66850090026855,False,15.430868751529296,2,0.0001953125
1100100100,20033,"[0, 1, 2, 3]",315,326.68161392211914,True,15.430868751529296,2,0.0001953125
1011111001,20034,"[2, 1, 3, 0]",9300,326.69925689697266,False,42.72640604348025,2,0.0001953125
1011111001,20035,"[2, 1, 0, 3]",600,326.71284675598145,True,42.72640604348025,2,0.0001953125
1011111001,20036,"[2, 1, 3, 0]",9300,326.73048973083496,False,42.72640604348025,2,0.0001953125
1011111001,20037,"[2, 1, 0, 3]",600,326.74360275268555,True,42.72640604348025,2,0.0001953125
1110000011,20038,"[0, 1, 3, 2]",465,326.76148414611816,False,13.383190649627178,2,0.0001953125
1110000011,20039,"[0, 1, 3, 2]",465,326.77435874938965,True,13.383190649627178,2,0.0001953125
1110000011,20040,"[0, 1, 3, 2]",465,326.79200172424316,False,13.383190649627178,2,0.0001953125
1110000011,20041,"[0, 1, 3, 2]",465,326.80487632751465,True,13.383190649627178,2,0.0001953125
0001110100,20042,"[2, 3, 1, 0]",9600,326.82228088378906,False,19.32871287307443,2,0.0001953125
0001110100,20043,"[2, 3, 1, 0]",9600,326.83539390563965,True,19.32871287307443,2,0.0001953125
0001110100,20044,"[2, 3, 1, 0]",9600,326.85327529907227,False,19.32871287307443,2,0.0001953125
0001110100,20045,"[2, 3, 1, 0]",9600,326.86638832092285,True,19.32871287307443,2,0.0001953125
1111000100,20046,"[1, 0, 3, 2]",465,326.8859386444092,False,18.081334838543306,2,0.0001953125
1111000100,20047,"[1, 0, 3, 2]",465,326.89929008483887,True,18.081334838543306,2,0.0001953125
1111000100,20048,"[1, 0, 3, 2]",465,326.9169330596924,False,18.081334838543306,2,0.0001953125
1111000100,20049,"[1, 0, 3, 2]",465,326.93028450012207,True,18.081334838543306,2,0.0001953125
1011000001,20050,"[1, 0, 3, 2]",465,326.9476890563965,False,16.766381299254355,2,0.0001953125
1011000001,20051,"[1, 0, 3, 2]",465,326.9610404968262,True,16.766381299254355,2,0.0001953125
1011000001,20052,"[1, 0, 3, 2]",465,326.9786834716797,False,16.766381299254355,2,0.0001953125
1011000001,20053,"[1, 0, 3, 2]",465,326.9917964935303,True,16.766381299254355,2,0.0001953125
0101000010,20054,"[1, 0, 3, 2]",465,327.0089626312256,False,19.73537316773854,2,0.0001953125
0101000010,20055,"[1, 0, 3, 2]",465,327.02183723449707,True,19.73537316773854,2,0.0001953125
0101000010,20056,"[1, 0, 3, 2]",465,327.0392417907715,False,19.73537316773854,2,0.0001953125
0101000010,20057,"[1, 0, 3, 2]",465,327.05211639404297,True,19.73537316773854,2,0.0001953125
1111101111,20058,"[3, 1, 0, 2]",900,327.0702362060547,False,32.67557046671109,2,0.0001953125
1111101111,20059,"[3, 1, 0, 2]",900,327.0833492279053,True,32.67557046671109,2,0.0001953125
1111101111,20060,"[3, 1, 0, 2]",900,327.1009922027588,False,32.67557046671109,2,0.0001953125
1111101111,20061,"[3, 1, 0, 2]",900,327.1143436431885,True,32.67557046671109,2,0.0001953125
0001000110,20062,"[3, 1, 2, 0]",9450,327.131986618042,False,22.039536643254078,2,0.0001953125
0001000110,20063,"[3, 1, 0, 2]",900,327.1453380584717,True,22.039536643254078,2,0.0001953125
0001000110,20064,"[3, 1, 2, 0]",9450,327.1632194519043,False,22.039536643254078,2,0.0001953125
0001000110,20065,"[3, 1, 0, 2]",900,327.176570892334,True,22.039536643254078,2,0.0001953125
0001101100,20066,"[3, 2, 1, 0]",9600,327.1961212158203,False,18.75766101326228,2,0.0001953125
0001101100,20067,"[3, 2, 1, 0]",9600,327.2092342376709,True,18.75766101326228,2,0.0001953125
0001101100,20068,"[3, 2, 1, 0]",9600,327.2268772125244,False,18.75766101326228,2,0.0001953125
0001101100,20069,"[3, 2, 1, 0]",9600,327.2395133972168,True,18.75766101326228,2,0.0001953125
1111101010,20070,"[1, 0, 3, 2]",465,327.2573947906494,False,34.371406991195556,2,0.0001953125
1111101010,20071,"[1, 0, 3, 2]",465,327.2707462310791,True,34.371406991195556,2,0.0001953125
1111101010,20072,"[1, 0, 3, 2]",465,327.2883892059326,False,34.371406991195556,2,0.0001953125
1111101010,20073,"[1, 0, 3, 2]",465,327.3017406463623,True,34.371406991195556,2,0.0001953125
0000101101,20074,"[3, 2, 1, 0]",9600,327.3193836212158,False,21.945769061713467,2,0.0001953125
0000101101,20075,"[3, 2, 1, 0]",9600,327.3324966430664,True,21.945769061713467,2,0.0001953125
0000101101,20076,"[3, 2, 1, 0]",9600,327.350378036499,False,21.945769061713467,2,0.0001953125
0000101101,20077,"[3, 2, 1, 0]",9600,327.3634910583496,True,21.945769061713467,2,0.0001953125
1000101000,20078,"[3, 2, 0, 1]",6600,327.3816108703613,False,40.27442687077549,2,0.0001953125
1000101000,20079,"[3, 2, 0, 1]",6600,327.394962310791,True,40.27442687077549,2,0.0001953125
1000101000,20080,"[3, 2, 0, 1]",6600,327.41427421569824,False,40.27442687077549,2,0.0001953125
1000101000,20081,"[3, 2, 0, 1]",6600,327.42786407470703,True,40.27442687077549,2,0.0001953125
0000011110,20082,"[3, 2, 1, 0]",9600,327.44526863098145,False,15.945769061713467,2,0.0001953125
0000011110,20083,"[3, 2, 1, 0]",9600,327.4579048156738,True,15.945769061713467,2,0.0001953125
0000011110,20084,"[3, 2, 1, 0]",9600,327.47530937194824,False,15.945769061713467,2,0.0001953125
0000011110,20085,"[3, 2, 1, 0]",9600,327.4884223937988,True,15.945769061713467,2,0.0001953125
1111010111,20086,"[1, 0, 3, 2]",465,327.50630378723145,False,19.019224473084194,2,0.0001953125
1111010111,20087,"[1, 0, 3, 2]",465,327.52013206481934,True,19.019224473084194,2,0.0001953125
1111010111,20088,"[1, 0, 3, 2]",465,327.53968238830566,False,19.019224473084194,2,0.0001953125
1111010111,20089,"[1, 0, 3, 2]",465,327.55303382873535,True,19.019224473084194,2,0.0001953125
1101110111,20090,"[2, 0, 3, 1]",6200,327.57091522216797,False,21.328712873074437,2,0.0001953125
1101110111,20091,"[2, 0, 1, 3]",500,327.58450508117676,True,21.328712873074437,2,0.0001953125
1101110111,20092,"[2, 0, 3, 1]",6200,327.6021480560303,False,21.328712873074437,2,0.0001953125
1101110111,20093,"[2, 0, 1, 3]",500,327.61573791503906,True,21.328712873074437,2,0.0001953125
0100001001,20094,"[3, 0, 2, 1]",6300,327.6331424713135,False,16.18188720114459,2,0.0001953125
0100001001,20095,"[3, 0, 1, 2]",750,327.64625549316406,True,16.18188720114459,2,0.0001953125
0100001001,20096,"[3, 0, 2, 1]",6300,327.6641368865967,False,16.18188720114459,2,0.0001953125
0100001001,20097,"[3, 0, 1, 2]",750,327.67724990844727,True,16.18188720114459,2,0.0001953125
1111100010,20098,"[1, 0, 2, 3]",315,327.6951313018799,False,16.87150287832246,2,0.0001953125
1111100010,20099,"[1, 0, 2, 3]",315,327.70848274230957,True,16.87150287832246,2,0.0001953125
1111100010,20100,"[1, 0, 2, 3]",315,327.7263641357422,False,16.87150287832246,2,0.0001953125
1111100010,20101,"[1, 0, 2, 3]",315,327.739953994751,True,16.87150287832246,2,0.0001953125
0001000011,20102,"[1, 3, 2, 0]",9450,327.7578353881836,False,23.031008131515815,2,0.0001953125
0001000011,20103,"[1, 0, 3, 2]",465,327.7716636657715,True,23.031008131515815,2,0.0001953125
0001000011,20104,"[1, 3, 2, 0]",9450,327.789306640625,False,23.031008131515815,2,0.0001953125
0001000011,20105,"[1, 0, 3, 2]",465,327.8031349182129,True,23.031008131515815,2,0.0001953125
1000110110,20106,"[2, 0, 3, 1]",6200,327.8207778930664,False,15.410803419625623,2,0.0001953125
1000110110,20107,"[2, 0, 1, 3]",500,327.8348445892334,True,15.410803419625623,2,0.0001953125
1000110110,20108,"[2, 0, 3, 1]",6200,327.85773277282715,False,15.410803419625623,2,0.0001953125
1000110110,20109,"[2, 0, 1, 3]",500,327.87179946899414,True,15.410803419625623,2,0.0001953125
0011001010,20110,"[1, 3, 2, 0]",9450,327.88991928100586,False,16.116302265330567,2,0.0001953125
0011001010,20111,"[1, 0, 3, 2]",465,327.90350914001465,True,16.116302265330567,2,0.0001953125
0011001010,20112,"[1, 3, 2, 0]",9450,327.92139053344727,False,16.116302265330567,2,0.0001953125
0011001010,20113,"[1, 0, 3, 2]",465,327.93426513671875,True,16.116302265330567,2,0.0001953125
1011001101,20114,"[3, 1, 0, 2]",900,327.95262336730957,False,24.079073286508155,2,0.0001953125
1011001101,20115,"[3, 1, 0, 2]",900,327.96621322631836,True,24.079073286508155,2,0.0001953125
1011001101,20116,"[3, 1, 0, 2]",900,327.9838562011719,False,24.079073286508155,2,0.0001953125
1011001101,20117,"[3, 1, 0, 2]",900,327.99720764160156,True,24.079073286508155,2,0.0001953125
0000111000,20118,"[2, 3, 1, 0]",9600,328.0148506164551,False,19.410803419625623,2,0.0001953125
0000111000,20119,"[2, 3, 1, 0]",9600,328.02772521972656,True,19.410803419625623,2,0.0001953125
0000111000,20120,"[2, 3, 1, 0]",9600,328.0453681945801,False,19.410803419625623,2,0.0001953125
0000111000,20121,"[2, 3, 1, 0]",9600,328.05824279785156,True,19.410803419625623,2,0.0001953125
0000001011,20122,"[3, 2, 1, 0]",9600,328.075647354126,False,31.227644691705265,2,0.0001953125
0000001011,20123,"[3, 2, 1, 0]",9600,328.08876037597656,True,31.227644691705265,2,0.0001953125
0000001011,20124,"[3, 2, 1, 0]",9600,328.106164932251,False,31.227644691705265,2,0.0001953125
0000001011,20125,"[3, 2, 1, 0]",9600,328.11927795410156,True,31.227644691705265,2,0.0001953125
1110110101,20126,"[2, 0, 1, 3]",500,328.136682510376,False,25.80849659003144,2,0.0001953125
1110110101,20127,"[2, 0, 1, 3]",500,328.15074920654297,True,25.80849659003144,2,0.0001953125
1110110101,20128,"[2, 0, 1, 3]",500,328.1826972961426,False,25.80849659003144,2,0.0001953125
1110110101,20129,"[2, 0, 1, 3]",500,328.2051086425781,True,25.80849659003144,2,0.0001953125
1111101000,20130,"[1, 0, 3, 2]",465,328.22632789611816,False,43.27989201007421,2,0.0001953125
1111101000,20131,"[1, 0, 3, 2]",465,328.24015617370605,True,43.27989201007421,2,0.0001953125
1111101000,20132,"[1, 0, 3, 2]",465,328.2582759857178,False,43.27989201007421,2,0.0001953125
1111101000,20133,"[1, 0, 3, 2]",465,328.27210426330566,True,43.27989201007421,2,0.0001953125
0001111000,20134,"[2, 3, 1, 0]",9600,328.2895088195801,False,17.85425408059212,2,0.0001953125
0001111000,20135,"[2, 3, 1, 0]",9600,328.30309867858887,True,17.85425408059212,2,0.0001953125
0001111000,20136,"[2, 3, 1, 0]",9600,328.3205032348633,False,17.85425408059212,2,0.0001953125
0001111000,20137,"[2, 3, 1, 0]",9600,328.33361625671387,True,17.85425408059212,2,0.0001953125
0111111110,20138,"[3, 2, 1, 0]",9600,328.3512592315674,False,39.272067646914024,2,0.0001953125
0111111110,20139,"[3, 2, 1, 0]",9600,328.36461067199707,True,39.272067646914024,2,0.0001953125
0111111110,20140,"[3, 2, 1, 0]",9600,328.3824920654297,False,39.272067646914024,2,0.0001953125
0111111110,20141,"[3, 2, 1, 0]",9600,328.3958435058594,True,39.272067646914024,2,0.0001953125
0101010110,20142,"[3, 2, 1, 0]",9600,328.4134864807129,False,39.54451884233566,2,0.0001953125
0101010110,20143,"[3, 2, 1, 0]",9600,328.4270763397217,True,39.54451884233566,2,0.0001953125
0101010110,20144,"[3, 2, 1, 0]",9600,328.4463882446289,False,39.54451884233566,2,0.0001953125
0101010110,20145,"[3, 2, 1, 0]",9600,328.4592628479004,True,39.54451884233566,2,0.0001953125
1010110000,20146,"[2, 1, 0, 3]",600,328.4769058227539,False,27.78305126964066,2,0.0001953125
1010110000,20147,"[2, 1, 0, 3]",600,328.4904956817627,True,27.78305126964066,2,0.0001953125
1010110000,20148,"[2, 1, 0, 3]",600,328.5081386566162,False,27.78305126964066,2,0.0001953125
1010110000,20149,"[2, 1, 0, 3]",600,328.5219669342041,True,27.78305126964066,2,0.0001953125
0100010111,20150,"[3, 2, 0, 1]",6600,328.5410404205322,False,22.718124370008205,2,0.0001953125
0100010111,20151,"[3, 2, 0, 1]",6600,328.5543918609619,True,22.718124370008205,2,0.0001953125
0100010111,20152,"[3, 2, 0, 1]",6600,328.57203483581543,False,22.718124370008205,2,0.0001953125
0100010111,20153,"[3, 2, 0, 1]",6600,328.585147857666,True,22.718124370008205,2,0.0001953125
1000110010,20154,"[2, 0, 3, 1]",6200,328.60279083251953,False,15.385358099234839,2,0.0001953125
1000110010,20155,"[2, 0, 1, 3]",500,328.6166191101074,True,15.385358099234839,2,0.0001953125
1000110010,20156,"[2, 0, 3, 1]",6200,328.63450050354004,False,15.385358099234839,2,0.0001953125
1000110010,20157,"[2, 0, 1, 3]",500,328.6480903625488,True,15.385358099234839,2,0.0001953125
0101100100,20158,"[2, 3, 1, 0]",9600,328.66573333740234,False,19.03864072042218,2,0.0001953125
0101100100,20159,"[2, 3, 1, 0]",9600,328.67884635925293,True,19.03864072042218,2,0.0001953125
0101100100,20160,"[2, 3, 1, 0]",9600,328.69625091552734,False,19.03864072042218,2,0.0001953125
0101100100,20161,"[2, 3, 1, 0]",9600,328.70936393737793,True,19.03864072042218,2,0.0001953125
0110001010,20162,"[3, 1, 0, 2]",900,328.72653007507324,False,17.73311161570339,2,0.0001953125
0110001010,20163,"[3, 1, 0, 2]",900,328.74059677124023,True,17.73311161570339,2,0.0001953125
0110001010,20164,"[3, 1, 0, 2]",900,328.75800132751465,False,17.73311161570339,2,0.0001953125
0110001010,20165,"[3, 1, 0, 2]",900,328.77159118652344,True,17.73311161570339,2,0.0001953125
1000100011,20166,"[2, 0, 3, 1]",6200,328.78923416137695,False,30.692679049617418,2,0.0001953125
1000100011,20167,"[2, 0, 1, 3]",500,328.80282402038574,True,30.692679049617418,2,0.0001953125
1000100011,20168,"[2, 0, 3, 1]",6200,328.82070541381836,False,30.692679049617418,2,0.0001953125
1000100011,20169,"[2, 0, 1, 3]",500,328.83405685424805,True,30.692679049617418,2,0.0001953125
1110011011,20170,"[0, 3, 1, 2]",750,328.85193824768066,False,18.7322156928715,2,0.0001953125
1110011011,20171,"[0, 1, 3, 2]",465,328.86576652526855,True,18.7322156928715,2,0.0001953125
1110011011,20172,"[0, 3, 1, 2]",750,328.8848400115967,False,18.7322156928715,2,0.0001953125
1110011011,20173,"[0, 1, 3, 2]",465,328.89795303344727,True,18.7322156928715,2,0.0001953125
1111010000,20174,"[1, 0, 2, 3]",315,328.916072845459,False,16.825745387761785,2,0.0001953125
1111010000,20175,"[1, 0, 2, 3]",315,328.9294242858887,True,16.825745387761785,2,0.0001953125
1111010000,20176,"[1, 0, 2, 3]",315,328.9470672607422,False,16.825745387761785,2,0.0001953125
1111010000,20177,"[1, 0, 2, 3]",315,328.9601802825928,True,16.825745387761785,2,0.0001953125
1000100001,20178,"[2, 0, 3, 1]",6200,328.9780616760254,False,32.29473904094538,2,0.0001953125
1000100001,20179,"[2, 0, 1, 3]",500,328.9918899536133,True,32.29473904094538,2,0.0001953125
1000100001,20180,"[2, 0, 3, 1]",6200,329.0119171142578,False,32.29473904094538,2,0.0001953125
1000100001,20181,"[2, 0, 1, 3]",500,329.0252685546875,True,32.29473904094538,2,0.0001953125
0011101011,20182,"[1, 3, 2, 0]",9450,329.0431499481201,False,26.758556936094173,2,0.0001953125
0011101011,20183,"[1, 0, 3, 2]",465,329.0567398071289,True,26.758556936094173,2,0.0001953125
0011101011,20184,"[1, 3, 2, 0]",9450,329.0743827819824,False,26.758556936094173,2,0.0001953125
0011101011,20185,"[1, 0, 3, 2]",465,329.0882110595703,True,26.758556936094173,2,0.0001953125
1101010000,20186,"[0, 2, 1, 3]",500,329.1056156158447,False,15.09037222002324,2,0.0001953125
1101010000,20187,"[0, 1, 2, 3]",315,329.1192054748535,True,15.09037222002324,2,0.0001953125
1101010000,20188,"[0, 2, 1, 3]",500,329.13684844970703,False,15.09037222002324,2,0.0001953125
1101010000,20189,"[0, 1, 2, 3]",315,329.1504383087158,True,15.09037222002324,2,0.0001953125
0100011110,20190,"[3, 2, 0, 1]",6600,329.16784286499023,False,20.50207156248075,2,0.0001953125
0100011110,20191,"[3, 2, 0, 1]",6600,329.1816711425781,True,20.50207156248075,2,0.0001953125
0100011110,20192,"[3, 2, 0, 1]",6600,329.20098304748535,False,20.50207156248075,2,0.0001953125
0100011110,20193,"[3, 2, 0, 1]",6600,329.21433448791504,True,20.50207156248075,2,0.0001953125
1000101010,20194,"[3, 2, 0, 1]",6600,329.23197746276855,False,35.718124370008205,2,0.0001953125
1000101010,20195,"[3, 2, 0, 1]",6600,329.24509048461914,True,35.718124370008205,2,0.0001953125
1000101010,20196,"[3, 2, 0, 1]",6600,329.26297187805176,False,35.718124370008205,2,0.0001953125
1000101010,20197,"[3, 2, 0, 1]",6600,329.27608489990234,True,35.718124370008205,2,0.0001953125
0001001010,20198,"[3, 1, 2, 0]",9450,329.29396629333496,False,17.610835341332443,2,0.0001953125
0001001010,20199,"[3, 1, 0, 2]",900,329.30755615234375,True,17.610835341332443,2,0.0001953125
0001001010,20200,"[3, 1, 2, 0]",9450,329.32519912719727,False,17.610835341332443,2,0.0001953125
0001001010,20201,"[3, 1, 0, 2]",900,329.33878898620605,True,17.610835341332443,2,0.0001953125
0011101111,20202,"[3, 1, 2, 0]",9450,329.3569087982178,False,21.460660420281748,2,0.0001953125
0011101111,20203,"[3, 1, 0, 2]",900,329.37002182006836,True,21.460660420281748,2,0.0001953125
0011101111,20204,"[3, 1, 2, 0]",9450,329.387903213501,False,21.460660420281748,2,0.0001953125
0011101111,20205,"[3, 1, 0, 2]",900,329.40125465393066,True,21.460660420281748,2,0.0001953125
1000111101,20206,"[3, 2, 0, 1]",6600,329.4191360473633,False,27.43624874001641,2,0.0001953125
1000111101,20207,"[3, 2, 0, 1]",6600,329.43248748779297,True,27.43624874001641,2,0.0001953125
1000111101,20208,"[3, 2, 0, 1]",6600,329.4501304626465,False,27.43624874001641,2,0.0001953125
1000111101,20209,"[3, 2, 0, 1]",6600,329.4634819030762,True,27.43624874001641,2,0.0001953125
0110111111,20210,"[3, 2, 1, 0]",9600,329.4808864593506,False,24.44567317458656,2,0.0001953125
0110111111,20211,"[3, 2, 1, 0]",9600,329.4944763183594,True,24.44567317458656,2,0.0001953125
0110111111,20212,"[3, 2, 1, 0]",9600,329.512357711792,False,24.44567317458656,2,0.0001953125
0110111111,20213,"[3, 2, 1, 0]",9600,329.5259475708008,True,24.44567317458656,2,0.0001953125
1101001011,20214,"[0, 3, 1, 2]",750,329.5454978942871,False,9.565077850771768,2,0.0001953125
1101001011,20215,"[0, 1, 3, 2]",465,329.5590877532959,True,9.565077850771768,2,0.0001953125
1101001011,20216,"[0, 3, 1, 2]",750,329.5772075653076,False,9.565077850771768,2,0.0001953125
1101001011,20217,"[0, 1, 3, 2]",465,329.5900821685791,True,9.565077850771768,2,0.0001953125
1101110110,20218,"[2, 0, 3, 1]",6200,329.6079635620117,False,30.237197891953087,2,0.0001953125
1101110110,20219,"[2, 0, 1, 3]",500,329.6213150024414,True,30.237197891953087,2,0.0001953125
1101110110,20220,"[2, 0, 3, 1]",6200,329.6396732330322,False,30.237197891953087,2,0.0001953125
1101110110,20221,"[2, 0, 1, 3]",500,329.6527862548828,True,30.237197891953087,2,0.0001953125
0001001110,20222,"[3, 1, 2, 0]",9450,329.67114448547363,False,15.267181334959343,2,0.0001953125
0001001110,20223,"[3, 1, 0, 2]",900,329.6847343444824,True,15.267181334959343,2,0.0001953125
0001001110,20224,"[3, 1, 2, 0]",9450,329.70261573791504,False,15.267181334959343,2,0.0001953125
0001001110,20225,"[3, 1, 0, 2]",900,329.7162055969238,True,15.267181334959343,2,0.0001953125
1111001001,20226,"[1, 0, 3, 2]",465,329.73408699035645,False,20.729152320431943,2,0.0001953125
1111001001,20227,"[1, 0, 3, 2]",465,329.74743843078613,True,20.729152320431943,2,0.0001953125
1111001001,20228,"[1, 0, 3, 2]",465,329.76508140563965,False,20.729152320431943,2,0.0001953125
1111001001,20229,"[1, 0, 3, 2]",465,329.77890968322754,True,20.729152320431943,2,0.0001953125
0000010011,20230,"[2, 3, 1, 0]",9600,329.79846000671387,False,25.090619058289455,2,0.0001953125
0000010011,20231,"[2, 3, 1, 0]",9600,329.81181144714355,True,25.090619058289455,2,0.0001953125
0000010011,20232,"[2, 3, 1, 0]",9600,329.82945442199707,False,25.090619058289455,2,0.0001953125
0000010011,20233,"[2, 3, 1, 0]",9600,329.84280586242676,True,25.090619058289455,2,0.0001953125
0111111011,20234,"[2, 1, 3, 0]",9300,329.8628330230713,False,20.863678515162277,2,0.0001953125
0111111011,20235,"[2, 1, 0, 3]",600,329.8764228820801,True,20.863678515162277,2,0.0001953125
0111111011,20236,"[2, 1, 3, 0]",9300,329.8943042755127,False,20.863678515162277,2,0.0001953125
0111111011,20237,"[2, 1, 0, 3]",600,329.9100399017334,True,20.863678515162277,2,0.0001953125
0101000001,20238,"[1, 0, 3, 2]",465,329.9281597137451,False,11.383190649627178,2,0.0001953125
0101000001,20239,"[1, 0, 3, 2]",465,329.9417495727539,True,11.383190649627178,2,0.0001953125
0101000001,20240,"[1, 0, 3, 2]",465,329.9593925476074,False,11.383190649627178,2,0.0001953125
0101000001,20241,"[1, 0, 3, 2]",465,329.9729824066162,True,11.383190649627178,2,0.0001953125
1011101010,20242,"[1, 3, 2, 0]",9450,329.9906253814697,False,39.01922447308419,2,0.0001953125
1011101010,20243,"[1, 0, 3, 2]",465,330.0042152404785,True,39.01922447308419,2,0.0001953125
1011101010,20244,"[1, 3, 2, 0]",9450,330.02209663391113,False,39.01922447308419,2,0.0001953125
1011101010,20245,"[1, 0, 3, 2]",465,330.0356864929199,True,39.01922447308419,2,0.0001953125
1010111100,20246,"[3, 2, 1, 0]",9600,330.05332946777344,False,46.26264321234386,2,0.0001953125
1010111100,20247,"[3, 2, 1, 0]",9600,330.0666809082031,True,46.26264321234386,2,0.0001953125
1010111100,20248,"[3, 2, 1, 0]",9600,330.08456230163574,False,46.26264321234386,2,0.0001953125
1010111100,20249,"[3, 2, 1, 0]",9600,330.0976753234863,True,46.26264321234386,2,0.0001953125
0100101001,20250,"[3, 2, 0, 1]",6600,330.11555671691895,False,21.718124370008205,2,0.0001953125
0100101001,20251,"[3, 2, 0, 1]",6600,330.12843132019043,True,21.718124370008205,2,0.0001953125
0100101001,20252,"[3, 2, 0, 1]",6600,330.14631271362305,False,21.718124370008205,2,0.0001953125
0100101001,20253,"[3, 2, 0, 1]",6600,330.15942573547363,True,21.718124370008205,2,0.0001953125
0100101110,20254,"[3, 2, 0, 1]",6600,330.17754554748535,False,17.297951579824833,2,0.0001953125
0100101110,20255,"[3, 2, 0, 1]",6600,330.19042015075684,True,17.297951579824833,2,0.0001953125
0100101110,20256,"[3, 2, 0, 1]",6600,330.20997047424316,False,17.297951579824833,2,0.0001953125
0100101110,20257,"[3, 2, 0, 1]",6600,330.22332191467285,True,17.297951579824833,2,0.0001953125
0010101010,20258,"[3, 2, 1, 0]",9600,330.24072647094727,False,36.72754880457836,2,0.0001953125
0010101010,20259,"[3, 2, 1, 0]",9600,330.25336265563965,True,36.72754880457836,2,0.0001953125
0010101010,20260,"[3, 2, 1, 0]",9600,330.27124404907227,False,36.72754880457836,2,0.0001953125
0010101010,20261,"[3, 2, 1, 0]",9600,330.28435707092285,True,36.72754880457836,2,0.0001953125
0110010111,20262,"[1, 3, 2, 0]",9450,330.30176162719727,False,15.749132501524016,1,9.765625e-05
0110010111,20263,"[1, 0, 3, 2]",465,330.31558990478516,True,15.749132501524016,1,9.765625e-05
1101011100,20264,"[3, 0, 2, 1]",6300,330.3337097167969,False,32.68064855291958,1,9.765625e-05
1101011100,20265,"[3, 0, 1, 2]",750,330.34753799438477,True,32.68064855291958,1,9.765625e-05
0100101100,20266,"[3, 2, 0, 1]",6600,330.3651809692383,False,17.85425408059212,1,9.765625e-05
0100101100,20267,"[3, 2, 0, 1]",6600,330.37829399108887,True,17.85425408059212,1,9.765625e-05
0010111100,20268,"[3, 2, 1, 0]",9600,330.3956985473633,False,29.35415819346521,1,9.765625e-05
0010111100,20269,"[3, 2, 1, 0]",9600,330.40881156921387,True,29.35415819346521,1,9.765625e-05
1100000011,20270,"[0, 3, 2, 1]",6300,330.4262161254883,False,14.0,1,9.765625e-05
1100000011,20271,"[0, 1, 3, 2]",465,330.43980598449707,True,14.0,1,9.765625e-05
0001011011,20272,"[3, 2, 1, 0]",9600,330.4574489593506,False,14.409531892849856,1,9.765625e-05
0001011011,20273,"[3, 2, 1, 0]",9600,330.4705619812012,True,14.409531892849856,1,9.765625e-05
1101100001,20274,"[0, 2, 1, 3]",500,330.4882049560547,False,10.677929690572562,1,9.765625e-05
1101100001,20275,"[0, 1, 2, 3]",315,330.5020332336426,True,10.677929690572562,1,9.765625e-05
1000010110,20276,"[0, 3, 2, 1]",6300,330.521821975708,False,15.718124370008205,1,9.765625e-05
1000010110,20277,"[0, 1, 3, 2]",465,330.5351734161377,True,15.718124370008205,1,9.765625e-05
1111110010,20278,"[2, 1, 0, 3]",600,330.5532932281494,False,20.226501930607157,1,9.765625e-05
1111110010,20279,"[2, 1, 0, 3]",600,330.5671215057373,True,20.226501930607157,1,9.765625e-05
1111111101,20280,"[3, 2, 1, 0]",9600,330.5850028991699,False,50.180552665792675,1,9.765625e-05
1111111101,20281,"[3, 2, 1, 0]",9600,330.5983543395996,True,50.180552665792675,1,9.765625e-05
0100000001,20282,"[0, 3, 2, 1]",6300,330.61790466308594,False,18.0,1,9.765625e-05
0100000001,20283,"[0, 1, 3, 2]",465,330.6312561035156,True,18.0,1,9.765625e-05
1110110111,20284,"[2, 0, 1, 3]",500,330.64913749694824,False,19.854254080592113,1,9.765625e-05
1110110111,20285,"[2, 0, 1, 3]",500,330.66272735595703,True,19.854254080592113,1,9.765625e-05
1111111100,20286,"[3, 2, 1, 0]",9600,330.68037033081055,False,59.089037684671325,1,9.765625e-05
1111111100,20287,"[3, 2, 1, 0]",9600,330.69396018981934,True,59.089037684671325,1,9.765625e-05
1110011111,20288,"[3, 0, 1, 2]",750,330.71208000183105,False,20.75766101326228,1,9.765625e-05
1110011111,20289,"[3, 0, 1, 2]",750,330.72590827941895,True,20.75766101326228,1,9.765625e-05
1110100100,20290,"[0, 2, 1, 3]",500,330.74355125427246,False,26.226501930607157,1,9.765625e-05
1110100100,20291,"[0, 1, 2, 3]",315,330.75666427612305,True,26.226501930607157,1,9.765625e-05
0000011111,20292,"[3, 2, 1, 0]",9600,330.77454566955566,False,15.389466560946179,1,9.765625e-05
0000011111,20293,"[3, 2, 1, 0]",9600,330.78765869140625,True,15.389466560946179,1,9.765625e-05
1001101001,20294,"[3, 2, 0, 1]",6600,330.80506324768066,False,32.305435002291304,1,9.765625e-05
1001101001,20295,"[3, 2, 0, 1]",6600,330.81817626953125,True,32.305435002291304,1,9.765625e-05
0000110001,20296,"[2, 3, 1, 0]",9600,330.83581924438477,False,15.783298107906877,1,9.765625e-05
0000110001,20297,"[2, 3, 1, 0]",9600,330.84893226623535,True,15.783298107906877,1,9.765625e-05
0111011110,20298,"[3, 1, 2, 0]",9450,330.8694362640381,False,31.277630458039056,1,9.765625e-05
0111011110,20299,"[3, 1, 0, 2]",900,330.8827877044678,True,31.277630458039056,1,9.765625e-05
1100011101,20300,"[3, 0, 2, 1]",6300,330.9009075164795,False,15.854254080592113,1,9.765625e-05
1100011101,20301,"[3, 0, 1, 2]",750,330.9142589569092,True,15.854254080592113,1,9.765625e-05
1011010100,20302,"[1, 0, 3, 2]",465,330.9321403503418,False,22.37140699119555,1,9.765625e-05
1011010100,20303,"[1, 0, 3, 2]",465,330.96981048583984,True,22.37140699119555,1,9.765625e-05
1111101011,20304,"[1, 0, 3, 2]",465,330.98840713500977,False,31.019224473084194,1,9.765625e-05
1111101011,20305,"[1, 0, 3, 2]",465,331.00223541259766,True,31.019224473084194,1,9.765625e-05
0110111001,20306,"[2, 3, 1, 0]",9600,331.0198783874512,False,27.328712873074423,1,9.765625e-05
0110111001,20307,"[2, 3, 1, 0]",9600,331.03418350219727,True,27.328712873074423,1,9.765625e-05
1001100110,20308,"[2, 0, 3, 1]",6200,331.052303314209,False,16.7322156928715,1,9.765625e-05
1001100110,20309,"[2, 0, 1, 3]",500,331.066370010376,True,16.7322156928715,1,9.765625e-05
1101111111,20310,"[3, 2, 0, 1]",6600,331.0844898223877,False,29.354158193465224,1,9.765625e-05
1101111111,20311,"[3, 2, 0, 1]",6600,331.0980796813965,True,29.354158193465224,1,9.765625e-05
1001010110,20312,"[0, 3, 2, 1]",6300,331.1171531677246,False,21.636033823457012,1,9.765625e-05
1001010110,20313,"[0, 1, 3, 2]",465,331.1309814453125,True,21.636033823457012,1,9.765625e-05
0101001110,20314,"[3, 1, 0, 2]",900,331.1488628387451,False,19.573606362510034,1,9.765625e-05
0101001110,20315,"[3, 1, 0, 2]",900,331.162691116333,True,19.573606362510034,1,9.765625e-05
0100100011,20316,"[2, 0, 3, 1]",6200,331.1808109283447,False,18.090619058289455,1,9.765625e-05
0100100011,20317,"[2, 0, 1, 3]",500,331.1946392059326,True,18.090619058289455,1,9.765625e-05
1111011010,20318,"[1, 0, 3, 2]",465,331.21395111083984,False,23.129908863277322,1,9.765625e-05
1111011010,20319,"[1, 0, 3, 2]",465,331.22754096984863,True,23.129908863277322,1,9.765625e-05
0000000111,20320,"[3, 2, 1, 0]",9600,331.24518394470215,False,25.227644691705265,1,9.765625e-05
0000000111,20321,"[3, 2, 1, 0]",9600,331.25853538513184,True,25.227644691705265,1,9.765625e-05
0101101111,20322,"[3, 2, 1, 0]",9600,331.27593994140625,False,16.20135851249499,1,9.765625e-05
0101101111,20323,"[3, 2, 1, 0]",9600,331.28929138183594,True,16.20135851249499,1,9.765625e-05
0000101100,20324,"[3, 2, 1, 0]",9600,331.30669593811035,False,19.900011571152792,1,9.765625e-05
0000101100,20325,"[3, 2, 1, 0]",9600,331.31980895996094,True,19.900011571152792,1,9.765625e-05
1111111001,20326,"[2, 1, 0, 3]",600,331.33721351623535,False,40.68064855291958,1,9.765625e-05
1111111001,20327,"[2, 1, 0, 3]",600,331.35032653808594,True,40.68064855291958,1,9.765625e-05
0010100001,20328,"[2, 1, 3, 0]",9300,331.36844635009766,False,33.136129710583916,1,9.765625e-05
0010100001,20329,"[2, 1, 0, 3]",600,331.38227462768555,True,33.136129710583916,1,9.765625e-05
0001000111,20330,"[3, 1, 2, 0]",9450,331.40015602111816,False,19.73311161570339,1,9.765625e-05
0001000111,20331,"[3, 1, 0, 2]",900,331.41350746154785,True,19.73311161570339,1,9.765625e-05
1011111011,20332,"[2, 1, 3, 0]",9300,331.4328193664551,False,33.8179210246016,1,9.765625e-05
1011111011,20333,"[2, 1, 0, 3]",600,331.44640922546387,True,33.8179210246016,1,9.765625e-05
0000111110,20334,"[3, 2, 1, 0]",9600,331.4640522003174,False,16.87994623924912,1,9.765625e-05
0000111110,20335,"[3, 2, 1, 0]",9600,331.47692680358887,True,16.87994623924912,1,9.765625e-05
0001100001,20336,"[2, 1, 3, 0]",9300,331.4945697784424,False,15.723687181133235,1,9.765625e-05
0001100001,20337,"[2, 1, 0, 3]",600,331.50768280029297,True,15.723687181133235,1,9.765625e-05
1011011000,20338,"[1, 3, 0, 2]",900,331.5255641937256,False,27.482091381388685,1,9.765625e-05
1011011000,20339,"[1, 0, 3, 2]",465,331.5389156341553,True,27.482091381388685,1,9.765625e-05
0111110101,20340,"[2, 1, 3, 0]",9300,331.5584659576416,False,23.772163534040928,1,9.765625e-05
0111110101,20341,"[2, 1, 0, 3]",600,331.5718173980713,True,23.772163534040928,1,9.765625e-05
1001100001,20342,"[2, 0, 1, 3]",500,331.5896987915039,False,19.3257471724612,1,9.765625e-05
1001100001,20343,"[2, 0, 1, 3]",500,331.6035270690918,True,19.3257471724612,1,9.765625e-05
1110011110,20344,"[3, 0, 1, 2]",750,331.6216468811035,False,25.313963514029567,1,9.765625e-05
1110011110,20345,"[3, 0, 1, 2]",750,331.6347599029541,True,25.313963514029567,1,9.765625e-05
0001111010,20346,"[2, 3, 1, 0]",9600,331.6524028778076,False,17.297951579824833,1,9.765625e-05
0001111010,20347,"[2, 3, 1, 0]",9600,331.6657543182373,True,17.297951579824833,1,9.765625e-05
0001111100,20348,"[3, 2, 1, 0]",9600,331.6831588745117,False,23.35415819346521,1,9.765625e-05
0001111100,20349,"[3, 2, 1, 0]",9600,331.6962718963623,True,23.35415819346521,1,9.765625e-05
1100111011,20350,"[2, 0, 3, 1]",6200,331.7139148712158,False,19.410803419625623,1,9.765625e-05
1100111011,20351,"[2, 0, 1, 3]",500,331.7270278930664,True,19.410803419625623,1,9.765625e-05
1010101110,20352,"[3, 2, 1, 0]",9600,331.744909286499,False,39.8179210246016,1,9.765625e-05
1010101110,20353,"[3, 2, 1, 0]",9600,331.7582607269287,True,39.8179210246016,1,9.765625e-05
1011110001,20354,"[2, 1, 0, 3]",600,331.7759037017822,False,22.27225942116783,1,9.765625e-05
1011110001,20355,"[2, 1, 0, 3]",600,331.789493560791,True,22.27225942116783,1,9.765625e-05
1110001110,20356,"[3, 0, 1, 2]",750,331.80713653564453,False,19.175666353837997,1,9.765625e-05
1110001110,20357,"[3, 0, 1, 2]",750,331.8207263946533,True,19.175666353837997,1,9.765625e-05
1100000110,20358,"[0, 3, 2, 1]",6300,331.83836936950684,False,12.136129710583916,1,9.765625e-05
1100000110,20359,"[0, 1, 3, 2]",465,331.85601234436035,True,12.136129710583916,1,9.765625e-05
1000111000,20360,"[2, 3, 0, 1]",6600,331.8758010864258,False,29.96710592039291,1,9.765625e-05
1000111000,20361,"[2, 3, 0, 1]",6600,331.88915252685547,True,29.96710592039291,1,9.765625e-05
0011011011,20362,"[1, 3, 2, 0]",9450,331.9065570831299,False,12.91499881684798,1,9.765625e-05
0011011011,20363,"[1, 0, 3, 2]",465,331.9203853607178,True,12.91499881684798,1,9.765625e-05
1100110100,20364,"[2, 0, 3, 1]",6200,331.9377899169922,False,19.569165911720873,1,9.765625e-05
1100110100,20365,"[2, 0, 1, 3]",500,331.9509029388428,True,19.569165911720873,1,9.765625e-05
0100001000,20366,"[3, 0, 2, 1]",6300,331.9687843322754,False,15.18188720114459,1,9.765625e-05
0100001000,20367,"[3, 0, 1, 2]",750,331.981897354126,True,15.18188720114459,1,9.765625e-05
1011010110,20368,"[1, 0, 3, 2]",465,331.9995403289795,False,19.019224473084186,1,9.765625e-05
1011010110,20369,"[1, 0, 3, 2]",465,332.0131301879883,True,19.019224473084186,1,9.765625e-05
0000010111,20370,"[3, 2, 1, 0]",9600,332.0307731628418,False,22.161821869240917,1,9.765625e-05
0000010111,20371,"[3, 2, 1, 0]",9600,332.0441246032715,True,22.161821869240917,1,9.765625e-05
0111111100,20372,"[3, 2, 1, 0]",9600,332.061767578125,False,44.180552665792675,1,9.765625e-05
0111111100,20373,"[3, 2, 1, 0]",9600,332.0751190185547,True,44.180552665792675,1,9.765625e-05
0100000111,20374,"[3, 0, 2, 1]",6300,332.0927619934082,False,19.18188720114459,1,9.765625e-05
0100000111,20375,"[3, 0, 1, 2]",750,332.106351852417,True,19.18188720114459,1,9.765625e-05
1101011101,20376,"[3, 0, 2, 1]",6300,332.1242332458496,False,23.772163534040928,1,9.765625e-05
1101011101,20377,"[3, 0, 1, 2]",750,332.1378231048584,True,23.772163534040928,1,9.765625e-05
0010001010,20378,"[3, 1, 2, 0]",9450,332.1554660797119,False,26.73311161570339,1,9.765625e-05
0010001010,20379,"[3, 1, 0, 2]",900,332.1690559387207,True,26.73311161570339,1,9.765625e-05
1100001111,20380,"[3, 0, 2, 1]",6300,332.18884468078613,False,10.363774402289181,1,9.765625e-05
1100001111,20381,"[3, 0, 1, 2]",750,332.2031497955322,True,10.363774402289181,1,9.765625e-05
1010100110,20382,"[2, 1, 0, 3]",600,332.22341537475586,False,24.318016911728506,1,9.765625e-05
1010100110,20383,"[2, 1, 0, 3]",600,332.23724365234375,True,24.318016911728506,1,9.765625e-05
1100100101,20384,"[0, 2, 3, 1]",6200,332.25512504577637,False,13.47662624208997,1,9.765625e-05
1100100101,20385,"[0, 1, 2, 3]",315,332.26871490478516,True,13.47662624208997,1,9.765625e-05
0100101011,20386,"[3, 2, 0, 1]",6600,332.2863578796387,False,21.161821869240917,1,9.765625e-05
0100101011,20387,"[3, 2, 0, 1]",6600,332.29970932006836,True,21.161821869240917,1,9.765625e-05
0100011010,20388,"[3, 2, 0, 1]",6600,332.3173522949219,False,15.522383732650646,1,9.765625e-05
0100011010,20389,"[3, 2, 0, 1]",6600,332.33022689819336,True,15.522383732650646,1,9.765625e-05
1110100001,20390,"[0, 2, 1, 3]",500,332.3478698730469,False,28.09037222002324,1,9.765625e-05
1110100001,20391,"[0, 1, 2, 3]",315,332.36122131347656,True,28.09037222002324,1,9.765625e-05
1011101110,20392,"[3, 1, 2, 0]",9450,332.3791027069092,False,36.67557046671109,1,9.765625e-05
1011101110,20393,"[3, 1, 0, 2]",900,332.39245414733887,True,36.67557046671109,1,9.765625e-05
1010000100,20394,"[1, 0, 3, 2]",465,332.4100971221924,False,18.91726036888313,1,9.765625e-05
1010000100,20395,"[1, 0, 3, 2]",465,332.42344856262207,True,18.91726036888313,1,9.765625e-05
0011010100,20396,"[1, 3, 2, 0]",9450,332.4410915374756,False,19.019224473084186,1,9.765625e-05
0011010100,20397,"[1, 0, 3, 2]",465,332.4546813964844,True,19.019224473084186,1,9.765625e-05
1011110110,20398,"[2, 1, 0, 3]",600,332.4723243713379,False,25.772163534040928,1,9.765625e-05
1011110110,20399,"[2, 1, 0, 3]",600,332.4854373931885,True,25.772163534040928,1,9.765625e-05
1110010001,20400,"[0, 1, 2, 3]",315,332.5035572052002,False,12.428052217355962,1,9.765625e-05
1110010001,20401,"[0, 1, 2, 3]",315,332.517147064209,True,12.428052217355962,1,9.765625e-05
1100100001,20402,"[0, 2, 3, 1]",6200,332.5364589691162,False,17.29473904094538,1,9.765625e-05
1100100001,20403,"[0, 1, 2, 3]",315,332.5498104095459,True,17.29473904094538,1,9.765625e-05
1011010010,20404,"[1, 0, 2, 3]",315,332.5674533843994,False,11.519320360211093,1,9.765625e-05
1011010010,20405,"[1, 0, 2, 3]",315,332.58056640625,True,11.519320360211093,1,9.765625e-05
1000100100,20406,"[2, 0, 3, 1]",6200,332.5979709625244,False,19.47662624208997,1,9.765625e-05
1000100100,20407,"[2, 0, 1, 3]",500,332.6115608215332,True,19.47662624208997,1,9.765625e-05
1001110001,20408,"[2, 0, 1, 3]",500,332.6294422149658,False,13.476626242089974,1,9.765625e-05
1001110001,20409,"[2, 0, 1, 3]",500,332.6425552368164,True,13.476626242089974,1,9.765625e-05
1010001101,20410,"[3, 1, 0, 2]",900,332.6601982116699,False,31.573606362510027,1,9.765625e-05
1010001101,20411,"[3, 1, 0, 2]",900,332.6735496520996,True,31.573606362510027,1,9.765625e-05
0101111010,20412,"[2, 3, 1, 0]",9600,332.690954208374,False,21.25219408926415,1,9.765625e-05
0101111010,20413,"[2, 3, 1, 0]",9600,332.7040672302246,True,21.25219408926415,1,9.765625e-05
0111100001,20414,"[1, 2, 0, 3]",600,332.72242546081543,False,11.519320360211093,1,9.765625e-05
0111100001,20415,"[1, 0, 2, 3]",315,332.735538482666,True,11.519320360211093,1,9.765625e-05
0010000011,20416,"[1, 3, 2, 0]",9450,332.75294303894043,False,29.031008131515815,1,9.765625e-05
0010000011,20417,"[1, 0, 3, 2]",465,332.7662944793701,True,29.031008131515815,1,9.765625e-05
0010100010,20418,"[2, 1, 3, 0]",9300,332.78393745422363,False,26.18188720114459,1,9.765625e-05
0010100010,20419,"[2, 1, 0, 3]",600,332.7972888946533,True,26.18188720114459,1,9.765625e-05
0110111010,20420,"[2, 3, 1, 0]",9600,332.81469345092773,False,24.022287845523735,1,9.765625e-05
0110111010,20421,"[2, 3, 1, 0]",9600,332.8280448913574,True,24.022287845523735,1,9.765625e-05
1111010101,20422,"[1, 0, 3, 2]",465,332.84592628479004,False,22.371406991195556,1,9.765625e-05
1111010101,20423,"[1, 0, 3, 2]",465,332.8595161437988,True,22.371406991195556,1,9.765625e-05
0110111100,20424,"[3, 2, 1, 0]",9600,332.87906646728516,False,33.9104606942325,1,9.765625e-05
0110111100,20425,"[3, 2, 1, 0]",9600,332.89241790771484,True,33.9104606942325,1,9.765625e-05
0100100110,20426,"[2, 3, 0, 1]",6600,332.91006088256836,False,16.22674876887337,1,9.765625e-05
0100100110,20427,"[2, 3, 0, 1]",6600,332.92293548583984,True,16.22674876887337,1,9.765625e-05
0110010001,20428,"[1, 2, 0, 3]",600,332.94081687927246,False,11.075869699244599,1,9.765625e-05
0110010001,20429,"[1, 0, 2, 3]",315,332.95416831970215,True,11.075869699244599,1,9.765625e-05
0000001111,20430,"[3, 2, 1, 0]",9600,332.97228813171387,False,18.45528938341053,1,9.765625e-05
0000001111,20431,"[3, 2, 1, 0]",9600,332.98611640930176,True,18.45528938341053,1,9.765625e-05
0011001110,20432,"[3, 1, 2, 0]",9450,333.0059051513672,False,13.772648258957467,1,9.765625e-05
0011001110,20433,"[3, 1, 0, 2]",900,333.019495010376,True,13.772648258957467,1,9.765625e-05
0010000000,20434,"[1, 3, 2, 0]",9450,333.0373764038086,False,23.383190649627178,1,9.765625e-05
0010000000,20435,"[1, 0, 3, 2]",465,333.0509662628174,True,23.383190649627178,1,9.765625e-05
1111100100,20436,"[1, 0, 2, 3]",315,333.06884765625,False,29.43633389082801,1,9.765625e-05
1111100100,20437,"[1, 0, 2, 3]",315,333.0821990966797,True,29.43633389082801,1,9.765625e-05
1010000011,20438,"[1, 0, 3, 2]",465,333.0998420715332,False,28.383190649627178,1,9.765625e-05
1010000011,20439,"[1, 0, 3, 2]",465,333.1131935119629,True,28.383190649627178,1,9.765625e-05
1111001100,20440,"[3, 1, 0, 2]",900,333.1310749053955,False,28.69192334160953,1,9.765625e-05
1111001100,20441,"[3, 1, 0, 2]",900,333.1441879272461,True,28.69192334160953,1,9.765625e-05
0000101010,20442,"[3, 2, 1, 0]",9600,333.1618309020996,False,29.161821869240917,1,9.765625e-05
0000101010,20443,"[3, 2, 1, 0]",9600,333.1751823425293,True,29.161821869240917,1,9.765625e-05
1101011000,20444,"[0, 3, 2, 1]",6300,333.1947326660156,False,20.226501930607157,1,9.765625e-05
1101011000,20445,"[0, 1, 3, 2]",465,333.2083225250244,True,20.226501930607157,1,9.765625e-05
1011111000,20446,"[2, 1, 3, 0]",9300,333.22596549987793,False,44.68064855291958,1,9.765625e-05
1011111000,20447,"[2, 1, 0, 3]",600,333.2393169403076,True,44.68064855291958,1,9.765625e-05
1110101101,20448,"[3, 0, 2, 1]",6300,333.25743675231934,False,42.72640604348025,1,9.765625e-05
1110101101,20449,"[3, 0, 1, 2]",750,333.2710266113281,True,42.72640604348025,1,9.765625e-05
0111111010,20450,"[2, 1, 3, 0]",9300,333.28866958618164,False,26.817921024601603,1,9.765625e-05
0111111010,20451,"[2, 1, 0, 3]",600,333.30225944519043,True,26.817921024601603,1,9.765625e-05
0110101111,20452,"[3, 2, 1, 0]",9600,333.32014083862305,False,22.909436005722952,1,9.765625e-05
0110101111,20453,"[3, 2, 1, 0]",9600,333.33349227905273,True,22.909436005722952,1,9.765625e-05
1011110100,20454,"[2, 1, 0, 3]",600,333.35113525390625,False,31.726406043480253,1,9.765625e-05
1011110100,20455,"[2, 1, 0, 3]",600,333.36472511291504,True,31.726406043480253,1,9.765625e-05
1100100011,20456,"[0, 2, 3, 1]",6200,333.38236808776855,False,15.69267904961742,1,9.765625e-05
1100100011,20457,"[0, 1, 2, 3]",315,333.39571952819824,True,15.69267904961742,1,9.765625e-05
1000000110,20458,"[0, 3, 2, 1]",6300,333.41336250305176,False,16.18188720114459,1,9.765625e-05
1000000110,20459,"[0, 1, 3, 2]",465,333.42671394348145,True,16.18188720114459,1,9.765625e-05
1011001000,20460,"[1, 3, 0, 2]",900,333.44459533691406,False,28.729152320431943,1,9.765625e-05
1011001000,20461,"[1, 0, 3, 2]",465,333.45818519592285,True,28.729152320431943,1,9.765625e-05
1100000010,20462,"[0, 3, 2, 1]",6300,333.47558975219727,False,13.0,1,9.765625e-05
1100000010,20463,"[0, 1, 3, 2]",465,333.48917961120605,True,13.0,1,9.765625e-05
1011101000,20464,"[1, 3, 2, 0]",9450,333.50682258605957,False,47.927709491962844,1,9.765625e-05
1011101000,20465,"[1, 0, 3, 2]",465,333.52041244506836,True,47.927709491962844,1,9.765625e-05
0001101010,20466,"[3, 2, 1, 0]",9600,333.5404396057129,False,20.54501251886809,1,9.765625e-05
0001101010,20467,"[3, 2, 1, 0]",9600,333.5537910461426,True,20.54501251886809,1,9.765625e-05
0111001111,20468,"[3, 1, 0, 2]",900,333.5719108581543,False,11.772648258957467,1,9.765625e-05
0111001111,20469,"[3, 1, 0, 2]",900,333.5855007171631,True,11.772648258957467,1,9.765625e-05
0101101010,20470,"[3, 2, 1, 0]",9600,333.6029052734375,False,17.897195036979454,1,9.765625e-05
0101101010,20471,"[3, 2, 1, 0]",9600,333.6162567138672,True,17.897195036979454,1,9.765625e-05
0111011101,20472,"[3, 1, 2, 0]",9450,333.6338996887207,False,24.675570466711093,1,9.765625e-05
0111011101,20473,"[3, 1, 0, 2]",900,333.6474895477295,True,24.675570466711093,1,9.765625e-05
0011011001,20474,"[1, 3, 2, 0]",9450,333.665132522583,False,15.221423844398668,1,9.765625e-05
0011011001,20475,"[1, 0, 3, 2]",465,333.67919921875,True,15.221423844398668,1,9.765625e-05
0111111001,20476,"[2, 1, 3, 0]",9300,333.6968421936035,False,25.772163534040928,1,9.765625e-05
0111111001,20477,"[2, 1, 0, 3]",600,333.7109088897705,True,25.772163534040928,1,9.765625e-05
1101101000,20478,"[0, 3, 2, 1]",6300,333.7283134460449,False,27.00980003851403,1,9.765625e-05
1101101000,20479,"[0, 1, 3, 2]",465,333.7421417236328,True,27.00980003851403,1,9.765625e-05
